Repetition,Result,Explanation,Example,Counterexample,Array/List(1/-1),Tag/Adjacency(1/-1),subgraph1,subgraph2,graph
0,"[('Culture of eating that promotes healthy choices', 'Obesity'), ('Depression', 'Cortisol'), ('Resilience', 'Cortisol'), ('Weight bias', 'Obesity'), ('Mental well-being', 'Concentration'), ('Control', 'Cortisol'), ('Socio-economic status', 'Obesity'), ('Medical perspective that thin is good', 'Obesity'), ('Cultural norms around thinness', 'Obesity'), ('Physical well-being', 'Ability to engage in physical activity'), ('Pressure to be thin', 'Obesity'), ('Stress', 'Cortisol'), ('Poor body image', 'Obesity'), ('Public health messaging around thinness', 'Obesity')]",-1,-1,-1,1,1,"[('Culture of eating that promotes healthy choices', 'Physical well-being'), ('Weight bias', 'Socio-economic status'), ('Mental well-being', 'Physical well-being'), ('Socio-economic status', 'Stress'), ('Control', 'Mental well-being'), ('Socio-economic status', 'Physical well-being'), ('Public health messaging around thinness', 'Weight bias'), ('Resilience', 'Mental well-being'), ('Medical perspective that thin is good', 'Public health messaging around thinness'), ('Weight bias', 'Depression'), ('Control', 'Stress'), ('Socio-economic status', 'Mental well-being'), ('Medical perspective that thin is good', 'Cultural norms around thinness'), ('Weight bias', 'Mental well-being'), ('Cultural norms around thinness', 'Cultural norms around thinness'), ('Cultural norms around thinness', 'Poor body image'), ('Weight bias', 'Stress'), ('Poor body image', 'Poor body image'), ('Socio-economic status', 'Control'), ('Weight bias', 'Poor body image'), ('Pressure to be thin', 'Poor body image'), ('Depression', 'Stress'), ('Poor body image', 'Depression'), ('Culture of eating that promotes healthy choices', 'Mental well-being'), ('Cultural norms around thinness', 'Pressure to be thin'), ('Public health messaging around thinness', 'Pressure to be thin'), ('Physical well-being', 'Mental well-being')]","[('Medications', 'Balance'), ('Secretion of inflammatory molecules by adipose cells', 'Insulin resistance'), ('Obesity', 'Obstructive sleep apnea'), ('Dyslipidemia', 'Blood pressure'), ('Obesity', 'Gastro-esophageal reflux disease'), ('Auto-inflammatory diseases', 'Inflammation'), ('Atherosclerosis', 'Coronary heart diseases'), ('Release of adipokines', 'Atherosclerosis'), ('Blood mono-unsaturated fatty acid level', 'Secretion of inflammatory molecules by adipose cells'), ('Insulin resistance', 'Fatty acids in the artery walls'), ('Insulin resistance', 'Cells intake of fatty acids'), ('Adipose storage of fatty acids', 'Inflammation'), ('Thoracic and abdominal obesity', 'Airway resistance'), ('Thoracic and abdominal obesity', 'Respiratory muscle fatigue'), ('Unhealthy weight control practices', 'Obesity'), ('Sodium retention', 'Blood pressure'), ('Short sleep duration', 'Pro-inflammatory cytokines'), ('Medications', 'Obesity'), ('Balance', 'Ability to engage in physical activity'), ('Short sleep duration', 'Cortisol'), ('Airway resistance', 'Asthma'), ('Short sleep duration', 'Blood pressure'), ('Fatty acids in the artery walls', 'Atherosclerosis'), ('Dyslipidemia', 'Insulin resistance'), ('Blood glucose level', 'Fatty acids in the artery walls'), ('Respiratory diseases', 'Ability to engage in physical activity'), ('Blood saturated fatty acid level', 'Secretion of inflammatory molecules by adipose cells'), ('Dysfunctional adipose tissue', 'Inflammation'), ('Coordination', 'Ability to engage in physical activity'), ('Obesity', 'Short sleep duration'), ('Inflammation', 'Asthma'), ('Coronary heart diseases', 'Dyspnea'), ('Tiredness', 'Ability to engage in physical activity'), ('Short sleep duration', 'Heart rate'), ('Blood fatty acid level', 'Blood glucose level'), ('Pro-inflammatory cytokines', 'Inflammation'), ('Respiratory muscle fatigue', 'Dyspnea'), ('Heart rate', 'Coronary heart diseases'), ('Medications', 'Coordination'), ('Beta blockers', 'Ability to engage in physical activity'), ('Sodium intake', 'Blood pressure'), ('Airway resistance', 'Asthma-like symptoms'), ('Medications', 'Concentration'), ('Cells intake of fatty acids', 'Adipose storage of fatty acids'), ('Physical pain', 'Ability to engage in physical activity'), ('Concentration', 'Ability to engage in physical activity'), ('Obesity', 'Release of adipokines'), ('Blood glucose level', 'Sodium retention'), ('Stimulants', 'Short sleep duration'), ('Obesity', 'Dysfunctional adipose tissue'), ('Medications', 'Tiredness'), ('Inflammation', 'Insulin resistance'), ('Inflammation', 'Auto-inflammatory diseases'), ('Blood fatty acid level', 'Adipose storage of fatty acids'), ('Dysfunctional adipose tissue', 'Blood pressure'), ('Dysfunctional adipose tissue', 'Dyslipidemia'), ('Obesity', 'Unhealthy weight control practices'), ('Obesity', 'Asthma-like symptoms'), ('Dyslipidemia', 'Atherosclerosis')]","[('Prevalence of walking trails', 'Quality of the sport infrastructure'), ('Medications', 'Balance'), ('Culture of eating that promotes healthy choices', 'Physical well-being'), ('Secretion of inflammatory molecules by adipose cells', 'Insulin resistance'), ('Presence of a vibrant community', 'Control'), ('Obesity', 'Weight bias'), ('Healthy eating', 'Blood mono-unsaturated fatty acid level'), ('Exercise', 'Heart rate'), ('Available time', 'Recreational physical activity'), ('Chronic conditions', 'Depression'), ('Exercise', 'Insulin resistance'), ('Weight bias', 'Socio-economic status'), ('Mental well-being', 'Physical well-being'), ('Obesity', 'Obstructive sleep apnea'), ('Eating disorders', 'Healthy eating'), ('Consumer demand for regulations', 'Marketing of healthy foods'), ('Dyslipidemia', 'Blood pressure'), ('Obesity', 'Gastro-esophageal reflux disease'), ('Perceived environmental safety', 'Mental well-being'), ('Late night TV watching', 'Short sleep duration'), ('Auto-inflammatory diseases', 'Inflammation'), ('Depression', 'Healthy eating'), ('Socio-economic status', 'Stress'), ('Exercise', 'Blood glucose level'), ('Public support and demand for healthy products', 'Marketing of healthy foods'), ('Unhealthy foods are cheaper than healthy ones', 'Supportive food environment'), ('Control', 'Mental well-being'), ('Atherosclerosis', 'Coronary heart diseases'), ('Socio-economic status', 'Physical well-being'), ('Ability to engage in physical activity', 'Physical activity'), ('Public health messaging around thinness', 'Weight bias'), ('Public support and demand for healthy products', 'Availability of healthy foods'), ('Release of adipokines', 'Atherosclerosis'), ('Consumer demand for regulations', 'Marketing of unhealthy foods'), ('Resilience', 'Mental well-being'), ('Blood mono-unsaturated fatty acid level', 'Secretion of inflammatory molecules by adipose cells'), ('Medical perspective that thin is good', 'Public health messaging around thinness'), ('Mental well-being', 'Medications'), ('Sexual difficulties', 'Mental well-being'), ('Insulin resistance', 'Fatty acids in the artery walls'), ('Insulin resistance', 'Cells intake of fatty acids'), ('Sidewalk prevalence and maintenance', 'Utilitarian physical activity '), ('Adipose storage of fatty acids', 'Inflammation'), ('Socio-economic status', 'Exercise'), ('Thoracic and abdominal obesity', 'Airway resistance'), ('Healthy eating', 'Short sleep duration'), ('Perceived environmental safety', 'Physical well-being'), ('Weight bias', 'Depression'), ('Emotional eating', 'Mental well-being'), ('Late night TV watching', 'Healthy eating'), ('Control', 'Stress'), ('Aesthetics', 'Physical well-being'), ('Economic incentives to produce unhealthy food products', 'Cost of unhealthy foods'), ('Supportive food environment', 'Healthy eating'), ('Appetite', 'Physical well-being'), ('Thoracic and abdominal obesity', 'Respiratory muscle fatigue'), ('Cardiovascular diseases', 'Fear of engaging in physical activity'), ('Socio-economic status', 'Mental well-being'), ('Unhealthy weight control practices', 'Obesity'), ('Exercise', 'Blood pressure'), ('Sodium retention', 'Blood pressure'), ('Short sleep duration', 'Pro-inflammatory cytokines'), ('Medications', 'Obesity'), ('Short sleep duration', 'Appetite'), ('Balance', 'Ability to engage in physical activity'), ('Short sleep duration', 'Cortisol'), ('Airway resistance', 'Asthma'), ('Short sleep duration', 'Blood pressure'), ('Medical perspective that thin is good', 'Cultural norms around thinness'), ('Healthy eating', 'Blood glucose level'), ('Mental well-being', 'Anticonvulsants'), ('Fatty acids in the artery walls', 'Atherosclerosis'), ('Dyslipidemia', 'Insulin resistance'), ('Blood glucose level', 'Fatty acids in the artery walls'), ('Respiratory diseases', 'Ability to engage in physical activity'), ('Blood saturated fatty acid level', 'Secretion of inflammatory molecules by adipose cells'), ('Dysfunctional adipose tissue', 'Inflammation'), ('Weight bias', 'Mental well-being'), ('Coordination', 'Ability to engage in physical activity'), ('Cultural norms around thinness', 'Cultural norms around thinness'), ('Cultural norms around thinness', 'Poor body image'), ('Obesity', 'Short sleep duration'), ('Inflammation', 'Asthma'), ('Healthy eating', 'Sodium intake'), ('Cultural norms around thinness', 'Eating disorders'), ('Poor body image', 'Sexual difficulties'), ('Fear of engaging in physical activity', 'Physical activity'), ('Short sleep duration', 'Healthy eating'), ('Coronary heart diseases', 'Dyspnea'), ('Stress', 'Inflammation'), ('Weight bias', 'Stress'), ('Unhealthy weight control practices', 'Eating disorders'), ('Tiredness', 'Ability to engage in physical activity'), ('Short sleep duration', 'Heart rate'), ('Prevalence of bike trails', 'Quality of the sport infrastructure'), ('Exercise', 'Blood fatty acid level'), ('Mental well-being', 'Emotional eating'), ('Poor body image', 'Poor body image'), ('Blood fatty acid level', 'Blood glucose level'), ('Cardiovascular diseases', 'Depression'), ('Pro-inflammatory cytokines', 'Inflammation'), ('Prevalence of green fields', 'Quality of the sport infrastructure'), ('Mental well-being', 'Antipsychotics'), ('Socio-economic status', 'Control'), ('Weight bias', 'Poor body image'), ('Positive experience of sports', 'Recreational physical activity'), ('Public support and demand for healthy products', 'Cost of healthy foods'), ('Socio-economic status', 'Availability of healthy foods'), ('Cardiovascular diseases', 'Physical well-being'), ('Respiratory muscle fatigue', 'Dyspnea'), ('Heart rate', 'Coronary heart diseases'), ('Pressure to be thin', 'Poor body image'), ('Medications', 'Coordination'), ('Beta blockers', 'Ability to engage in physical activity'), ('Antipsychotics', 'Appetite'), ('Sodium intake', 'Blood pressure'), ('Pressure to be thin', 'Unhealthy weight control practices'), ('Airway resistance', 'Asthma-like symptoms'), ('Depression', 'Stress'), ('Medications', 'Concentration'), ('Public support and demand for healthy products', 'Marketing of unhealthy foods'), ('Poor body image', 'Eating disorders'), ('Emotional eating', 'Healthy eating'), ('Obesity', 'Access to health professionals'), ('Obesity', 'Mental well-being'), ('Unhealthy foods are more available than healthy ones', 'Supportive food environment'), ('Healthy eating', 'Blood saturated fatty acid level'), ('Presence of a vibrant community', 'Resilience'), ('Cells intake of fatty acids', 'Adipose storage of fatty acids'), ('Physical activity', 'Physical well-being'), ('Appetite', 'Healthy eating'), ('Aesthetics', 'Stress'), ('Chronic conditions', 'Mental well-being'), ('Weight bias', 'Positive experience of sports'), ('Healthy eating', 'Dyslipidemia'), ('Quality of the sport infrastructure', 'Recreational physical activity'), ('Physical pain', 'Ability to engage in physical activity'), ('Prevalence of green fields', 'Aesthetics'), ('Concentration', 'Ability to engage in physical activity'), ('Aesthetics', 'Mental well-being'), ('Poor body image', 'Depression'), ('Chronic conditions', 'Physical well-being'), ('Obesity', 'Release of adipokines'), ('Blood glucose level', 'Sodium retention'), ('Restrictive covenants', 'Availability of healthy foods'), ('Musculoskeletal pain', 'Mental well-being'), ('Weight bias', 'Unhealthy weight control practices'), ('Physical activity', 'Mental well-being'), ('Access to health professionals', 'Ability to engage in physical activity'), ('Stimulants', 'Short sleep duration'), ('Culture of eating that promotes healthy choices', 'Healthy eating'), ('Culture of eating that promotes healthy choices', 'Mental well-being'), ('Weight bias', 'Exercise'), ('Obesity', 'Dysfunctional adipose tissue'), ('Medications', 'Tiredness'), ('Inflammation', 'Insulin resistance'), ('Anticonvulsants', 'Appetite'), ('Inflammation', 'Auto-inflammatory diseases'), ('Accessibility to shops', 'Utilitarian physical activity '), ('Blood fatty acid level', 'Adipose storage of fatty acids'), ('Perceived environmental safety', 'Physical activity'), ('Short sleep duration', 'Physical well-being'), ('Cultural norms around thinness', 'Pressure to be thin'), ('Weight bias', 'Access to health professionals'), ('Public health messaging around thinness', 'Pressure to be thin'), ('Dysfunctional adipose tissue', 'Blood pressure'), ('Dysfunctional adipose tissue', 'Dyslipidemia'), ('Aesthetics', 'Utilitarian physical activity '), ('Obesity', 'Unhealthy weight control practices'), ('Obesity', 'Asthma-like symptoms'), ('Marketing ratio of unhealthy to healthy foods', 'Supportive food environment'), ('Dyslipidemia', 'Atherosclerosis'), ('Physical well-being', 'Mental well-being'), ('Public support and demand for healthy products', 'Cost of unhealthy foods'), ('Musculoskeletal pain', 'Physical well-being'), ('Coronary heart diseases', 'Exercise')]"
1,"[('Culture of eating that promotes healthy choices', 'Obesity'), ('Depression', 'Cortisol'), ('Resilience', 'Cortisol'), ('Weight bias', 'Obesity'), ('Mental well-being', 'Concentration'), ('Control', 'Cortisol'), ('Socio-economic status', 'Obesity'), ('Medical perspective that thin is good', 'Obesity'), ('Cultural norms around thinness', 'Obesity'), ('Physical well-being', 'Ability to engage in physical activity'), ('Pressure to be thin', 'Obesity'), ('Stress', 'Cortisol'), ('Poor body image', 'Obesity'), ('Public health messaging around thinness', 'Obesity')]",-1,-1,-1,1,1,"[('Culture of eating that promotes healthy choices', 'Physical well-being'), ('Weight bias', 'Socio-economic status'), ('Mental well-being', 'Physical well-being'), ('Socio-economic status', 'Stress'), ('Control', 'Mental well-being'), ('Socio-economic status', 'Physical well-being'), ('Public health messaging around thinness', 'Weight bias'), ('Resilience', 'Mental well-being'), ('Medical perspective that thin is good', 'Public health messaging around thinness'), ('Weight bias', 'Depression'), ('Control', 'Stress'), ('Socio-economic status', 'Mental well-being'), ('Medical perspective that thin is good', 'Cultural norms around thinness'), ('Weight bias', 'Mental well-being'), ('Cultural norms around thinness', 'Cultural norms around thinness'), ('Cultural norms around thinness', 'Poor body image'), ('Weight bias', 'Stress'), ('Poor body image', 'Poor body image'), ('Socio-economic status', 'Control'), ('Weight bias', 'Poor body image'), ('Pressure to be thin', 'Poor body image'), ('Depression', 'Stress'), ('Poor body image', 'Depression'), ('Culture of eating that promotes healthy choices', 'Mental well-being'), ('Cultural norms around thinness', 'Pressure to be thin'), ('Public health messaging around thinness', 'Pressure to be thin'), ('Physical well-being', 'Mental well-being')]","[('Medications', 'Balance'), ('Secretion of inflammatory molecules by adipose cells', 'Insulin resistance'), ('Obesity', 'Obstructive sleep apnea'), ('Dyslipidemia', 'Blood pressure'), ('Obesity', 'Gastro-esophageal reflux disease'), ('Auto-inflammatory diseases', 'Inflammation'), ('Atherosclerosis', 'Coronary heart diseases'), ('Release of adipokines', 'Atherosclerosis'), ('Blood mono-unsaturated fatty acid level', 'Secretion of inflammatory molecules by adipose cells'), ('Insulin resistance', 'Fatty acids in the artery walls'), ('Insulin resistance', 'Cells intake of fatty acids'), ('Adipose storage of fatty acids', 'Inflammation'), ('Thoracic and abdominal obesity', 'Airway resistance'), ('Thoracic and abdominal obesity', 'Respiratory muscle fatigue'), ('Unhealthy weight control practices', 'Obesity'), ('Sodium retention', 'Blood pressure'), ('Short sleep duration', 'Pro-inflammatory cytokines'), ('Medications', 'Obesity'), ('Balance', 'Ability to engage in physical activity'), ('Short sleep duration', 'Cortisol'), ('Airway resistance', 'Asthma'), ('Short sleep duration', 'Blood pressure'), ('Fatty acids in the artery walls', 'Atherosclerosis'), ('Dyslipidemia', 'Insulin resistance'), ('Blood glucose level', 'Fatty acids in the artery walls'), ('Respiratory diseases', 'Ability to engage in physical activity'), ('Blood saturated fatty acid level', 'Secretion of inflammatory molecules by adipose cells'), ('Dysfunctional adipose tissue', 'Inflammation'), ('Coordination', 'Ability to engage in physical activity'), ('Obesity', 'Short sleep duration'), ('Inflammation', 'Asthma'), ('Coronary heart diseases', 'Dyspnea'), ('Tiredness', 'Ability to engage in physical activity'), ('Short sleep duration', 'Heart rate'), ('Blood fatty acid level', 'Blood glucose level'), ('Pro-inflammatory cytokines', 'Inflammation'), ('Respiratory muscle fatigue', 'Dyspnea'), ('Heart rate', 'Coronary heart diseases'), ('Medications', 'Coordination'), ('Beta blockers', 'Ability to engage in physical activity'), ('Sodium intake', 'Blood pressure'), ('Airway resistance', 'Asthma-like symptoms'), ('Medications', 'Concentration'), ('Cells intake of fatty acids', 'Adipose storage of fatty acids'), ('Physical pain', 'Ability to engage in physical activity'), ('Concentration', 'Ability to engage in physical activity'), ('Obesity', 'Release of adipokines'), ('Blood glucose level', 'Sodium retention'), ('Stimulants', 'Short sleep duration'), ('Obesity', 'Dysfunctional adipose tissue'), ('Medications', 'Tiredness'), ('Inflammation', 'Insulin resistance'), ('Inflammation', 'Auto-inflammatory diseases'), ('Blood fatty acid level', 'Adipose storage of fatty acids'), ('Dysfunctional adipose tissue', 'Blood pressure'), ('Dysfunctional adipose tissue', 'Dyslipidemia'), ('Obesity', 'Unhealthy weight control practices'), ('Obesity', 'Asthma-like symptoms'), ('Dyslipidemia', 'Atherosclerosis')]","[('Prevalence of walking trails', 'Quality of the sport infrastructure'), ('Medications', 'Balance'), ('Culture of eating that promotes healthy choices', 'Physical well-being'), ('Secretion of inflammatory molecules by adipose cells', 'Insulin resistance'), ('Presence of a vibrant community', 'Control'), ('Obesity', 'Weight bias'), ('Healthy eating', 'Blood mono-unsaturated fatty acid level'), ('Exercise', 'Heart rate'), ('Available time', 'Recreational physical activity'), ('Chronic conditions', 'Depression'), ('Exercise', 'Insulin resistance'), ('Weight bias', 'Socio-economic status'), ('Mental well-being', 'Physical well-being'), ('Obesity', 'Obstructive sleep apnea'), ('Eating disorders', 'Healthy eating'), ('Consumer demand for regulations', 'Marketing of healthy foods'), ('Dyslipidemia', 'Blood pressure'), ('Obesity', 'Gastro-esophageal reflux disease'), ('Perceived environmental safety', 'Mental well-being'), ('Late night TV watching', 'Short sleep duration'), ('Auto-inflammatory diseases', 'Inflammation'), ('Depression', 'Healthy eating'), ('Socio-economic status', 'Stress'), ('Exercise', 'Blood glucose level'), ('Public support and demand for healthy products', 'Marketing of healthy foods'), ('Unhealthy foods are cheaper than healthy ones', 'Supportive food environment'), ('Control', 'Mental well-being'), ('Atherosclerosis', 'Coronary heart diseases'), ('Socio-economic status', 'Physical well-being'), ('Ability to engage in physical activity', 'Physical activity'), ('Public health messaging around thinness', 'Weight bias'), ('Public support and demand for healthy products', 'Availability of healthy foods'), ('Release of adipokines', 'Atherosclerosis'), ('Consumer demand for regulations', 'Marketing of unhealthy foods'), ('Resilience', 'Mental well-being'), ('Blood mono-unsaturated fatty acid level', 'Secretion of inflammatory molecules by adipose cells'), ('Medical perspective that thin is good', 'Public health messaging around thinness'), ('Mental well-being', 'Medications'), ('Sexual difficulties', 'Mental well-being'), ('Insulin resistance', 'Fatty acids in the artery walls'), ('Insulin resistance', 'Cells intake of fatty acids'), ('Sidewalk prevalence and maintenance', 'Utilitarian physical activity '), ('Adipose storage of fatty acids', 'Inflammation'), ('Socio-economic status', 'Exercise'), ('Thoracic and abdominal obesity', 'Airway resistance'), ('Healthy eating', 'Short sleep duration'), ('Perceived environmental safety', 'Physical well-being'), ('Weight bias', 'Depression'), ('Emotional eating', 'Mental well-being'), ('Late night TV watching', 'Healthy eating'), ('Control', 'Stress'), ('Aesthetics', 'Physical well-being'), ('Economic incentives to produce unhealthy food products', 'Cost of unhealthy foods'), ('Supportive food environment', 'Healthy eating'), ('Appetite', 'Physical well-being'), ('Thoracic and abdominal obesity', 'Respiratory muscle fatigue'), ('Cardiovascular diseases', 'Fear of engaging in physical activity'), ('Socio-economic status', 'Mental well-being'), ('Unhealthy weight control practices', 'Obesity'), ('Exercise', 'Blood pressure'), ('Sodium retention', 'Blood pressure'), ('Short sleep duration', 'Pro-inflammatory cytokines'), ('Medications', 'Obesity'), ('Short sleep duration', 'Appetite'), ('Balance', 'Ability to engage in physical activity'), ('Short sleep duration', 'Cortisol'), ('Airway resistance', 'Asthma'), ('Short sleep duration', 'Blood pressure'), ('Medical perspective that thin is good', 'Cultural norms around thinness'), ('Healthy eating', 'Blood glucose level'), ('Mental well-being', 'Anticonvulsants'), ('Fatty acids in the artery walls', 'Atherosclerosis'), ('Dyslipidemia', 'Insulin resistance'), ('Blood glucose level', 'Fatty acids in the artery walls'), ('Respiratory diseases', 'Ability to engage in physical activity'), ('Blood saturated fatty acid level', 'Secretion of inflammatory molecules by adipose cells'), ('Dysfunctional adipose tissue', 'Inflammation'), ('Weight bias', 'Mental well-being'), ('Coordination', 'Ability to engage in physical activity'), ('Cultural norms around thinness', 'Cultural norms around thinness'), ('Cultural norms around thinness', 'Poor body image'), ('Obesity', 'Short sleep duration'), ('Inflammation', 'Asthma'), ('Healthy eating', 'Sodium intake'), ('Cultural norms around thinness', 'Eating disorders'), ('Poor body image', 'Sexual difficulties'), ('Fear of engaging in physical activity', 'Physical activity'), ('Short sleep duration', 'Healthy eating'), ('Coronary heart diseases', 'Dyspnea'), ('Stress', 'Inflammation'), ('Weight bias', 'Stress'), ('Unhealthy weight control practices', 'Eating disorders'), ('Tiredness', 'Ability to engage in physical activity'), ('Short sleep duration', 'Heart rate'), ('Prevalence of bike trails', 'Quality of the sport infrastructure'), ('Exercise', 'Blood fatty acid level'), ('Mental well-being', 'Emotional eating'), ('Poor body image', 'Poor body image'), ('Blood fatty acid level', 'Blood glucose level'), ('Cardiovascular diseases', 'Depression'), ('Pro-inflammatory cytokines', 'Inflammation'), ('Prevalence of green fields', 'Quality of the sport infrastructure'), ('Mental well-being', 'Antipsychotics'), ('Socio-economic status', 'Control'), ('Weight bias', 'Poor body image'), ('Positive experience of sports', 'Recreational physical activity'), ('Public support and demand for healthy products', 'Cost of healthy foods'), ('Socio-economic status', 'Availability of healthy foods'), ('Cardiovascular diseases', 'Physical well-being'), ('Respiratory muscle fatigue', 'Dyspnea'), ('Heart rate', 'Coronary heart diseases'), ('Pressure to be thin', 'Poor body image'), ('Medications', 'Coordination'), ('Beta blockers', 'Ability to engage in physical activity'), ('Antipsychotics', 'Appetite'), ('Sodium intake', 'Blood pressure'), ('Pressure to be thin', 'Unhealthy weight control practices'), ('Airway resistance', 'Asthma-like symptoms'), ('Depression', 'Stress'), ('Medications', 'Concentration'), ('Public support and demand for healthy products', 'Marketing of unhealthy foods'), ('Poor body image', 'Eating disorders'), ('Emotional eating', 'Healthy eating'), ('Obesity', 'Access to health professionals'), ('Obesity', 'Mental well-being'), ('Unhealthy foods are more available than healthy ones', 'Supportive food environment'), ('Healthy eating', 'Blood saturated fatty acid level'), ('Presence of a vibrant community', 'Resilience'), ('Cells intake of fatty acids', 'Adipose storage of fatty acids'), ('Physical activity', 'Physical well-being'), ('Appetite', 'Healthy eating'), ('Aesthetics', 'Stress'), ('Chronic conditions', 'Mental well-being'), ('Weight bias', 'Positive experience of sports'), ('Healthy eating', 'Dyslipidemia'), ('Quality of the sport infrastructure', 'Recreational physical activity'), ('Physical pain', 'Ability to engage in physical activity'), ('Prevalence of green fields', 'Aesthetics'), ('Concentration', 'Ability to engage in physical activity'), ('Aesthetics', 'Mental well-being'), ('Poor body image', 'Depression'), ('Chronic conditions', 'Physical well-being'), ('Obesity', 'Release of adipokines'), ('Blood glucose level', 'Sodium retention'), ('Restrictive covenants', 'Availability of healthy foods'), ('Musculoskeletal pain', 'Mental well-being'), ('Weight bias', 'Unhealthy weight control practices'), ('Physical activity', 'Mental well-being'), ('Access to health professionals', 'Ability to engage in physical activity'), ('Stimulants', 'Short sleep duration'), ('Culture of eating that promotes healthy choices', 'Healthy eating'), ('Culture of eating that promotes healthy choices', 'Mental well-being'), ('Weight bias', 'Exercise'), ('Obesity', 'Dysfunctional adipose tissue'), ('Medications', 'Tiredness'), ('Inflammation', 'Insulin resistance'), ('Anticonvulsants', 'Appetite'), ('Inflammation', 'Auto-inflammatory diseases'), ('Accessibility to shops', 'Utilitarian physical activity '), ('Blood fatty acid level', 'Adipose storage of fatty acids'), ('Perceived environmental safety', 'Physical activity'), ('Short sleep duration', 'Physical well-being'), ('Cultural norms around thinness', 'Pressure to be thin'), ('Weight bias', 'Access to health professionals'), ('Public health messaging around thinness', 'Pressure to be thin'), ('Dysfunctional adipose tissue', 'Blood pressure'), ('Dysfunctional adipose tissue', 'Dyslipidemia'), ('Aesthetics', 'Utilitarian physical activity '), ('Obesity', 'Unhealthy weight control practices'), ('Obesity', 'Asthma-like symptoms'), ('Marketing ratio of unhealthy to healthy foods', 'Supportive food environment'), ('Dyslipidemia', 'Atherosclerosis'), ('Physical well-being', 'Mental well-being'), ('Public support and demand for healthy products', 'Cost of unhealthy foods'), ('Musculoskeletal pain', 'Physical well-being'), ('Coronary heart diseases', 'Exercise')]"
2,"[('Culture of eating that promotes healthy choices', 'Obesity'), ('Depression', 'Cortisol'), ('Resilience', 'Cortisol'), ('Weight bias', 'Obesity'), ('Mental well-being', 'Concentration'), ('Control', 'Cortisol'), ('Socio-economic status', 'Obesity'), ('Medical perspective that thin is good', 'Obesity'), ('Cultural norms around thinness', 'Obesity'), ('Physical well-being', 'Ability to engage in physical activity'), ('Pressure to be thin', 'Obesity'), ('Stress', 'Cortisol'), ('Poor body image', 'Obesity'), ('Public health messaging around thinness', 'Obesity')]",-1,-1,-1,1,1,"[('Culture of eating that promotes healthy choices', 'Physical well-being'), ('Weight bias', 'Socio-economic status'), ('Mental well-being', 'Physical well-being'), ('Socio-economic status', 'Stress'), ('Control', 'Mental well-being'), ('Socio-economic status', 'Physical well-being'), ('Public health messaging around thinness', 'Weight bias'), ('Resilience', 'Mental well-being'), ('Medical perspective that thin is good', 'Public health messaging around thinness'), ('Weight bias', 'Depression'), ('Control', 'Stress'), ('Socio-economic status', 'Mental well-being'), ('Medical perspective that thin is good', 'Cultural norms around thinness'), ('Weight bias', 'Mental well-being'), ('Cultural norms around thinness', 'Cultural norms around thinness'), ('Cultural norms around thinness', 'Poor body image'), ('Weight bias', 'Stress'), ('Poor body image', 'Poor body image'), ('Socio-economic status', 'Control'), ('Weight bias', 'Poor body image'), ('Pressure to be thin', 'Poor body image'), ('Depression', 'Stress'), ('Poor body image', 'Depression'), ('Culture of eating that promotes healthy choices', 'Mental well-being'), ('Cultural norms around thinness', 'Pressure to be thin'), ('Public health messaging around thinness', 'Pressure to be thin'), ('Physical well-being', 'Mental well-being')]","[('Medications', 'Balance'), ('Secretion of inflammatory molecules by adipose cells', 'Insulin resistance'), ('Obesity', 'Obstructive sleep apnea'), ('Dyslipidemia', 'Blood pressure'), ('Obesity', 'Gastro-esophageal reflux disease'), ('Auto-inflammatory diseases', 'Inflammation'), ('Atherosclerosis', 'Coronary heart diseases'), ('Release of adipokines', 'Atherosclerosis'), ('Blood mono-unsaturated fatty acid level', 'Secretion of inflammatory molecules by adipose cells'), ('Insulin resistance', 'Fatty acids in the artery walls'), ('Insulin resistance', 'Cells intake of fatty acids'), ('Adipose storage of fatty acids', 'Inflammation'), ('Thoracic and abdominal obesity', 'Airway resistance'), ('Thoracic and abdominal obesity', 'Respiratory muscle fatigue'), ('Unhealthy weight control practices', 'Obesity'), ('Sodium retention', 'Blood pressure'), ('Short sleep duration', 'Pro-inflammatory cytokines'), ('Medications', 'Obesity'), ('Balance', 'Ability to engage in physical activity'), ('Short sleep duration', 'Cortisol'), ('Airway resistance', 'Asthma'), ('Short sleep duration', 'Blood pressure'), ('Fatty acids in the artery walls', 'Atherosclerosis'), ('Dyslipidemia', 'Insulin resistance'), ('Blood glucose level', 'Fatty acids in the artery walls'), ('Respiratory diseases', 'Ability to engage in physical activity'), ('Blood saturated fatty acid level', 'Secretion of inflammatory molecules by adipose cells'), ('Dysfunctional adipose tissue', 'Inflammation'), ('Coordination', 'Ability to engage in physical activity'), ('Obesity', 'Short sleep duration'), ('Inflammation', 'Asthma'), ('Coronary heart diseases', 'Dyspnea'), ('Tiredness', 'Ability to engage in physical activity'), ('Short sleep duration', 'Heart rate'), ('Blood fatty acid level', 'Blood glucose level'), ('Pro-inflammatory cytokines', 'Inflammation'), ('Respiratory muscle fatigue', 'Dyspnea'), ('Heart rate', 'Coronary heart diseases'), ('Medications', 'Coordination'), ('Beta blockers', 'Ability to engage in physical activity'), ('Sodium intake', 'Blood pressure'), ('Airway resistance', 'Asthma-like symptoms'), ('Medications', 'Concentration'), ('Cells intake of fatty acids', 'Adipose storage of fatty acids'), ('Physical pain', 'Ability to engage in physical activity'), ('Concentration', 'Ability to engage in physical activity'), ('Obesity', 'Release of adipokines'), ('Blood glucose level', 'Sodium retention'), ('Stimulants', 'Short sleep duration'), ('Obesity', 'Dysfunctional adipose tissue'), ('Medications', 'Tiredness'), ('Inflammation', 'Insulin resistance'), ('Inflammation', 'Auto-inflammatory diseases'), ('Blood fatty acid level', 'Adipose storage of fatty acids'), ('Dysfunctional adipose tissue', 'Blood pressure'), ('Dysfunctional adipose tissue', 'Dyslipidemia'), ('Obesity', 'Unhealthy weight control practices'), ('Obesity', 'Asthma-like symptoms'), ('Dyslipidemia', 'Atherosclerosis')]","[('Prevalence of walking trails', 'Quality of the sport infrastructure'), ('Medications', 'Balance'), ('Culture of eating that promotes healthy choices', 'Physical well-being'), ('Secretion of inflammatory molecules by adipose cells', 'Insulin resistance'), ('Presence of a vibrant community', 'Control'), ('Obesity', 'Weight bias'), ('Healthy eating', 'Blood mono-unsaturated fatty acid level'), ('Exercise', 'Heart rate'), ('Available time', 'Recreational physical activity'), ('Chronic conditions', 'Depression'), ('Exercise', 'Insulin resistance'), ('Weight bias', 'Socio-economic status'), ('Mental well-being', 'Physical well-being'), ('Obesity', 'Obstructive sleep apnea'), ('Eating disorders', 'Healthy eating'), ('Consumer demand for regulations', 'Marketing of healthy foods'), ('Dyslipidemia', 'Blood pressure'), ('Obesity', 'Gastro-esophageal reflux disease'), ('Perceived environmental safety', 'Mental well-being'), ('Late night TV watching', 'Short sleep duration'), ('Auto-inflammatory diseases', 'Inflammation'), ('Depression', 'Healthy eating'), ('Socio-economic status', 'Stress'), ('Exercise', 'Blood glucose level'), ('Public support and demand for healthy products', 'Marketing of healthy foods'), ('Unhealthy foods are cheaper than healthy ones', 'Supportive food environment'), ('Control', 'Mental well-being'), ('Atherosclerosis', 'Coronary heart diseases'), ('Socio-economic status', 'Physical well-being'), ('Ability to engage in physical activity', 'Physical activity'), ('Public health messaging around thinness', 'Weight bias'), ('Public support and demand for healthy products', 'Availability of healthy foods'), ('Release of adipokines', 'Atherosclerosis'), ('Consumer demand for regulations', 'Marketing of unhealthy foods'), ('Resilience', 'Mental well-being'), ('Blood mono-unsaturated fatty acid level', 'Secretion of inflammatory molecules by adipose cells'), ('Medical perspective that thin is good', 'Public health messaging around thinness'), ('Mental well-being', 'Medications'), ('Sexual difficulties', 'Mental well-being'), ('Insulin resistance', 'Fatty acids in the artery walls'), ('Insulin resistance', 'Cells intake of fatty acids'), ('Sidewalk prevalence and maintenance', 'Utilitarian physical activity '), ('Adipose storage of fatty acids', 'Inflammation'), ('Socio-economic status', 'Exercise'), ('Thoracic and abdominal obesity', 'Airway resistance'), ('Healthy eating', 'Short sleep duration'), ('Perceived environmental safety', 'Physical well-being'), ('Weight bias', 'Depression'), ('Emotional eating', 'Mental well-being'), ('Late night TV watching', 'Healthy eating'), ('Control', 'Stress'), ('Aesthetics', 'Physical well-being'), ('Economic incentives to produce unhealthy food products', 'Cost of unhealthy foods'), ('Supportive food environment', 'Healthy eating'), ('Appetite', 'Physical well-being'), ('Thoracic and abdominal obesity', 'Respiratory muscle fatigue'), ('Cardiovascular diseases', 'Fear of engaging in physical activity'), ('Socio-economic status', 'Mental well-being'), ('Unhealthy weight control practices', 'Obesity'), ('Exercise', 'Blood pressure'), ('Sodium retention', 'Blood pressure'), ('Short sleep duration', 'Pro-inflammatory cytokines'), ('Medications', 'Obesity'), ('Short sleep duration', 'Appetite'), ('Balance', 'Ability to engage in physical activity'), ('Short sleep duration', 'Cortisol'), ('Airway resistance', 'Asthma'), ('Short sleep duration', 'Blood pressure'), ('Medical perspective that thin is good', 'Cultural norms around thinness'), ('Healthy eating', 'Blood glucose level'), ('Mental well-being', 'Anticonvulsants'), ('Fatty acids in the artery walls', 'Atherosclerosis'), ('Dyslipidemia', 'Insulin resistance'), ('Blood glucose level', 'Fatty acids in the artery walls'), ('Respiratory diseases', 'Ability to engage in physical activity'), ('Blood saturated fatty acid level', 'Secretion of inflammatory molecules by adipose cells'), ('Dysfunctional adipose tissue', 'Inflammation'), ('Weight bias', 'Mental well-being'), ('Coordination', 'Ability to engage in physical activity'), ('Cultural norms around thinness', 'Cultural norms around thinness'), ('Cultural norms around thinness', 'Poor body image'), ('Obesity', 'Short sleep duration'), ('Inflammation', 'Asthma'), ('Healthy eating', 'Sodium intake'), ('Cultural norms around thinness', 'Eating disorders'), ('Poor body image', 'Sexual difficulties'), ('Fear of engaging in physical activity', 'Physical activity'), ('Short sleep duration', 'Healthy eating'), ('Coronary heart diseases', 'Dyspnea'), ('Stress', 'Inflammation'), ('Weight bias', 'Stress'), ('Unhealthy weight control practices', 'Eating disorders'), ('Tiredness', 'Ability to engage in physical activity'), ('Short sleep duration', 'Heart rate'), ('Prevalence of bike trails', 'Quality of the sport infrastructure'), ('Exercise', 'Blood fatty acid level'), ('Mental well-being', 'Emotional eating'), ('Poor body image', 'Poor body image'), ('Blood fatty acid level', 'Blood glucose level'), ('Cardiovascular diseases', 'Depression'), ('Pro-inflammatory cytokines', 'Inflammation'), ('Prevalence of green fields', 'Quality of the sport infrastructure'), ('Mental well-being', 'Antipsychotics'), ('Socio-economic status', 'Control'), ('Weight bias', 'Poor body image'), ('Positive experience of sports', 'Recreational physical activity'), ('Public support and demand for healthy products', 'Cost of healthy foods'), ('Socio-economic status', 'Availability of healthy foods'), ('Cardiovascular diseases', 'Physical well-being'), ('Respiratory muscle fatigue', 'Dyspnea'), ('Heart rate', 'Coronary heart diseases'), ('Pressure to be thin', 'Poor body image'), ('Medications', 'Coordination'), ('Beta blockers', 'Ability to engage in physical activity'), ('Antipsychotics', 'Appetite'), ('Sodium intake', 'Blood pressure'), ('Pressure to be thin', 'Unhealthy weight control practices'), ('Airway resistance', 'Asthma-like symptoms'), ('Depression', 'Stress'), ('Medications', 'Concentration'), ('Public support and demand for healthy products', 'Marketing of unhealthy foods'), ('Poor body image', 'Eating disorders'), ('Emotional eating', 'Healthy eating'), ('Obesity', 'Access to health professionals'), ('Obesity', 'Mental well-being'), ('Unhealthy foods are more available than healthy ones', 'Supportive food environment'), ('Healthy eating', 'Blood saturated fatty acid level'), ('Presence of a vibrant community', 'Resilience'), ('Cells intake of fatty acids', 'Adipose storage of fatty acids'), ('Physical activity', 'Physical well-being'), ('Appetite', 'Healthy eating'), ('Aesthetics', 'Stress'), ('Chronic conditions', 'Mental well-being'), ('Weight bias', 'Positive experience of sports'), ('Healthy eating', 'Dyslipidemia'), ('Quality of the sport infrastructure', 'Recreational physical activity'), ('Physical pain', 'Ability to engage in physical activity'), ('Prevalence of green fields', 'Aesthetics'), ('Concentration', 'Ability to engage in physical activity'), ('Aesthetics', 'Mental well-being'), ('Poor body image', 'Depression'), ('Chronic conditions', 'Physical well-being'), ('Obesity', 'Release of adipokines'), ('Blood glucose level', 'Sodium retention'), ('Restrictive covenants', 'Availability of healthy foods'), ('Musculoskeletal pain', 'Mental well-being'), ('Weight bias', 'Unhealthy weight control practices'), ('Physical activity', 'Mental well-being'), ('Access to health professionals', 'Ability to engage in physical activity'), ('Stimulants', 'Short sleep duration'), ('Culture of eating that promotes healthy choices', 'Healthy eating'), ('Culture of eating that promotes healthy choices', 'Mental well-being'), ('Weight bias', 'Exercise'), ('Obesity', 'Dysfunctional adipose tissue'), ('Medications', 'Tiredness'), ('Inflammation', 'Insulin resistance'), ('Anticonvulsants', 'Appetite'), ('Inflammation', 'Auto-inflammatory diseases'), ('Accessibility to shops', 'Utilitarian physical activity '), ('Blood fatty acid level', 'Adipose storage of fatty acids'), ('Perceived environmental safety', 'Physical activity'), ('Short sleep duration', 'Physical well-being'), ('Cultural norms around thinness', 'Pressure to be thin'), ('Weight bias', 'Access to health professionals'), ('Public health messaging around thinness', 'Pressure to be thin'), ('Dysfunctional adipose tissue', 'Blood pressure'), ('Dysfunctional adipose tissue', 'Dyslipidemia'), ('Aesthetics', 'Utilitarian physical activity '), ('Obesity', 'Unhealthy weight control practices'), ('Obesity', 'Asthma-like symptoms'), ('Marketing ratio of unhealthy to healthy foods', 'Supportive food environment'), ('Dyslipidemia', 'Atherosclerosis'), ('Physical well-being', 'Mental well-being'), ('Public support and demand for healthy products', 'Cost of unhealthy foods'), ('Musculoskeletal pain', 'Physical well-being'), ('Coronary heart diseases', 'Exercise')]"
3,"[('Culture of eating that promotes healthy choices', 'Obesity'), ('Depression', 'Cortisol'), ('Resilience', 'Cortisol'), ('Weight bias', 'Obesity'), ('Mental well-being', 'Concentration'), ('Control', 'Cortisol'), ('Socio-economic status', 'Obesity'), ('Medical perspective that thin is good', 'Obesity'), ('Cultural norms around thinness', 'Obesity'), ('Physical well-being', 'Ability to engage in physical activity'), ('Pressure to be thin', 'Obesity'), ('Stress', 'Cortisol'), ('Poor body image', 'Obesity'), ('Public health messaging around thinness', 'Obesity')]",-1,-1,-1,1,1,"[('Culture of eating that promotes healthy choices', 'Physical well-being'), ('Weight bias', 'Socio-economic status'), ('Mental well-being', 'Physical well-being'), ('Socio-economic status', 'Stress'), ('Control', 'Mental well-being'), ('Socio-economic status', 'Physical well-being'), ('Public health messaging around thinness', 'Weight bias'), ('Resilience', 'Mental well-being'), ('Medical perspective that thin is good', 'Public health messaging around thinness'), ('Weight bias', 'Depression'), ('Control', 'Stress'), ('Socio-economic status', 'Mental well-being'), ('Medical perspective that thin is good', 'Cultural norms around thinness'), ('Weight bias', 'Mental well-being'), ('Cultural norms around thinness', 'Cultural norms around thinness'), ('Cultural norms around thinness', 'Poor body image'), ('Weight bias', 'Stress'), ('Poor body image', 'Poor body image'), ('Socio-economic status', 'Control'), ('Weight bias', 'Poor body image'), ('Pressure to be thin', 'Poor body image'), ('Depression', 'Stress'), ('Poor body image', 'Depression'), ('Culture of eating that promotes healthy choices', 'Mental well-being'), ('Cultural norms around thinness', 'Pressure to be thin'), ('Public health messaging around thinness', 'Pressure to be thin'), ('Physical well-being', 'Mental well-being')]","[('Medications', 'Balance'), ('Secretion of inflammatory molecules by adipose cells', 'Insulin resistance'), ('Obesity', 'Obstructive sleep apnea'), ('Dyslipidemia', 'Blood pressure'), ('Obesity', 'Gastro-esophageal reflux disease'), ('Auto-inflammatory diseases', 'Inflammation'), ('Atherosclerosis', 'Coronary heart diseases'), ('Release of adipokines', 'Atherosclerosis'), ('Blood mono-unsaturated fatty acid level', 'Secretion of inflammatory molecules by adipose cells'), ('Insulin resistance', 'Fatty acids in the artery walls'), ('Insulin resistance', 'Cells intake of fatty acids'), ('Adipose storage of fatty acids', 'Inflammation'), ('Thoracic and abdominal obesity', 'Airway resistance'), ('Thoracic and abdominal obesity', 'Respiratory muscle fatigue'), ('Unhealthy weight control practices', 'Obesity'), ('Sodium retention', 'Blood pressure'), ('Short sleep duration', 'Pro-inflammatory cytokines'), ('Medications', 'Obesity'), ('Balance', 'Ability to engage in physical activity'), ('Short sleep duration', 'Cortisol'), ('Airway resistance', 'Asthma'), ('Short sleep duration', 'Blood pressure'), ('Fatty acids in the artery walls', 'Atherosclerosis'), ('Dyslipidemia', 'Insulin resistance'), ('Blood glucose level', 'Fatty acids in the artery walls'), ('Respiratory diseases', 'Ability to engage in physical activity'), ('Blood saturated fatty acid level', 'Secretion of inflammatory molecules by adipose cells'), ('Dysfunctional adipose tissue', 'Inflammation'), ('Coordination', 'Ability to engage in physical activity'), ('Obesity', 'Short sleep duration'), ('Inflammation', 'Asthma'), ('Coronary heart diseases', 'Dyspnea'), ('Tiredness', 'Ability to engage in physical activity'), ('Short sleep duration', 'Heart rate'), ('Blood fatty acid level', 'Blood glucose level'), ('Pro-inflammatory cytokines', 'Inflammation'), ('Respiratory muscle fatigue', 'Dyspnea'), ('Heart rate', 'Coronary heart diseases'), ('Medications', 'Coordination'), ('Beta blockers', 'Ability to engage in physical activity'), ('Sodium intake', 'Blood pressure'), ('Airway resistance', 'Asthma-like symptoms'), ('Medications', 'Concentration'), ('Cells intake of fatty acids', 'Adipose storage of fatty acids'), ('Physical pain', 'Ability to engage in physical activity'), ('Concentration', 'Ability to engage in physical activity'), ('Obesity', 'Release of adipokines'), ('Blood glucose level', 'Sodium retention'), ('Stimulants', 'Short sleep duration'), ('Obesity', 'Dysfunctional adipose tissue'), ('Medications', 'Tiredness'), ('Inflammation', 'Insulin resistance'), ('Inflammation', 'Auto-inflammatory diseases'), ('Blood fatty acid level', 'Adipose storage of fatty acids'), ('Dysfunctional adipose tissue', 'Blood pressure'), ('Dysfunctional adipose tissue', 'Dyslipidemia'), ('Obesity', 'Unhealthy weight control practices'), ('Obesity', 'Asthma-like symptoms'), ('Dyslipidemia', 'Atherosclerosis')]","[('Prevalence of walking trails', 'Quality of the sport infrastructure'), ('Medications', 'Balance'), ('Culture of eating that promotes healthy choices', 'Physical well-being'), ('Secretion of inflammatory molecules by adipose cells', 'Insulin resistance'), ('Presence of a vibrant community', 'Control'), ('Obesity', 'Weight bias'), ('Healthy eating', 'Blood mono-unsaturated fatty acid level'), ('Exercise', 'Heart rate'), ('Available time', 'Recreational physical activity'), ('Chronic conditions', 'Depression'), ('Exercise', 'Insulin resistance'), ('Weight bias', 'Socio-economic status'), ('Mental well-being', 'Physical well-being'), ('Obesity', 'Obstructive sleep apnea'), ('Eating disorders', 'Healthy eating'), ('Consumer demand for regulations', 'Marketing of healthy foods'), ('Dyslipidemia', 'Blood pressure'), ('Obesity', 'Gastro-esophageal reflux disease'), ('Perceived environmental safety', 'Mental well-being'), ('Late night TV watching', 'Short sleep duration'), ('Auto-inflammatory diseases', 'Inflammation'), ('Depression', 'Healthy eating'), ('Socio-economic status', 'Stress'), ('Exercise', 'Blood glucose level'), ('Public support and demand for healthy products', 'Marketing of healthy foods'), ('Unhealthy foods are cheaper than healthy ones', 'Supportive food environment'), ('Control', 'Mental well-being'), ('Atherosclerosis', 'Coronary heart diseases'), ('Socio-economic status', 'Physical well-being'), ('Ability to engage in physical activity', 'Physical activity'), ('Public health messaging around thinness', 'Weight bias'), ('Public support and demand for healthy products', 'Availability of healthy foods'), ('Release of adipokines', 'Atherosclerosis'), ('Consumer demand for regulations', 'Marketing of unhealthy foods'), ('Resilience', 'Mental well-being'), ('Blood mono-unsaturated fatty acid level', 'Secretion of inflammatory molecules by adipose cells'), ('Medical perspective that thin is good', 'Public health messaging around thinness'), ('Mental well-being', 'Medications'), ('Sexual difficulties', 'Mental well-being'), ('Insulin resistance', 'Fatty acids in the artery walls'), ('Insulin resistance', 'Cells intake of fatty acids'), ('Sidewalk prevalence and maintenance', 'Utilitarian physical activity '), ('Adipose storage of fatty acids', 'Inflammation'), ('Socio-economic status', 'Exercise'), ('Thoracic and abdominal obesity', 'Airway resistance'), ('Healthy eating', 'Short sleep duration'), ('Perceived environmental safety', 'Physical well-being'), ('Weight bias', 'Depression'), ('Emotional eating', 'Mental well-being'), ('Late night TV watching', 'Healthy eating'), ('Control', 'Stress'), ('Aesthetics', 'Physical well-being'), ('Economic incentives to produce unhealthy food products', 'Cost of unhealthy foods'), ('Supportive food environment', 'Healthy eating'), ('Appetite', 'Physical well-being'), ('Thoracic and abdominal obesity', 'Respiratory muscle fatigue'), ('Cardiovascular diseases', 'Fear of engaging in physical activity'), ('Socio-economic status', 'Mental well-being'), ('Unhealthy weight control practices', 'Obesity'), ('Exercise', 'Blood pressure'), ('Sodium retention', 'Blood pressure'), ('Short sleep duration', 'Pro-inflammatory cytokines'), ('Medications', 'Obesity'), ('Short sleep duration', 'Appetite'), ('Balance', 'Ability to engage in physical activity'), ('Short sleep duration', 'Cortisol'), ('Airway resistance', 'Asthma'), ('Short sleep duration', 'Blood pressure'), ('Medical perspective that thin is good', 'Cultural norms around thinness'), ('Healthy eating', 'Blood glucose level'), ('Mental well-being', 'Anticonvulsants'), ('Fatty acids in the artery walls', 'Atherosclerosis'), ('Dyslipidemia', 'Insulin resistance'), ('Blood glucose level', 'Fatty acids in the artery walls'), ('Respiratory diseases', 'Ability to engage in physical activity'), ('Blood saturated fatty acid level', 'Secretion of inflammatory molecules by adipose cells'), ('Dysfunctional adipose tissue', 'Inflammation'), ('Weight bias', 'Mental well-being'), ('Coordination', 'Ability to engage in physical activity'), ('Cultural norms around thinness', 'Cultural norms around thinness'), ('Cultural norms around thinness', 'Poor body image'), ('Obesity', 'Short sleep duration'), ('Inflammation', 'Asthma'), ('Healthy eating', 'Sodium intake'), ('Cultural norms around thinness', 'Eating disorders'), ('Poor body image', 'Sexual difficulties'), ('Fear of engaging in physical activity', 'Physical activity'), ('Short sleep duration', 'Healthy eating'), ('Coronary heart diseases', 'Dyspnea'), ('Stress', 'Inflammation'), ('Weight bias', 'Stress'), ('Unhealthy weight control practices', 'Eating disorders'), ('Tiredness', 'Ability to engage in physical activity'), ('Short sleep duration', 'Heart rate'), ('Prevalence of bike trails', 'Quality of the sport infrastructure'), ('Exercise', 'Blood fatty acid level'), ('Mental well-being', 'Emotional eating'), ('Poor body image', 'Poor body image'), ('Blood fatty acid level', 'Blood glucose level'), ('Cardiovascular diseases', 'Depression'), ('Pro-inflammatory cytokines', 'Inflammation'), ('Prevalence of green fields', 'Quality of the sport infrastructure'), ('Mental well-being', 'Antipsychotics'), ('Socio-economic status', 'Control'), ('Weight bias', 'Poor body image'), ('Positive experience of sports', 'Recreational physical activity'), ('Public support and demand for healthy products', 'Cost of healthy foods'), ('Socio-economic status', 'Availability of healthy foods'), ('Cardiovascular diseases', 'Physical well-being'), ('Respiratory muscle fatigue', 'Dyspnea'), ('Heart rate', 'Coronary heart diseases'), ('Pressure to be thin', 'Poor body image'), ('Medications', 'Coordination'), ('Beta blockers', 'Ability to engage in physical activity'), ('Antipsychotics', 'Appetite'), ('Sodium intake', 'Blood pressure'), ('Pressure to be thin', 'Unhealthy weight control practices'), ('Airway resistance', 'Asthma-like symptoms'), ('Depression', 'Stress'), ('Medications', 'Concentration'), ('Public support and demand for healthy products', 'Marketing of unhealthy foods'), ('Poor body image', 'Eating disorders'), ('Emotional eating', 'Healthy eating'), ('Obesity', 'Access to health professionals'), ('Obesity', 'Mental well-being'), ('Unhealthy foods are more available than healthy ones', 'Supportive food environment'), ('Healthy eating', 'Blood saturated fatty acid level'), ('Presence of a vibrant community', 'Resilience'), ('Cells intake of fatty acids', 'Adipose storage of fatty acids'), ('Physical activity', 'Physical well-being'), ('Appetite', 'Healthy eating'), ('Aesthetics', 'Stress'), ('Chronic conditions', 'Mental well-being'), ('Weight bias', 'Positive experience of sports'), ('Healthy eating', 'Dyslipidemia'), ('Quality of the sport infrastructure', 'Recreational physical activity'), ('Physical pain', 'Ability to engage in physical activity'), ('Prevalence of green fields', 'Aesthetics'), ('Concentration', 'Ability to engage in physical activity'), ('Aesthetics', 'Mental well-being'), ('Poor body image', 'Depression'), ('Chronic conditions', 'Physical well-being'), ('Obesity', 'Release of adipokines'), ('Blood glucose level', 'Sodium retention'), ('Restrictive covenants', 'Availability of healthy foods'), ('Musculoskeletal pain', 'Mental well-being'), ('Weight bias', 'Unhealthy weight control practices'), ('Physical activity', 'Mental well-being'), ('Access to health professionals', 'Ability to engage in physical activity'), ('Stimulants', 'Short sleep duration'), ('Culture of eating that promotes healthy choices', 'Healthy eating'), ('Culture of eating that promotes healthy choices', 'Mental well-being'), ('Weight bias', 'Exercise'), ('Obesity', 'Dysfunctional adipose tissue'), ('Medications', 'Tiredness'), ('Inflammation', 'Insulin resistance'), ('Anticonvulsants', 'Appetite'), ('Inflammation', 'Auto-inflammatory diseases'), ('Accessibility to shops', 'Utilitarian physical activity '), ('Blood fatty acid level', 'Adipose storage of fatty acids'), ('Perceived environmental safety', 'Physical activity'), ('Short sleep duration', 'Physical well-being'), ('Cultural norms around thinness', 'Pressure to be thin'), ('Weight bias', 'Access to health professionals'), ('Public health messaging around thinness', 'Pressure to be thin'), ('Dysfunctional adipose tissue', 'Blood pressure'), ('Dysfunctional adipose tissue', 'Dyslipidemia'), ('Aesthetics', 'Utilitarian physical activity '), ('Obesity', 'Unhealthy weight control practices'), ('Obesity', 'Asthma-like symptoms'), ('Marketing ratio of unhealthy to healthy foods', 'Supportive food environment'), ('Dyslipidemia', 'Atherosclerosis'), ('Physical well-being', 'Mental well-being'), ('Public support and demand for healthy products', 'Cost of unhealthy foods'), ('Musculoskeletal pain', 'Physical well-being'), ('Coronary heart diseases', 'Exercise')]"
4,"[('Culture of eating that promotes healthy choices', 'Obesity'), ('Depression', 'Cortisol'), ('Resilience', 'Cortisol'), ('Weight bias', 'Obesity'), ('Mental well-being', 'Concentration'), ('Control', 'Cortisol'), ('Socio-economic status', 'Obesity'), ('Medical perspective that thin is good', 'Obesity'), ('Cultural norms around thinness', 'Obesity'), ('Physical well-being', 'Ability to engage in physical activity'), ('Pressure to be thin', 'Obesity'), ('Stress', 'Cortisol'), ('Poor body image', 'Obesity'), ('Public health messaging around thinness', 'Obesity')]",-1,-1,-1,1,1,"[('Culture of eating that promotes healthy choices', 'Physical well-being'), ('Weight bias', 'Socio-economic status'), ('Mental well-being', 'Physical well-being'), ('Socio-economic status', 'Stress'), ('Control', 'Mental well-being'), ('Socio-economic status', 'Physical well-being'), ('Public health messaging around thinness', 'Weight bias'), ('Resilience', 'Mental well-being'), ('Medical perspective that thin is good', 'Public health messaging around thinness'), ('Weight bias', 'Depression'), ('Control', 'Stress'), ('Socio-economic status', 'Mental well-being'), ('Medical perspective that thin is good', 'Cultural norms around thinness'), ('Weight bias', 'Mental well-being'), ('Cultural norms around thinness', 'Cultural norms around thinness'), ('Cultural norms around thinness', 'Poor body image'), ('Weight bias', 'Stress'), ('Poor body image', 'Poor body image'), ('Socio-economic status', 'Control'), ('Weight bias', 'Poor body image'), ('Pressure to be thin', 'Poor body image'), ('Depression', 'Stress'), ('Poor body image', 'Depression'), ('Culture of eating that promotes healthy choices', 'Mental well-being'), ('Cultural norms around thinness', 'Pressure to be thin'), ('Public health messaging around thinness', 'Pressure to be thin'), ('Physical well-being', 'Mental well-being')]","[('Medications', 'Balance'), ('Secretion of inflammatory molecules by adipose cells', 'Insulin resistance'), ('Obesity', 'Obstructive sleep apnea'), ('Dyslipidemia', 'Blood pressure'), ('Obesity', 'Gastro-esophageal reflux disease'), ('Auto-inflammatory diseases', 'Inflammation'), ('Atherosclerosis', 'Coronary heart diseases'), ('Release of adipokines', 'Atherosclerosis'), ('Blood mono-unsaturated fatty acid level', 'Secretion of inflammatory molecules by adipose cells'), ('Insulin resistance', 'Fatty acids in the artery walls'), ('Insulin resistance', 'Cells intake of fatty acids'), ('Adipose storage of fatty acids', 'Inflammation'), ('Thoracic and abdominal obesity', 'Airway resistance'), ('Thoracic and abdominal obesity', 'Respiratory muscle fatigue'), ('Unhealthy weight control practices', 'Obesity'), ('Sodium retention', 'Blood pressure'), ('Short sleep duration', 'Pro-inflammatory cytokines'), ('Medications', 'Obesity'), ('Balance', 'Ability to engage in physical activity'), ('Short sleep duration', 'Cortisol'), ('Airway resistance', 'Asthma'), ('Short sleep duration', 'Blood pressure'), ('Fatty acids in the artery walls', 'Atherosclerosis'), ('Dyslipidemia', 'Insulin resistance'), ('Blood glucose level', 'Fatty acids in the artery walls'), ('Respiratory diseases', 'Ability to engage in physical activity'), ('Blood saturated fatty acid level', 'Secretion of inflammatory molecules by adipose cells'), ('Dysfunctional adipose tissue', 'Inflammation'), ('Coordination', 'Ability to engage in physical activity'), ('Obesity', 'Short sleep duration'), ('Inflammation', 'Asthma'), ('Coronary heart diseases', 'Dyspnea'), ('Tiredness', 'Ability to engage in physical activity'), ('Short sleep duration', 'Heart rate'), ('Blood fatty acid level', 'Blood glucose level'), ('Pro-inflammatory cytokines', 'Inflammation'), ('Respiratory muscle fatigue', 'Dyspnea'), ('Heart rate', 'Coronary heart diseases'), ('Medications', 'Coordination'), ('Beta blockers', 'Ability to engage in physical activity'), ('Sodium intake', 'Blood pressure'), ('Airway resistance', 'Asthma-like symptoms'), ('Medications', 'Concentration'), ('Cells intake of fatty acids', 'Adipose storage of fatty acids'), ('Physical pain', 'Ability to engage in physical activity'), ('Concentration', 'Ability to engage in physical activity'), ('Obesity', 'Release of adipokines'), ('Blood glucose level', 'Sodium retention'), ('Stimulants', 'Short sleep duration'), ('Obesity', 'Dysfunctional adipose tissue'), ('Medications', 'Tiredness'), ('Inflammation', 'Insulin resistance'), ('Inflammation', 'Auto-inflammatory diseases'), ('Blood fatty acid level', 'Adipose storage of fatty acids'), ('Dysfunctional adipose tissue', 'Blood pressure'), ('Dysfunctional adipose tissue', 'Dyslipidemia'), ('Obesity', 'Unhealthy weight control practices'), ('Obesity', 'Asthma-like symptoms'), ('Dyslipidemia', 'Atherosclerosis')]","[('Prevalence of walking trails', 'Quality of the sport infrastructure'), ('Medications', 'Balance'), ('Culture of eating that promotes healthy choices', 'Physical well-being'), ('Secretion of inflammatory molecules by adipose cells', 'Insulin resistance'), ('Presence of a vibrant community', 'Control'), ('Obesity', 'Weight bias'), ('Healthy eating', 'Blood mono-unsaturated fatty acid level'), ('Exercise', 'Heart rate'), ('Available time', 'Recreational physical activity'), ('Chronic conditions', 'Depression'), ('Exercise', 'Insulin resistance'), ('Weight bias', 'Socio-economic status'), ('Mental well-being', 'Physical well-being'), ('Obesity', 'Obstructive sleep apnea'), ('Eating disorders', 'Healthy eating'), ('Consumer demand for regulations', 'Marketing of healthy foods'), ('Dyslipidemia', 'Blood pressure'), ('Obesity', 'Gastro-esophageal reflux disease'), ('Perceived environmental safety', 'Mental well-being'), ('Late night TV watching', 'Short sleep duration'), ('Auto-inflammatory diseases', 'Inflammation'), ('Depression', 'Healthy eating'), ('Socio-economic status', 'Stress'), ('Exercise', 'Blood glucose level'), ('Public support and demand for healthy products', 'Marketing of healthy foods'), ('Unhealthy foods are cheaper than healthy ones', 'Supportive food environment'), ('Control', 'Mental well-being'), ('Atherosclerosis', 'Coronary heart diseases'), ('Socio-economic status', 'Physical well-being'), ('Ability to engage in physical activity', 'Physical activity'), ('Public health messaging around thinness', 'Weight bias'), ('Public support and demand for healthy products', 'Availability of healthy foods'), ('Release of adipokines', 'Atherosclerosis'), ('Consumer demand for regulations', 'Marketing of unhealthy foods'), ('Resilience', 'Mental well-being'), ('Blood mono-unsaturated fatty acid level', 'Secretion of inflammatory molecules by adipose cells'), ('Medical perspective that thin is good', 'Public health messaging around thinness'), ('Mental well-being', 'Medications'), ('Sexual difficulties', 'Mental well-being'), ('Insulin resistance', 'Fatty acids in the artery walls'), ('Insulin resistance', 'Cells intake of fatty acids'), ('Sidewalk prevalence and maintenance', 'Utilitarian physical activity '), ('Adipose storage of fatty acids', 'Inflammation'), ('Socio-economic status', 'Exercise'), ('Thoracic and abdominal obesity', 'Airway resistance'), ('Healthy eating', 'Short sleep duration'), ('Perceived environmental safety', 'Physical well-being'), ('Weight bias', 'Depression'), ('Emotional eating', 'Mental well-being'), ('Late night TV watching', 'Healthy eating'), ('Control', 'Stress'), ('Aesthetics', 'Physical well-being'), ('Economic incentives to produce unhealthy food products', 'Cost of unhealthy foods'), ('Supportive food environment', 'Healthy eating'), ('Appetite', 'Physical well-being'), ('Thoracic and abdominal obesity', 'Respiratory muscle fatigue'), ('Cardiovascular diseases', 'Fear of engaging in physical activity'), ('Socio-economic status', 'Mental well-being'), ('Unhealthy weight control practices', 'Obesity'), ('Exercise', 'Blood pressure'), ('Sodium retention', 'Blood pressure'), ('Short sleep duration', 'Pro-inflammatory cytokines'), ('Medications', 'Obesity'), ('Short sleep duration', 'Appetite'), ('Balance', 'Ability to engage in physical activity'), ('Short sleep duration', 'Cortisol'), ('Airway resistance', 'Asthma'), ('Short sleep duration', 'Blood pressure'), ('Medical perspective that thin is good', 'Cultural norms around thinness'), ('Healthy eating', 'Blood glucose level'), ('Mental well-being', 'Anticonvulsants'), ('Fatty acids in the artery walls', 'Atherosclerosis'), ('Dyslipidemia', 'Insulin resistance'), ('Blood glucose level', 'Fatty acids in the artery walls'), ('Respiratory diseases', 'Ability to engage in physical activity'), ('Blood saturated fatty acid level', 'Secretion of inflammatory molecules by adipose cells'), ('Dysfunctional adipose tissue', 'Inflammation'), ('Weight bias', 'Mental well-being'), ('Coordination', 'Ability to engage in physical activity'), ('Cultural norms around thinness', 'Cultural norms around thinness'), ('Cultural norms around thinness', 'Poor body image'), ('Obesity', 'Short sleep duration'), ('Inflammation', 'Asthma'), ('Healthy eating', 'Sodium intake'), ('Cultural norms around thinness', 'Eating disorders'), ('Poor body image', 'Sexual difficulties'), ('Fear of engaging in physical activity', 'Physical activity'), ('Short sleep duration', 'Healthy eating'), ('Coronary heart diseases', 'Dyspnea'), ('Stress', 'Inflammation'), ('Weight bias', 'Stress'), ('Unhealthy weight control practices', 'Eating disorders'), ('Tiredness', 'Ability to engage in physical activity'), ('Short sleep duration', 'Heart rate'), ('Prevalence of bike trails', 'Quality of the sport infrastructure'), ('Exercise', 'Blood fatty acid level'), ('Mental well-being', 'Emotional eating'), ('Poor body image', 'Poor body image'), ('Blood fatty acid level', 'Blood glucose level'), ('Cardiovascular diseases', 'Depression'), ('Pro-inflammatory cytokines', 'Inflammation'), ('Prevalence of green fields', 'Quality of the sport infrastructure'), ('Mental well-being', 'Antipsychotics'), ('Socio-economic status', 'Control'), ('Weight bias', 'Poor body image'), ('Positive experience of sports', 'Recreational physical activity'), ('Public support and demand for healthy products', 'Cost of healthy foods'), ('Socio-economic status', 'Availability of healthy foods'), ('Cardiovascular diseases', 'Physical well-being'), ('Respiratory muscle fatigue', 'Dyspnea'), ('Heart rate', 'Coronary heart diseases'), ('Pressure to be thin', 'Poor body image'), ('Medications', 'Coordination'), ('Beta blockers', 'Ability to engage in physical activity'), ('Antipsychotics', 'Appetite'), ('Sodium intake', 'Blood pressure'), ('Pressure to be thin', 'Unhealthy weight control practices'), ('Airway resistance', 'Asthma-like symptoms'), ('Depression', 'Stress'), ('Medications', 'Concentration'), ('Public support and demand for healthy products', 'Marketing of unhealthy foods'), ('Poor body image', 'Eating disorders'), ('Emotional eating', 'Healthy eating'), ('Obesity', 'Access to health professionals'), ('Obesity', 'Mental well-being'), ('Unhealthy foods are more available than healthy ones', 'Supportive food environment'), ('Healthy eating', 'Blood saturated fatty acid level'), ('Presence of a vibrant community', 'Resilience'), ('Cells intake of fatty acids', 'Adipose storage of fatty acids'), ('Physical activity', 'Physical well-being'), ('Appetite', 'Healthy eating'), ('Aesthetics', 'Stress'), ('Chronic conditions', 'Mental well-being'), ('Weight bias', 'Positive experience of sports'), ('Healthy eating', 'Dyslipidemia'), ('Quality of the sport infrastructure', 'Recreational physical activity'), ('Physical pain', 'Ability to engage in physical activity'), ('Prevalence of green fields', 'Aesthetics'), ('Concentration', 'Ability to engage in physical activity'), ('Aesthetics', 'Mental well-being'), ('Poor body image', 'Depression'), ('Chronic conditions', 'Physical well-being'), ('Obesity', 'Release of adipokines'), ('Blood glucose level', 'Sodium retention'), ('Restrictive covenants', 'Availability of healthy foods'), ('Musculoskeletal pain', 'Mental well-being'), ('Weight bias', 'Unhealthy weight control practices'), ('Physical activity', 'Mental well-being'), ('Access to health professionals', 'Ability to engage in physical activity'), ('Stimulants', 'Short sleep duration'), ('Culture of eating that promotes healthy choices', 'Healthy eating'), ('Culture of eating that promotes healthy choices', 'Mental well-being'), ('Weight bias', 'Exercise'), ('Obesity', 'Dysfunctional adipose tissue'), ('Medications', 'Tiredness'), ('Inflammation', 'Insulin resistance'), ('Anticonvulsants', 'Appetite'), ('Inflammation', 'Auto-inflammatory diseases'), ('Accessibility to shops', 'Utilitarian physical activity '), ('Blood fatty acid level', 'Adipose storage of fatty acids'), ('Perceived environmental safety', 'Physical activity'), ('Short sleep duration', 'Physical well-being'), ('Cultural norms around thinness', 'Pressure to be thin'), ('Weight bias', 'Access to health professionals'), ('Public health messaging around thinness', 'Pressure to be thin'), ('Dysfunctional adipose tissue', 'Blood pressure'), ('Dysfunctional adipose tissue', 'Dyslipidemia'), ('Aesthetics', 'Utilitarian physical activity '), ('Obesity', 'Unhealthy weight control practices'), ('Obesity', 'Asthma-like symptoms'), ('Marketing ratio of unhealthy to healthy foods', 'Supportive food environment'), ('Dyslipidemia', 'Atherosclerosis'), ('Physical well-being', 'Mental well-being'), ('Public support and demand for healthy products', 'Cost of unhealthy foods'), ('Musculoskeletal pain', 'Physical well-being'), ('Coronary heart diseases', 'Exercise')]"
0,"[('Stress', 'Insulin resistance'), ('Socio-economic status', 'Short sleep duration'), ('Resilience', 'Coronary heart diseases'), ('Mental well-being', 'Inflammation'), ('Public health messaging around thinness', 'Unhealthy weight control practices'), ('Weight bias', 'Blood glucose level'), ('Control', 'Blood pressure'), ('Poor body image', 'Dysfunctional adipose tissue'), ('Physical well-being', 'Ability to engage in physical activity'), ('Pressure to be thin', 'Dyslipidemia'), ('Depression', 'Pro-inflammatory cytokines')]",-1,-1,-1,-1,1,"[('Culture of eating that promotes healthy choices', 'Physical well-being'), ('Weight bias', 'Socio-economic status'), ('Mental well-being', 'Physical well-being'), ('Socio-economic status', 'Stress'), ('Control', 'Mental well-being'), ('Socio-economic status', 'Physical well-being'), ('Public health messaging around thinness', 'Weight bias'), ('Resilience', 'Mental well-being'), ('Medical perspective that thin is good', 'Public health messaging around thinness'), ('Weight bias', 'Depression'), ('Control', 'Stress'), ('Socio-economic status', 'Mental well-being'), ('Medical perspective that thin is good', 'Cultural norms around thinness'), ('Weight bias', 'Mental well-being'), ('Cultural norms around thinness', 'Cultural norms around thinness'), ('Cultural norms around thinness', 'Poor body image'), ('Weight bias', 'Stress'), ('Poor body image', 'Poor body image'), ('Socio-economic status', 'Control'), ('Weight bias', 'Poor body image'), ('Pressure to be thin', 'Poor body image'), ('Depression', 'Stress'), ('Poor body image', 'Depression'), ('Culture of eating that promotes healthy choices', 'Mental well-being'), ('Cultural norms around thinness', 'Pressure to be thin'), ('Public health messaging around thinness', 'Pressure to be thin'), ('Physical well-being', 'Mental well-being')]","[('Medications', 'Balance'), ('Secretion of inflammatory molecules by adipose cells', 'Insulin resistance'), ('Obesity', 'Obstructive sleep apnea'), ('Dyslipidemia', 'Blood pressure'), ('Obesity', 'Gastro-esophageal reflux disease'), ('Auto-inflammatory diseases', 'Inflammation'), ('Atherosclerosis', 'Coronary heart diseases'), ('Release of adipokines', 'Atherosclerosis'), ('Blood mono-unsaturated fatty acid level', 'Secretion of inflammatory molecules by adipose cells'), ('Insulin resistance', 'Fatty acids in the artery walls'), ('Insulin resistance', 'Cells intake of fatty acids'), ('Adipose storage of fatty acids', 'Inflammation'), ('Thoracic and abdominal obesity', 'Airway resistance'), ('Thoracic and abdominal obesity', 'Respiratory muscle fatigue'), ('Unhealthy weight control practices', 'Obesity'), ('Sodium retention', 'Blood pressure'), ('Short sleep duration', 'Pro-inflammatory cytokines'), ('Medications', 'Obesity'), ('Balance', 'Ability to engage in physical activity'), ('Short sleep duration', 'Cortisol'), ('Airway resistance', 'Asthma'), ('Short sleep duration', 'Blood pressure'), ('Fatty acids in the artery walls', 'Atherosclerosis'), ('Dyslipidemia', 'Insulin resistance'), ('Blood glucose level', 'Fatty acids in the artery walls'), ('Respiratory diseases', 'Ability to engage in physical activity'), ('Blood saturated fatty acid level', 'Secretion of inflammatory molecules by adipose cells'), ('Dysfunctional adipose tissue', 'Inflammation'), ('Coordination', 'Ability to engage in physical activity'), ('Obesity', 'Short sleep duration'), ('Inflammation', 'Asthma'), ('Coronary heart diseases', 'Dyspnea'), ('Tiredness', 'Ability to engage in physical activity'), ('Short sleep duration', 'Heart rate'), ('Blood fatty acid level', 'Blood glucose level'), ('Pro-inflammatory cytokines', 'Inflammation'), ('Respiratory muscle fatigue', 'Dyspnea'), ('Heart rate', 'Coronary heart diseases'), ('Medications', 'Coordination'), ('Beta blockers', 'Ability to engage in physical activity'), ('Sodium intake', 'Blood pressure'), ('Airway resistance', 'Asthma-like symptoms'), ('Medications', 'Concentration'), ('Cells intake of fatty acids', 'Adipose storage of fatty acids'), ('Physical pain', 'Ability to engage in physical activity'), ('Concentration', 'Ability to engage in physical activity'), ('Obesity', 'Release of adipokines'), ('Blood glucose level', 'Sodium retention'), ('Stimulants', 'Short sleep duration'), ('Obesity', 'Dysfunctional adipose tissue'), ('Medications', 'Tiredness'), ('Inflammation', 'Insulin resistance'), ('Inflammation', 'Auto-inflammatory diseases'), ('Blood fatty acid level', 'Adipose storage of fatty acids'), ('Dysfunctional adipose tissue', 'Blood pressure'), ('Dysfunctional adipose tissue', 'Dyslipidemia'), ('Obesity', 'Unhealthy weight control practices'), ('Obesity', 'Asthma-like symptoms'), ('Dyslipidemia', 'Atherosclerosis')]","[('Prevalence of walking trails', 'Quality of the sport infrastructure'), ('Medications', 'Balance'), ('Culture of eating that promotes healthy choices', 'Physical well-being'), ('Secretion of inflammatory molecules by adipose cells', 'Insulin resistance'), ('Presence of a vibrant community', 'Control'), ('Obesity', 'Weight bias'), ('Healthy eating', 'Blood mono-unsaturated fatty acid level'), ('Exercise', 'Heart rate'), ('Available time', 'Recreational physical activity'), ('Chronic conditions', 'Depression'), ('Exercise', 'Insulin resistance'), ('Weight bias', 'Socio-economic status'), ('Mental well-being', 'Physical well-being'), ('Obesity', 'Obstructive sleep apnea'), ('Eating disorders', 'Healthy eating'), ('Consumer demand for regulations', 'Marketing of healthy foods'), ('Dyslipidemia', 'Blood pressure'), ('Obesity', 'Gastro-esophageal reflux disease'), ('Perceived environmental safety', 'Mental well-being'), ('Late night TV watching', 'Short sleep duration'), ('Auto-inflammatory diseases', 'Inflammation'), ('Depression', 'Healthy eating'), ('Socio-economic status', 'Stress'), ('Exercise', 'Blood glucose level'), ('Public support and demand for healthy products', 'Marketing of healthy foods'), ('Unhealthy foods are cheaper than healthy ones', 'Supportive food environment'), ('Control', 'Mental well-being'), ('Atherosclerosis', 'Coronary heart diseases'), ('Socio-economic status', 'Physical well-being'), ('Ability to engage in physical activity', 'Physical activity'), ('Public health messaging around thinness', 'Weight bias'), ('Public support and demand for healthy products', 'Availability of healthy foods'), ('Release of adipokines', 'Atherosclerosis'), ('Consumer demand for regulations', 'Marketing of unhealthy foods'), ('Resilience', 'Mental well-being'), ('Blood mono-unsaturated fatty acid level', 'Secretion of inflammatory molecules by adipose cells'), ('Medical perspective that thin is good', 'Public health messaging around thinness'), ('Mental well-being', 'Medications'), ('Sexual difficulties', 'Mental well-being'), ('Insulin resistance', 'Fatty acids in the artery walls'), ('Insulin resistance', 'Cells intake of fatty acids'), ('Sidewalk prevalence and maintenance', 'Utilitarian physical activity '), ('Adipose storage of fatty acids', 'Inflammation'), ('Socio-economic status', 'Exercise'), ('Thoracic and abdominal obesity', 'Airway resistance'), ('Healthy eating', 'Short sleep duration'), ('Perceived environmental safety', 'Physical well-being'), ('Weight bias', 'Depression'), ('Emotional eating', 'Mental well-being'), ('Late night TV watching', 'Healthy eating'), ('Control', 'Stress'), ('Aesthetics', 'Physical well-being'), ('Economic incentives to produce unhealthy food products', 'Cost of unhealthy foods'), ('Supportive food environment', 'Healthy eating'), ('Appetite', 'Physical well-being'), ('Thoracic and abdominal obesity', 'Respiratory muscle fatigue'), ('Cardiovascular diseases', 'Fear of engaging in physical activity'), ('Socio-economic status', 'Mental well-being'), ('Unhealthy weight control practices', 'Obesity'), ('Exercise', 'Blood pressure'), ('Sodium retention', 'Blood pressure'), ('Short sleep duration', 'Pro-inflammatory cytokines'), ('Medications', 'Obesity'), ('Short sleep duration', 'Appetite'), ('Balance', 'Ability to engage in physical activity'), ('Short sleep duration', 'Cortisol'), ('Airway resistance', 'Asthma'), ('Short sleep duration', 'Blood pressure'), ('Medical perspective that thin is good', 'Cultural norms around thinness'), ('Healthy eating', 'Blood glucose level'), ('Mental well-being', 'Anticonvulsants'), ('Fatty acids in the artery walls', 'Atherosclerosis'), ('Dyslipidemia', 'Insulin resistance'), ('Blood glucose level', 'Fatty acids in the artery walls'), ('Respiratory diseases', 'Ability to engage in physical activity'), ('Blood saturated fatty acid level', 'Secretion of inflammatory molecules by adipose cells'), ('Dysfunctional adipose tissue', 'Inflammation'), ('Weight bias', 'Mental well-being'), ('Coordination', 'Ability to engage in physical activity'), ('Cultural norms around thinness', 'Cultural norms around thinness'), ('Cultural norms around thinness', 'Poor body image'), ('Obesity', 'Short sleep duration'), ('Inflammation', 'Asthma'), ('Healthy eating', 'Sodium intake'), ('Cultural norms around thinness', 'Eating disorders'), ('Poor body image', 'Sexual difficulties'), ('Fear of engaging in physical activity', 'Physical activity'), ('Short sleep duration', 'Healthy eating'), ('Coronary heart diseases', 'Dyspnea'), ('Stress', 'Inflammation'), ('Weight bias', 'Stress'), ('Unhealthy weight control practices', 'Eating disorders'), ('Tiredness', 'Ability to engage in physical activity'), ('Short sleep duration', 'Heart rate'), ('Prevalence of bike trails', 'Quality of the sport infrastructure'), ('Exercise', 'Blood fatty acid level'), ('Mental well-being', 'Emotional eating'), ('Poor body image', 'Poor body image'), ('Blood fatty acid level', 'Blood glucose level'), ('Cardiovascular diseases', 'Depression'), ('Pro-inflammatory cytokines', 'Inflammation'), ('Prevalence of green fields', 'Quality of the sport infrastructure'), ('Mental well-being', 'Antipsychotics'), ('Socio-economic status', 'Control'), ('Weight bias', 'Poor body image'), ('Positive experience of sports', 'Recreational physical activity'), ('Public support and demand for healthy products', 'Cost of healthy foods'), ('Socio-economic status', 'Availability of healthy foods'), ('Cardiovascular diseases', 'Physical well-being'), ('Respiratory muscle fatigue', 'Dyspnea'), ('Heart rate', 'Coronary heart diseases'), ('Pressure to be thin', 'Poor body image'), ('Medications', 'Coordination'), ('Beta blockers', 'Ability to engage in physical activity'), ('Antipsychotics', 'Appetite'), ('Sodium intake', 'Blood pressure'), ('Pressure to be thin', 'Unhealthy weight control practices'), ('Airway resistance', 'Asthma-like symptoms'), ('Depression', 'Stress'), ('Medications', 'Concentration'), ('Public support and demand for healthy products', 'Marketing of unhealthy foods'), ('Poor body image', 'Eating disorders'), ('Emotional eating', 'Healthy eating'), ('Obesity', 'Access to health professionals'), ('Obesity', 'Mental well-being'), ('Unhealthy foods are more available than healthy ones', 'Supportive food environment'), ('Healthy eating', 'Blood saturated fatty acid level'), ('Presence of a vibrant community', 'Resilience'), ('Cells intake of fatty acids', 'Adipose storage of fatty acids'), ('Physical activity', 'Physical well-being'), ('Appetite', 'Healthy eating'), ('Aesthetics', 'Stress'), ('Chronic conditions', 'Mental well-being'), ('Weight bias', 'Positive experience of sports'), ('Healthy eating', 'Dyslipidemia'), ('Quality of the sport infrastructure', 'Recreational physical activity'), ('Physical pain', 'Ability to engage in physical activity'), ('Prevalence of green fields', 'Aesthetics'), ('Concentration', 'Ability to engage in physical activity'), ('Aesthetics', 'Mental well-being'), ('Poor body image', 'Depression'), ('Chronic conditions', 'Physical well-being'), ('Obesity', 'Release of adipokines'), ('Blood glucose level', 'Sodium retention'), ('Restrictive covenants', 'Availability of healthy foods'), ('Musculoskeletal pain', 'Mental well-being'), ('Weight bias', 'Unhealthy weight control practices'), ('Physical activity', 'Mental well-being'), ('Access to health professionals', 'Ability to engage in physical activity'), ('Stimulants', 'Short sleep duration'), ('Culture of eating that promotes healthy choices', 'Healthy eating'), ('Culture of eating that promotes healthy choices', 'Mental well-being'), ('Weight bias', 'Exercise'), ('Obesity', 'Dysfunctional adipose tissue'), ('Medications', 'Tiredness'), ('Inflammation', 'Insulin resistance'), ('Anticonvulsants', 'Appetite'), ('Inflammation', 'Auto-inflammatory diseases'), ('Accessibility to shops', 'Utilitarian physical activity '), ('Blood fatty acid level', 'Adipose storage of fatty acids'), ('Perceived environmental safety', 'Physical activity'), ('Short sleep duration', 'Physical well-being'), ('Cultural norms around thinness', 'Pressure to be thin'), ('Weight bias', 'Access to health professionals'), ('Public health messaging around thinness', 'Pressure to be thin'), ('Dysfunctional adipose tissue', 'Blood pressure'), ('Dysfunctional adipose tissue', 'Dyslipidemia'), ('Aesthetics', 'Utilitarian physical activity '), ('Obesity', 'Unhealthy weight control practices'), ('Obesity', 'Asthma-like symptoms'), ('Marketing ratio of unhealthy to healthy foods', 'Supportive food environment'), ('Dyslipidemia', 'Atherosclerosis'), ('Physical well-being', 'Mental well-being'), ('Public support and demand for healthy products', 'Cost of unhealthy foods'), ('Musculoskeletal pain', 'Physical well-being'), ('Coronary heart diseases', 'Exercise')]"
1,"[('Stress', 'Insulin resistance'), ('Socio-economic status', 'Short sleep duration'), ('Resilience', 'Coronary heart diseases'), ('Mental well-being', 'Inflammation'), ('Public health messaging around thinness', 'Unhealthy weight control practices'), ('Weight bias', 'Blood glucose level'), ('Control', 'Blood pressure'), ('Poor body image', 'Dysfunctional adipose tissue'), ('Physical well-being', 'Ability to engage in physical activity'), ('Pressure to be thin', 'Dyslipidemia'), ('Depression', 'Pro-inflammatory cytokines')]",-1,-1,-1,-1,1,"[('Culture of eating that promotes healthy choices', 'Physical well-being'), ('Weight bias', 'Socio-economic status'), ('Mental well-being', 'Physical well-being'), ('Socio-economic status', 'Stress'), ('Control', 'Mental well-being'), ('Socio-economic status', 'Physical well-being'), ('Public health messaging around thinness', 'Weight bias'), ('Resilience', 'Mental well-being'), ('Medical perspective that thin is good', 'Public health messaging around thinness'), ('Weight bias', 'Depression'), ('Control', 'Stress'), ('Socio-economic status', 'Mental well-being'), ('Medical perspective that thin is good', 'Cultural norms around thinness'), ('Weight bias', 'Mental well-being'), ('Cultural norms around thinness', 'Cultural norms around thinness'), ('Cultural norms around thinness', 'Poor body image'), ('Weight bias', 'Stress'), ('Poor body image', 'Poor body image'), ('Socio-economic status', 'Control'), ('Weight bias', 'Poor body image'), ('Pressure to be thin', 'Poor body image'), ('Depression', 'Stress'), ('Poor body image', 'Depression'), ('Culture of eating that promotes healthy choices', 'Mental well-being'), ('Cultural norms around thinness', 'Pressure to be thin'), ('Public health messaging around thinness', 'Pressure to be thin'), ('Physical well-being', 'Mental well-being')]","[('Medications', 'Balance'), ('Secretion of inflammatory molecules by adipose cells', 'Insulin resistance'), ('Obesity', 'Obstructive sleep apnea'), ('Dyslipidemia', 'Blood pressure'), ('Obesity', 'Gastro-esophageal reflux disease'), ('Auto-inflammatory diseases', 'Inflammation'), ('Atherosclerosis', 'Coronary heart diseases'), ('Release of adipokines', 'Atherosclerosis'), ('Blood mono-unsaturated fatty acid level', 'Secretion of inflammatory molecules by adipose cells'), ('Insulin resistance', 'Fatty acids in the artery walls'), ('Insulin resistance', 'Cells intake of fatty acids'), ('Adipose storage of fatty acids', 'Inflammation'), ('Thoracic and abdominal obesity', 'Airway resistance'), ('Thoracic and abdominal obesity', 'Respiratory muscle fatigue'), ('Unhealthy weight control practices', 'Obesity'), ('Sodium retention', 'Blood pressure'), ('Short sleep duration', 'Pro-inflammatory cytokines'), ('Medications', 'Obesity'), ('Balance', 'Ability to engage in physical activity'), ('Short sleep duration', 'Cortisol'), ('Airway resistance', 'Asthma'), ('Short sleep duration', 'Blood pressure'), ('Fatty acids in the artery walls', 'Atherosclerosis'), ('Dyslipidemia', 'Insulin resistance'), ('Blood glucose level', 'Fatty acids in the artery walls'), ('Respiratory diseases', 'Ability to engage in physical activity'), ('Blood saturated fatty acid level', 'Secretion of inflammatory molecules by adipose cells'), ('Dysfunctional adipose tissue', 'Inflammation'), ('Coordination', 'Ability to engage in physical activity'), ('Obesity', 'Short sleep duration'), ('Inflammation', 'Asthma'), ('Coronary heart diseases', 'Dyspnea'), ('Tiredness', 'Ability to engage in physical activity'), ('Short sleep duration', 'Heart rate'), ('Blood fatty acid level', 'Blood glucose level'), ('Pro-inflammatory cytokines', 'Inflammation'), ('Respiratory muscle fatigue', 'Dyspnea'), ('Heart rate', 'Coronary heart diseases'), ('Medications', 'Coordination'), ('Beta blockers', 'Ability to engage in physical activity'), ('Sodium intake', 'Blood pressure'), ('Airway resistance', 'Asthma-like symptoms'), ('Medications', 'Concentration'), ('Cells intake of fatty acids', 'Adipose storage of fatty acids'), ('Physical pain', 'Ability to engage in physical activity'), ('Concentration', 'Ability to engage in physical activity'), ('Obesity', 'Release of adipokines'), ('Blood glucose level', 'Sodium retention'), ('Stimulants', 'Short sleep duration'), ('Obesity', 'Dysfunctional adipose tissue'), ('Medications', 'Tiredness'), ('Inflammation', 'Insulin resistance'), ('Inflammation', 'Auto-inflammatory diseases'), ('Blood fatty acid level', 'Adipose storage of fatty acids'), ('Dysfunctional adipose tissue', 'Blood pressure'), ('Dysfunctional adipose tissue', 'Dyslipidemia'), ('Obesity', 'Unhealthy weight control practices'), ('Obesity', 'Asthma-like symptoms'), ('Dyslipidemia', 'Atherosclerosis')]","[('Prevalence of walking trails', 'Quality of the sport infrastructure'), ('Medications', 'Balance'), ('Culture of eating that promotes healthy choices', 'Physical well-being'), ('Secretion of inflammatory molecules by adipose cells', 'Insulin resistance'), ('Presence of a vibrant community', 'Control'), ('Obesity', 'Weight bias'), ('Healthy eating', 'Blood mono-unsaturated fatty acid level'), ('Exercise', 'Heart rate'), ('Available time', 'Recreational physical activity'), ('Chronic conditions', 'Depression'), ('Exercise', 'Insulin resistance'), ('Weight bias', 'Socio-economic status'), ('Mental well-being', 'Physical well-being'), ('Obesity', 'Obstructive sleep apnea'), ('Eating disorders', 'Healthy eating'), ('Consumer demand for regulations', 'Marketing of healthy foods'), ('Dyslipidemia', 'Blood pressure'), ('Obesity', 'Gastro-esophageal reflux disease'), ('Perceived environmental safety', 'Mental well-being'), ('Late night TV watching', 'Short sleep duration'), ('Auto-inflammatory diseases', 'Inflammation'), ('Depression', 'Healthy eating'), ('Socio-economic status', 'Stress'), ('Exercise', 'Blood glucose level'), ('Public support and demand for healthy products', 'Marketing of healthy foods'), ('Unhealthy foods are cheaper than healthy ones', 'Supportive food environment'), ('Control', 'Mental well-being'), ('Atherosclerosis', 'Coronary heart diseases'), ('Socio-economic status', 'Physical well-being'), ('Ability to engage in physical activity', 'Physical activity'), ('Public health messaging around thinness', 'Weight bias'), ('Public support and demand for healthy products', 'Availability of healthy foods'), ('Release of adipokines', 'Atherosclerosis'), ('Consumer demand for regulations', 'Marketing of unhealthy foods'), ('Resilience', 'Mental well-being'), ('Blood mono-unsaturated fatty acid level', 'Secretion of inflammatory molecules by adipose cells'), ('Medical perspective that thin is good', 'Public health messaging around thinness'), ('Mental well-being', 'Medications'), ('Sexual difficulties', 'Mental well-being'), ('Insulin resistance', 'Fatty acids in the artery walls'), ('Insulin resistance', 'Cells intake of fatty acids'), ('Sidewalk prevalence and maintenance', 'Utilitarian physical activity '), ('Adipose storage of fatty acids', 'Inflammation'), ('Socio-economic status', 'Exercise'), ('Thoracic and abdominal obesity', 'Airway resistance'), ('Healthy eating', 'Short sleep duration'), ('Perceived environmental safety', 'Physical well-being'), ('Weight bias', 'Depression'), ('Emotional eating', 'Mental well-being'), ('Late night TV watching', 'Healthy eating'), ('Control', 'Stress'), ('Aesthetics', 'Physical well-being'), ('Economic incentives to produce unhealthy food products', 'Cost of unhealthy foods'), ('Supportive food environment', 'Healthy eating'), ('Appetite', 'Physical well-being'), ('Thoracic and abdominal obesity', 'Respiratory muscle fatigue'), ('Cardiovascular diseases', 'Fear of engaging in physical activity'), ('Socio-economic status', 'Mental well-being'), ('Unhealthy weight control practices', 'Obesity'), ('Exercise', 'Blood pressure'), ('Sodium retention', 'Blood pressure'), ('Short sleep duration', 'Pro-inflammatory cytokines'), ('Medications', 'Obesity'), ('Short sleep duration', 'Appetite'), ('Balance', 'Ability to engage in physical activity'), ('Short sleep duration', 'Cortisol'), ('Airway resistance', 'Asthma'), ('Short sleep duration', 'Blood pressure'), ('Medical perspective that thin is good', 'Cultural norms around thinness'), ('Healthy eating', 'Blood glucose level'), ('Mental well-being', 'Anticonvulsants'), ('Fatty acids in the artery walls', 'Atherosclerosis'), ('Dyslipidemia', 'Insulin resistance'), ('Blood glucose level', 'Fatty acids in the artery walls'), ('Respiratory diseases', 'Ability to engage in physical activity'), ('Blood saturated fatty acid level', 'Secretion of inflammatory molecules by adipose cells'), ('Dysfunctional adipose tissue', 'Inflammation'), ('Weight bias', 'Mental well-being'), ('Coordination', 'Ability to engage in physical activity'), ('Cultural norms around thinness', 'Cultural norms around thinness'), ('Cultural norms around thinness', 'Poor body image'), ('Obesity', 'Short sleep duration'), ('Inflammation', 'Asthma'), ('Healthy eating', 'Sodium intake'), ('Cultural norms around thinness', 'Eating disorders'), ('Poor body image', 'Sexual difficulties'), ('Fear of engaging in physical activity', 'Physical activity'), ('Short sleep duration', 'Healthy eating'), ('Coronary heart diseases', 'Dyspnea'), ('Stress', 'Inflammation'), ('Weight bias', 'Stress'), ('Unhealthy weight control practices', 'Eating disorders'), ('Tiredness', 'Ability to engage in physical activity'), ('Short sleep duration', 'Heart rate'), ('Prevalence of bike trails', 'Quality of the sport infrastructure'), ('Exercise', 'Blood fatty acid level'), ('Mental well-being', 'Emotional eating'), ('Poor body image', 'Poor body image'), ('Blood fatty acid level', 'Blood glucose level'), ('Cardiovascular diseases', 'Depression'), ('Pro-inflammatory cytokines', 'Inflammation'), ('Prevalence of green fields', 'Quality of the sport infrastructure'), ('Mental well-being', 'Antipsychotics'), ('Socio-economic status', 'Control'), ('Weight bias', 'Poor body image'), ('Positive experience of sports', 'Recreational physical activity'), ('Public support and demand for healthy products', 'Cost of healthy foods'), ('Socio-economic status', 'Availability of healthy foods'), ('Cardiovascular diseases', 'Physical well-being'), ('Respiratory muscle fatigue', 'Dyspnea'), ('Heart rate', 'Coronary heart diseases'), ('Pressure to be thin', 'Poor body image'), ('Medications', 'Coordination'), ('Beta blockers', 'Ability to engage in physical activity'), ('Antipsychotics', 'Appetite'), ('Sodium intake', 'Blood pressure'), ('Pressure to be thin', 'Unhealthy weight control practices'), ('Airway resistance', 'Asthma-like symptoms'), ('Depression', 'Stress'), ('Medications', 'Concentration'), ('Public support and demand for healthy products', 'Marketing of unhealthy foods'), ('Poor body image', 'Eating disorders'), ('Emotional eating', 'Healthy eating'), ('Obesity', 'Access to health professionals'), ('Obesity', 'Mental well-being'), ('Unhealthy foods are more available than healthy ones', 'Supportive food environment'), ('Healthy eating', 'Blood saturated fatty acid level'), ('Presence of a vibrant community', 'Resilience'), ('Cells intake of fatty acids', 'Adipose storage of fatty acids'), ('Physical activity', 'Physical well-being'), ('Appetite', 'Healthy eating'), ('Aesthetics', 'Stress'), ('Chronic conditions', 'Mental well-being'), ('Weight bias', 'Positive experience of sports'), ('Healthy eating', 'Dyslipidemia'), ('Quality of the sport infrastructure', 'Recreational physical activity'), ('Physical pain', 'Ability to engage in physical activity'), ('Prevalence of green fields', 'Aesthetics'), ('Concentration', 'Ability to engage in physical activity'), ('Aesthetics', 'Mental well-being'), ('Poor body image', 'Depression'), ('Chronic conditions', 'Physical well-being'), ('Obesity', 'Release of adipokines'), ('Blood glucose level', 'Sodium retention'), ('Restrictive covenants', 'Availability of healthy foods'), ('Musculoskeletal pain', 'Mental well-being'), ('Weight bias', 'Unhealthy weight control practices'), ('Physical activity', 'Mental well-being'), ('Access to health professionals', 'Ability to engage in physical activity'), ('Stimulants', 'Short sleep duration'), ('Culture of eating that promotes healthy choices', 'Healthy eating'), ('Culture of eating that promotes healthy choices', 'Mental well-being'), ('Weight bias', 'Exercise'), ('Obesity', 'Dysfunctional adipose tissue'), ('Medications', 'Tiredness'), ('Inflammation', 'Insulin resistance'), ('Anticonvulsants', 'Appetite'), ('Inflammation', 'Auto-inflammatory diseases'), ('Accessibility to shops', 'Utilitarian physical activity '), ('Blood fatty acid level', 'Adipose storage of fatty acids'), ('Perceived environmental safety', 'Physical activity'), ('Short sleep duration', 'Physical well-being'), ('Cultural norms around thinness', 'Pressure to be thin'), ('Weight bias', 'Access to health professionals'), ('Public health messaging around thinness', 'Pressure to be thin'), ('Dysfunctional adipose tissue', 'Blood pressure'), ('Dysfunctional adipose tissue', 'Dyslipidemia'), ('Aesthetics', 'Utilitarian physical activity '), ('Obesity', 'Unhealthy weight control practices'), ('Obesity', 'Asthma-like symptoms'), ('Marketing ratio of unhealthy to healthy foods', 'Supportive food environment'), ('Dyslipidemia', 'Atherosclerosis'), ('Physical well-being', 'Mental well-being'), ('Public support and demand for healthy products', 'Cost of unhealthy foods'), ('Musculoskeletal pain', 'Physical well-being'), ('Coronary heart diseases', 'Exercise')]"
2,"[('Stress', 'Insulin resistance'), ('Socio-economic status', 'Short sleep duration'), ('Resilience', 'Coronary heart diseases'), ('Mental well-being', 'Inflammation'), ('Public health messaging around thinness', 'Unhealthy weight control practices'), ('Weight bias', 'Blood glucose level'), ('Control', 'Blood pressure'), ('Poor body image', 'Dysfunctional adipose tissue'), ('Physical well-being', 'Ability to engage in physical activity'), ('Pressure to be thin', 'Dyslipidemia'), ('Depression', 'Pro-inflammatory cytokines')]",-1,-1,-1,-1,1,"[('Culture of eating that promotes healthy choices', 'Physical well-being'), ('Weight bias', 'Socio-economic status'), ('Mental well-being', 'Physical well-being'), ('Socio-economic status', 'Stress'), ('Control', 'Mental well-being'), ('Socio-economic status', 'Physical well-being'), ('Public health messaging around thinness', 'Weight bias'), ('Resilience', 'Mental well-being'), ('Medical perspective that thin is good', 'Public health messaging around thinness'), ('Weight bias', 'Depression'), ('Control', 'Stress'), ('Socio-economic status', 'Mental well-being'), ('Medical perspective that thin is good', 'Cultural norms around thinness'), ('Weight bias', 'Mental well-being'), ('Cultural norms around thinness', 'Cultural norms around thinness'), ('Cultural norms around thinness', 'Poor body image'), ('Weight bias', 'Stress'), ('Poor body image', 'Poor body image'), ('Socio-economic status', 'Control'), ('Weight bias', 'Poor body image'), ('Pressure to be thin', 'Poor body image'), ('Depression', 'Stress'), ('Poor body image', 'Depression'), ('Culture of eating that promotes healthy choices', 'Mental well-being'), ('Cultural norms around thinness', 'Pressure to be thin'), ('Public health messaging around thinness', 'Pressure to be thin'), ('Physical well-being', 'Mental well-being')]","[('Medications', 'Balance'), ('Secretion of inflammatory molecules by adipose cells', 'Insulin resistance'), ('Obesity', 'Obstructive sleep apnea'), ('Dyslipidemia', 'Blood pressure'), ('Obesity', 'Gastro-esophageal reflux disease'), ('Auto-inflammatory diseases', 'Inflammation'), ('Atherosclerosis', 'Coronary heart diseases'), ('Release of adipokines', 'Atherosclerosis'), ('Blood mono-unsaturated fatty acid level', 'Secretion of inflammatory molecules by adipose cells'), ('Insulin resistance', 'Fatty acids in the artery walls'), ('Insulin resistance', 'Cells intake of fatty acids'), ('Adipose storage of fatty acids', 'Inflammation'), ('Thoracic and abdominal obesity', 'Airway resistance'), ('Thoracic and abdominal obesity', 'Respiratory muscle fatigue'), ('Unhealthy weight control practices', 'Obesity'), ('Sodium retention', 'Blood pressure'), ('Short sleep duration', 'Pro-inflammatory cytokines'), ('Medications', 'Obesity'), ('Balance', 'Ability to engage in physical activity'), ('Short sleep duration', 'Cortisol'), ('Airway resistance', 'Asthma'), ('Short sleep duration', 'Blood pressure'), ('Fatty acids in the artery walls', 'Atherosclerosis'), ('Dyslipidemia', 'Insulin resistance'), ('Blood glucose level', 'Fatty acids in the artery walls'), ('Respiratory diseases', 'Ability to engage in physical activity'), ('Blood saturated fatty acid level', 'Secretion of inflammatory molecules by adipose cells'), ('Dysfunctional adipose tissue', 'Inflammation'), ('Coordination', 'Ability to engage in physical activity'), ('Obesity', 'Short sleep duration'), ('Inflammation', 'Asthma'), ('Coronary heart diseases', 'Dyspnea'), ('Tiredness', 'Ability to engage in physical activity'), ('Short sleep duration', 'Heart rate'), ('Blood fatty acid level', 'Blood glucose level'), ('Pro-inflammatory cytokines', 'Inflammation'), ('Respiratory muscle fatigue', 'Dyspnea'), ('Heart rate', 'Coronary heart diseases'), ('Medications', 'Coordination'), ('Beta blockers', 'Ability to engage in physical activity'), ('Sodium intake', 'Blood pressure'), ('Airway resistance', 'Asthma-like symptoms'), ('Medications', 'Concentration'), ('Cells intake of fatty acids', 'Adipose storage of fatty acids'), ('Physical pain', 'Ability to engage in physical activity'), ('Concentration', 'Ability to engage in physical activity'), ('Obesity', 'Release of adipokines'), ('Blood glucose level', 'Sodium retention'), ('Stimulants', 'Short sleep duration'), ('Obesity', 'Dysfunctional adipose tissue'), ('Medications', 'Tiredness'), ('Inflammation', 'Insulin resistance'), ('Inflammation', 'Auto-inflammatory diseases'), ('Blood fatty acid level', 'Adipose storage of fatty acids'), ('Dysfunctional adipose tissue', 'Blood pressure'), ('Dysfunctional adipose tissue', 'Dyslipidemia'), ('Obesity', 'Unhealthy weight control practices'), ('Obesity', 'Asthma-like symptoms'), ('Dyslipidemia', 'Atherosclerosis')]","[('Prevalence of walking trails', 'Quality of the sport infrastructure'), ('Medications', 'Balance'), ('Culture of eating that promotes healthy choices', 'Physical well-being'), ('Secretion of inflammatory molecules by adipose cells', 'Insulin resistance'), ('Presence of a vibrant community', 'Control'), ('Obesity', 'Weight bias'), ('Healthy eating', 'Blood mono-unsaturated fatty acid level'), ('Exercise', 'Heart rate'), ('Available time', 'Recreational physical activity'), ('Chronic conditions', 'Depression'), ('Exercise', 'Insulin resistance'), ('Weight bias', 'Socio-economic status'), ('Mental well-being', 'Physical well-being'), ('Obesity', 'Obstructive sleep apnea'), ('Eating disorders', 'Healthy eating'), ('Consumer demand for regulations', 'Marketing of healthy foods'), ('Dyslipidemia', 'Blood pressure'), ('Obesity', 'Gastro-esophageal reflux disease'), ('Perceived environmental safety', 'Mental well-being'), ('Late night TV watching', 'Short sleep duration'), ('Auto-inflammatory diseases', 'Inflammation'), ('Depression', 'Healthy eating'), ('Socio-economic status', 'Stress'), ('Exercise', 'Blood glucose level'), ('Public support and demand for healthy products', 'Marketing of healthy foods'), ('Unhealthy foods are cheaper than healthy ones', 'Supportive food environment'), ('Control', 'Mental well-being'), ('Atherosclerosis', 'Coronary heart diseases'), ('Socio-economic status', 'Physical well-being'), ('Ability to engage in physical activity', 'Physical activity'), ('Public health messaging around thinness', 'Weight bias'), ('Public support and demand for healthy products', 'Availability of healthy foods'), ('Release of adipokines', 'Atherosclerosis'), ('Consumer demand for regulations', 'Marketing of unhealthy foods'), ('Resilience', 'Mental well-being'), ('Blood mono-unsaturated fatty acid level', 'Secretion of inflammatory molecules by adipose cells'), ('Medical perspective that thin is good', 'Public health messaging around thinness'), ('Mental well-being', 'Medications'), ('Sexual difficulties', 'Mental well-being'), ('Insulin resistance', 'Fatty acids in the artery walls'), ('Insulin resistance', 'Cells intake of fatty acids'), ('Sidewalk prevalence and maintenance', 'Utilitarian physical activity '), ('Adipose storage of fatty acids', 'Inflammation'), ('Socio-economic status', 'Exercise'), ('Thoracic and abdominal obesity', 'Airway resistance'), ('Healthy eating', 'Short sleep duration'), ('Perceived environmental safety', 'Physical well-being'), ('Weight bias', 'Depression'), ('Emotional eating', 'Mental well-being'), ('Late night TV watching', 'Healthy eating'), ('Control', 'Stress'), ('Aesthetics', 'Physical well-being'), ('Economic incentives to produce unhealthy food products', 'Cost of unhealthy foods'), ('Supportive food environment', 'Healthy eating'), ('Appetite', 'Physical well-being'), ('Thoracic and abdominal obesity', 'Respiratory muscle fatigue'), ('Cardiovascular diseases', 'Fear of engaging in physical activity'), ('Socio-economic status', 'Mental well-being'), ('Unhealthy weight control practices', 'Obesity'), ('Exercise', 'Blood pressure'), ('Sodium retention', 'Blood pressure'), ('Short sleep duration', 'Pro-inflammatory cytokines'), ('Medications', 'Obesity'), ('Short sleep duration', 'Appetite'), ('Balance', 'Ability to engage in physical activity'), ('Short sleep duration', 'Cortisol'), ('Airway resistance', 'Asthma'), ('Short sleep duration', 'Blood pressure'), ('Medical perspective that thin is good', 'Cultural norms around thinness'), ('Healthy eating', 'Blood glucose level'), ('Mental well-being', 'Anticonvulsants'), ('Fatty acids in the artery walls', 'Atherosclerosis'), ('Dyslipidemia', 'Insulin resistance'), ('Blood glucose level', 'Fatty acids in the artery walls'), ('Respiratory diseases', 'Ability to engage in physical activity'), ('Blood saturated fatty acid level', 'Secretion of inflammatory molecules by adipose cells'), ('Dysfunctional adipose tissue', 'Inflammation'), ('Weight bias', 'Mental well-being'), ('Coordination', 'Ability to engage in physical activity'), ('Cultural norms around thinness', 'Cultural norms around thinness'), ('Cultural norms around thinness', 'Poor body image'), ('Obesity', 'Short sleep duration'), ('Inflammation', 'Asthma'), ('Healthy eating', 'Sodium intake'), ('Cultural norms around thinness', 'Eating disorders'), ('Poor body image', 'Sexual difficulties'), ('Fear of engaging in physical activity', 'Physical activity'), ('Short sleep duration', 'Healthy eating'), ('Coronary heart diseases', 'Dyspnea'), ('Stress', 'Inflammation'), ('Weight bias', 'Stress'), ('Unhealthy weight control practices', 'Eating disorders'), ('Tiredness', 'Ability to engage in physical activity'), ('Short sleep duration', 'Heart rate'), ('Prevalence of bike trails', 'Quality of the sport infrastructure'), ('Exercise', 'Blood fatty acid level'), ('Mental well-being', 'Emotional eating'), ('Poor body image', 'Poor body image'), ('Blood fatty acid level', 'Blood glucose level'), ('Cardiovascular diseases', 'Depression'), ('Pro-inflammatory cytokines', 'Inflammation'), ('Prevalence of green fields', 'Quality of the sport infrastructure'), ('Mental well-being', 'Antipsychotics'), ('Socio-economic status', 'Control'), ('Weight bias', 'Poor body image'), ('Positive experience of sports', 'Recreational physical activity'), ('Public support and demand for healthy products', 'Cost of healthy foods'), ('Socio-economic status', 'Availability of healthy foods'), ('Cardiovascular diseases', 'Physical well-being'), ('Respiratory muscle fatigue', 'Dyspnea'), ('Heart rate', 'Coronary heart diseases'), ('Pressure to be thin', 'Poor body image'), ('Medications', 'Coordination'), ('Beta blockers', 'Ability to engage in physical activity'), ('Antipsychotics', 'Appetite'), ('Sodium intake', 'Blood pressure'), ('Pressure to be thin', 'Unhealthy weight control practices'), ('Airway resistance', 'Asthma-like symptoms'), ('Depression', 'Stress'), ('Medications', 'Concentration'), ('Public support and demand for healthy products', 'Marketing of unhealthy foods'), ('Poor body image', 'Eating disorders'), ('Emotional eating', 'Healthy eating'), ('Obesity', 'Access to health professionals'), ('Obesity', 'Mental well-being'), ('Unhealthy foods are more available than healthy ones', 'Supportive food environment'), ('Healthy eating', 'Blood saturated fatty acid level'), ('Presence of a vibrant community', 'Resilience'), ('Cells intake of fatty acids', 'Adipose storage of fatty acids'), ('Physical activity', 'Physical well-being'), ('Appetite', 'Healthy eating'), ('Aesthetics', 'Stress'), ('Chronic conditions', 'Mental well-being'), ('Weight bias', 'Positive experience of sports'), ('Healthy eating', 'Dyslipidemia'), ('Quality of the sport infrastructure', 'Recreational physical activity'), ('Physical pain', 'Ability to engage in physical activity'), ('Prevalence of green fields', 'Aesthetics'), ('Concentration', 'Ability to engage in physical activity'), ('Aesthetics', 'Mental well-being'), ('Poor body image', 'Depression'), ('Chronic conditions', 'Physical well-being'), ('Obesity', 'Release of adipokines'), ('Blood glucose level', 'Sodium retention'), ('Restrictive covenants', 'Availability of healthy foods'), ('Musculoskeletal pain', 'Mental well-being'), ('Weight bias', 'Unhealthy weight control practices'), ('Physical activity', 'Mental well-being'), ('Access to health professionals', 'Ability to engage in physical activity'), ('Stimulants', 'Short sleep duration'), ('Culture of eating that promotes healthy choices', 'Healthy eating'), ('Culture of eating that promotes healthy choices', 'Mental well-being'), ('Weight bias', 'Exercise'), ('Obesity', 'Dysfunctional adipose tissue'), ('Medications', 'Tiredness'), ('Inflammation', 'Insulin resistance'), ('Anticonvulsants', 'Appetite'), ('Inflammation', 'Auto-inflammatory diseases'), ('Accessibility to shops', 'Utilitarian physical activity '), ('Blood fatty acid level', 'Adipose storage of fatty acids'), ('Perceived environmental safety', 'Physical activity'), ('Short sleep duration', 'Physical well-being'), ('Cultural norms around thinness', 'Pressure to be thin'), ('Weight bias', 'Access to health professionals'), ('Public health messaging around thinness', 'Pressure to be thin'), ('Dysfunctional adipose tissue', 'Blood pressure'), ('Dysfunctional adipose tissue', 'Dyslipidemia'), ('Aesthetics', 'Utilitarian physical activity '), ('Obesity', 'Unhealthy weight control practices'), ('Obesity', 'Asthma-like symptoms'), ('Marketing ratio of unhealthy to healthy foods', 'Supportive food environment'), ('Dyslipidemia', 'Atherosclerosis'), ('Physical well-being', 'Mental well-being'), ('Public support and demand for healthy products', 'Cost of unhealthy foods'), ('Musculoskeletal pain', 'Physical well-being'), ('Coronary heart diseases', 'Exercise')]"
3,"[('Stress', 'Insulin resistance'), ('Socio-economic status', 'Short sleep duration'), ('Resilience', 'Coronary heart diseases'), ('Mental well-being', 'Inflammation'), ('Public health messaging around thinness', 'Unhealthy weight control practices'), ('Weight bias', 'Blood glucose level'), ('Control', 'Blood pressure'), ('Poor body image', 'Dysfunctional adipose tissue'), ('Physical well-being', 'Ability to engage in physical activity'), ('Pressure to be thin', 'Dyslipidemia'), ('Depression', 'Pro-inflammatory cytokines')]",-1,-1,-1,-1,1,"[('Culture of eating that promotes healthy choices', 'Physical well-being'), ('Weight bias', 'Socio-economic status'), ('Mental well-being', 'Physical well-being'), ('Socio-economic status', 'Stress'), ('Control', 'Mental well-being'), ('Socio-economic status', 'Physical well-being'), ('Public health messaging around thinness', 'Weight bias'), ('Resilience', 'Mental well-being'), ('Medical perspective that thin is good', 'Public health messaging around thinness'), ('Weight bias', 'Depression'), ('Control', 'Stress'), ('Socio-economic status', 'Mental well-being'), ('Medical perspective that thin is good', 'Cultural norms around thinness'), ('Weight bias', 'Mental well-being'), ('Cultural norms around thinness', 'Cultural norms around thinness'), ('Cultural norms around thinness', 'Poor body image'), ('Weight bias', 'Stress'), ('Poor body image', 'Poor body image'), ('Socio-economic status', 'Control'), ('Weight bias', 'Poor body image'), ('Pressure to be thin', 'Poor body image'), ('Depression', 'Stress'), ('Poor body image', 'Depression'), ('Culture of eating that promotes healthy choices', 'Mental well-being'), ('Cultural norms around thinness', 'Pressure to be thin'), ('Public health messaging around thinness', 'Pressure to be thin'), ('Physical well-being', 'Mental well-being')]","[('Medications', 'Balance'), ('Secretion of inflammatory molecules by adipose cells', 'Insulin resistance'), ('Obesity', 'Obstructive sleep apnea'), ('Dyslipidemia', 'Blood pressure'), ('Obesity', 'Gastro-esophageal reflux disease'), ('Auto-inflammatory diseases', 'Inflammation'), ('Atherosclerosis', 'Coronary heart diseases'), ('Release of adipokines', 'Atherosclerosis'), ('Blood mono-unsaturated fatty acid level', 'Secretion of inflammatory molecules by adipose cells'), ('Insulin resistance', 'Fatty acids in the artery walls'), ('Insulin resistance', 'Cells intake of fatty acids'), ('Adipose storage of fatty acids', 'Inflammation'), ('Thoracic and abdominal obesity', 'Airway resistance'), ('Thoracic and abdominal obesity', 'Respiratory muscle fatigue'), ('Unhealthy weight control practices', 'Obesity'), ('Sodium retention', 'Blood pressure'), ('Short sleep duration', 'Pro-inflammatory cytokines'), ('Medications', 'Obesity'), ('Balance', 'Ability to engage in physical activity'), ('Short sleep duration', 'Cortisol'), ('Airway resistance', 'Asthma'), ('Short sleep duration', 'Blood pressure'), ('Fatty acids in the artery walls', 'Atherosclerosis'), ('Dyslipidemia', 'Insulin resistance'), ('Blood glucose level', 'Fatty acids in the artery walls'), ('Respiratory diseases', 'Ability to engage in physical activity'), ('Blood saturated fatty acid level', 'Secretion of inflammatory molecules by adipose cells'), ('Dysfunctional adipose tissue', 'Inflammation'), ('Coordination', 'Ability to engage in physical activity'), ('Obesity', 'Short sleep duration'), ('Inflammation', 'Asthma'), ('Coronary heart diseases', 'Dyspnea'), ('Tiredness', 'Ability to engage in physical activity'), ('Short sleep duration', 'Heart rate'), ('Blood fatty acid level', 'Blood glucose level'), ('Pro-inflammatory cytokines', 'Inflammation'), ('Respiratory muscle fatigue', 'Dyspnea'), ('Heart rate', 'Coronary heart diseases'), ('Medications', 'Coordination'), ('Beta blockers', 'Ability to engage in physical activity'), ('Sodium intake', 'Blood pressure'), ('Airway resistance', 'Asthma-like symptoms'), ('Medications', 'Concentration'), ('Cells intake of fatty acids', 'Adipose storage of fatty acids'), ('Physical pain', 'Ability to engage in physical activity'), ('Concentration', 'Ability to engage in physical activity'), ('Obesity', 'Release of adipokines'), ('Blood glucose level', 'Sodium retention'), ('Stimulants', 'Short sleep duration'), ('Obesity', 'Dysfunctional adipose tissue'), ('Medications', 'Tiredness'), ('Inflammation', 'Insulin resistance'), ('Inflammation', 'Auto-inflammatory diseases'), ('Blood fatty acid level', 'Adipose storage of fatty acids'), ('Dysfunctional adipose tissue', 'Blood pressure'), ('Dysfunctional adipose tissue', 'Dyslipidemia'), ('Obesity', 'Unhealthy weight control practices'), ('Obesity', 'Asthma-like symptoms'), ('Dyslipidemia', 'Atherosclerosis')]","[('Prevalence of walking trails', 'Quality of the sport infrastructure'), ('Medications', 'Balance'), ('Culture of eating that promotes healthy choices', 'Physical well-being'), ('Secretion of inflammatory molecules by adipose cells', 'Insulin resistance'), ('Presence of a vibrant community', 'Control'), ('Obesity', 'Weight bias'), ('Healthy eating', 'Blood mono-unsaturated fatty acid level'), ('Exercise', 'Heart rate'), ('Available time', 'Recreational physical activity'), ('Chronic conditions', 'Depression'), ('Exercise', 'Insulin resistance'), ('Weight bias', 'Socio-economic status'), ('Mental well-being', 'Physical well-being'), ('Obesity', 'Obstructive sleep apnea'), ('Eating disorders', 'Healthy eating'), ('Consumer demand for regulations', 'Marketing of healthy foods'), ('Dyslipidemia', 'Blood pressure'), ('Obesity', 'Gastro-esophageal reflux disease'), ('Perceived environmental safety', 'Mental well-being'), ('Late night TV watching', 'Short sleep duration'), ('Auto-inflammatory diseases', 'Inflammation'), ('Depression', 'Healthy eating'), ('Socio-economic status', 'Stress'), ('Exercise', 'Blood glucose level'), ('Public support and demand for healthy products', 'Marketing of healthy foods'), ('Unhealthy foods are cheaper than healthy ones', 'Supportive food environment'), ('Control', 'Mental well-being'), ('Atherosclerosis', 'Coronary heart diseases'), ('Socio-economic status', 'Physical well-being'), ('Ability to engage in physical activity', 'Physical activity'), ('Public health messaging around thinness', 'Weight bias'), ('Public support and demand for healthy products', 'Availability of healthy foods'), ('Release of adipokines', 'Atherosclerosis'), ('Consumer demand for regulations', 'Marketing of unhealthy foods'), ('Resilience', 'Mental well-being'), ('Blood mono-unsaturated fatty acid level', 'Secretion of inflammatory molecules by adipose cells'), ('Medical perspective that thin is good', 'Public health messaging around thinness'), ('Mental well-being', 'Medications'), ('Sexual difficulties', 'Mental well-being'), ('Insulin resistance', 'Fatty acids in the artery walls'), ('Insulin resistance', 'Cells intake of fatty acids'), ('Sidewalk prevalence and maintenance', 'Utilitarian physical activity '), ('Adipose storage of fatty acids', 'Inflammation'), ('Socio-economic status', 'Exercise'), ('Thoracic and abdominal obesity', 'Airway resistance'), ('Healthy eating', 'Short sleep duration'), ('Perceived environmental safety', 'Physical well-being'), ('Weight bias', 'Depression'), ('Emotional eating', 'Mental well-being'), ('Late night TV watching', 'Healthy eating'), ('Control', 'Stress'), ('Aesthetics', 'Physical well-being'), ('Economic incentives to produce unhealthy food products', 'Cost of unhealthy foods'), ('Supportive food environment', 'Healthy eating'), ('Appetite', 'Physical well-being'), ('Thoracic and abdominal obesity', 'Respiratory muscle fatigue'), ('Cardiovascular diseases', 'Fear of engaging in physical activity'), ('Socio-economic status', 'Mental well-being'), ('Unhealthy weight control practices', 'Obesity'), ('Exercise', 'Blood pressure'), ('Sodium retention', 'Blood pressure'), ('Short sleep duration', 'Pro-inflammatory cytokines'), ('Medications', 'Obesity'), ('Short sleep duration', 'Appetite'), ('Balance', 'Ability to engage in physical activity'), ('Short sleep duration', 'Cortisol'), ('Airway resistance', 'Asthma'), ('Short sleep duration', 'Blood pressure'), ('Medical perspective that thin is good', 'Cultural norms around thinness'), ('Healthy eating', 'Blood glucose level'), ('Mental well-being', 'Anticonvulsants'), ('Fatty acids in the artery walls', 'Atherosclerosis'), ('Dyslipidemia', 'Insulin resistance'), ('Blood glucose level', 'Fatty acids in the artery walls'), ('Respiratory diseases', 'Ability to engage in physical activity'), ('Blood saturated fatty acid level', 'Secretion of inflammatory molecules by adipose cells'), ('Dysfunctional adipose tissue', 'Inflammation'), ('Weight bias', 'Mental well-being'), ('Coordination', 'Ability to engage in physical activity'), ('Cultural norms around thinness', 'Cultural norms around thinness'), ('Cultural norms around thinness', 'Poor body image'), ('Obesity', 'Short sleep duration'), ('Inflammation', 'Asthma'), ('Healthy eating', 'Sodium intake'), ('Cultural norms around thinness', 'Eating disorders'), ('Poor body image', 'Sexual difficulties'), ('Fear of engaging in physical activity', 'Physical activity'), ('Short sleep duration', 'Healthy eating'), ('Coronary heart diseases', 'Dyspnea'), ('Stress', 'Inflammation'), ('Weight bias', 'Stress'), ('Unhealthy weight control practices', 'Eating disorders'), ('Tiredness', 'Ability to engage in physical activity'), ('Short sleep duration', 'Heart rate'), ('Prevalence of bike trails', 'Quality of the sport infrastructure'), ('Exercise', 'Blood fatty acid level'), ('Mental well-being', 'Emotional eating'), ('Poor body image', 'Poor body image'), ('Blood fatty acid level', 'Blood glucose level'), ('Cardiovascular diseases', 'Depression'), ('Pro-inflammatory cytokines', 'Inflammation'), ('Prevalence of green fields', 'Quality of the sport infrastructure'), ('Mental well-being', 'Antipsychotics'), ('Socio-economic status', 'Control'), ('Weight bias', 'Poor body image'), ('Positive experience of sports', 'Recreational physical activity'), ('Public support and demand for healthy products', 'Cost of healthy foods'), ('Socio-economic status', 'Availability of healthy foods'), ('Cardiovascular diseases', 'Physical well-being'), ('Respiratory muscle fatigue', 'Dyspnea'), ('Heart rate', 'Coronary heart diseases'), ('Pressure to be thin', 'Poor body image'), ('Medications', 'Coordination'), ('Beta blockers', 'Ability to engage in physical activity'), ('Antipsychotics', 'Appetite'), ('Sodium intake', 'Blood pressure'), ('Pressure to be thin', 'Unhealthy weight control practices'), ('Airway resistance', 'Asthma-like symptoms'), ('Depression', 'Stress'), ('Medications', 'Concentration'), ('Public support and demand for healthy products', 'Marketing of unhealthy foods'), ('Poor body image', 'Eating disorders'), ('Emotional eating', 'Healthy eating'), ('Obesity', 'Access to health professionals'), ('Obesity', 'Mental well-being'), ('Unhealthy foods are more available than healthy ones', 'Supportive food environment'), ('Healthy eating', 'Blood saturated fatty acid level'), ('Presence of a vibrant community', 'Resilience'), ('Cells intake of fatty acids', 'Adipose storage of fatty acids'), ('Physical activity', 'Physical well-being'), ('Appetite', 'Healthy eating'), ('Aesthetics', 'Stress'), ('Chronic conditions', 'Mental well-being'), ('Weight bias', 'Positive experience of sports'), ('Healthy eating', 'Dyslipidemia'), ('Quality of the sport infrastructure', 'Recreational physical activity'), ('Physical pain', 'Ability to engage in physical activity'), ('Prevalence of green fields', 'Aesthetics'), ('Concentration', 'Ability to engage in physical activity'), ('Aesthetics', 'Mental well-being'), ('Poor body image', 'Depression'), ('Chronic conditions', 'Physical well-being'), ('Obesity', 'Release of adipokines'), ('Blood glucose level', 'Sodium retention'), ('Restrictive covenants', 'Availability of healthy foods'), ('Musculoskeletal pain', 'Mental well-being'), ('Weight bias', 'Unhealthy weight control practices'), ('Physical activity', 'Mental well-being'), ('Access to health professionals', 'Ability to engage in physical activity'), ('Stimulants', 'Short sleep duration'), ('Culture of eating that promotes healthy choices', 'Healthy eating'), ('Culture of eating that promotes healthy choices', 'Mental well-being'), ('Weight bias', 'Exercise'), ('Obesity', 'Dysfunctional adipose tissue'), ('Medications', 'Tiredness'), ('Inflammation', 'Insulin resistance'), ('Anticonvulsants', 'Appetite'), ('Inflammation', 'Auto-inflammatory diseases'), ('Accessibility to shops', 'Utilitarian physical activity '), ('Blood fatty acid level', 'Adipose storage of fatty acids'), ('Perceived environmental safety', 'Physical activity'), ('Short sleep duration', 'Physical well-being'), ('Cultural norms around thinness', 'Pressure to be thin'), ('Weight bias', 'Access to health professionals'), ('Public health messaging around thinness', 'Pressure to be thin'), ('Dysfunctional adipose tissue', 'Blood pressure'), ('Dysfunctional adipose tissue', 'Dyslipidemia'), ('Aesthetics', 'Utilitarian physical activity '), ('Obesity', 'Unhealthy weight control practices'), ('Obesity', 'Asthma-like symptoms'), ('Marketing ratio of unhealthy to healthy foods', 'Supportive food environment'), ('Dyslipidemia', 'Atherosclerosis'), ('Physical well-being', 'Mental well-being'), ('Public support and demand for healthy products', 'Cost of unhealthy foods'), ('Musculoskeletal pain', 'Physical well-being'), ('Coronary heart diseases', 'Exercise')]"
4,"[('Stress', 'Insulin resistance'), ('Socio-economic status', 'Short sleep duration'), ('Resilience', 'Coronary heart diseases'), ('Mental well-being', 'Inflammation'), ('Public health messaging around thinness', 'Unhealthy weight control practices'), ('Weight bias', 'Blood glucose level'), ('Control', 'Blood pressure'), ('Poor body image', 'Dysfunctional adipose tissue'), ('Physical well-being', 'Ability to engage in physical activity'), ('Pressure to be thin', 'Dyslipidemia'), ('Depression', 'Pro-inflammatory cytokines')]",-1,-1,-1,-1,1,"[('Culture of eating that promotes healthy choices', 'Physical well-being'), ('Weight bias', 'Socio-economic status'), ('Mental well-being', 'Physical well-being'), ('Socio-economic status', 'Stress'), ('Control', 'Mental well-being'), ('Socio-economic status', 'Physical well-being'), ('Public health messaging around thinness', 'Weight bias'), ('Resilience', 'Mental well-being'), ('Medical perspective that thin is good', 'Public health messaging around thinness'), ('Weight bias', 'Depression'), ('Control', 'Stress'), ('Socio-economic status', 'Mental well-being'), ('Medical perspective that thin is good', 'Cultural norms around thinness'), ('Weight bias', 'Mental well-being'), ('Cultural norms around thinness', 'Cultural norms around thinness'), ('Cultural norms around thinness', 'Poor body image'), ('Weight bias', 'Stress'), ('Poor body image', 'Poor body image'), ('Socio-economic status', 'Control'), ('Weight bias', 'Poor body image'), ('Pressure to be thin', 'Poor body image'), ('Depression', 'Stress'), ('Poor body image', 'Depression'), ('Culture of eating that promotes healthy choices', 'Mental well-being'), ('Cultural norms around thinness', 'Pressure to be thin'), ('Public health messaging around thinness', 'Pressure to be thin'), ('Physical well-being', 'Mental well-being')]","[('Medications', 'Balance'), ('Secretion of inflammatory molecules by adipose cells', 'Insulin resistance'), ('Obesity', 'Obstructive sleep apnea'), ('Dyslipidemia', 'Blood pressure'), ('Obesity', 'Gastro-esophageal reflux disease'), ('Auto-inflammatory diseases', 'Inflammation'), ('Atherosclerosis', 'Coronary heart diseases'), ('Release of adipokines', 'Atherosclerosis'), ('Blood mono-unsaturated fatty acid level', 'Secretion of inflammatory molecules by adipose cells'), ('Insulin resistance', 'Fatty acids in the artery walls'), ('Insulin resistance', 'Cells intake of fatty acids'), ('Adipose storage of fatty acids', 'Inflammation'), ('Thoracic and abdominal obesity', 'Airway resistance'), ('Thoracic and abdominal obesity', 'Respiratory muscle fatigue'), ('Unhealthy weight control practices', 'Obesity'), ('Sodium retention', 'Blood pressure'), ('Short sleep duration', 'Pro-inflammatory cytokines'), ('Medications', 'Obesity'), ('Balance', 'Ability to engage in physical activity'), ('Short sleep duration', 'Cortisol'), ('Airway resistance', 'Asthma'), ('Short sleep duration', 'Blood pressure'), ('Fatty acids in the artery walls', 'Atherosclerosis'), ('Dyslipidemia', 'Insulin resistance'), ('Blood glucose level', 'Fatty acids in the artery walls'), ('Respiratory diseases', 'Ability to engage in physical activity'), ('Blood saturated fatty acid level', 'Secretion of inflammatory molecules by adipose cells'), ('Dysfunctional adipose tissue', 'Inflammation'), ('Coordination', 'Ability to engage in physical activity'), ('Obesity', 'Short sleep duration'), ('Inflammation', 'Asthma'), ('Coronary heart diseases', 'Dyspnea'), ('Tiredness', 'Ability to engage in physical activity'), ('Short sleep duration', 'Heart rate'), ('Blood fatty acid level', 'Blood glucose level'), ('Pro-inflammatory cytokines', 'Inflammation'), ('Respiratory muscle fatigue', 'Dyspnea'), ('Heart rate', 'Coronary heart diseases'), ('Medications', 'Coordination'), ('Beta blockers', 'Ability to engage in physical activity'), ('Sodium intake', 'Blood pressure'), ('Airway resistance', 'Asthma-like symptoms'), ('Medications', 'Concentration'), ('Cells intake of fatty acids', 'Adipose storage of fatty acids'), ('Physical pain', 'Ability to engage in physical activity'), ('Concentration', 'Ability to engage in physical activity'), ('Obesity', 'Release of adipokines'), ('Blood glucose level', 'Sodium retention'), ('Stimulants', 'Short sleep duration'), ('Obesity', 'Dysfunctional adipose tissue'), ('Medications', 'Tiredness'), ('Inflammation', 'Insulin resistance'), ('Inflammation', 'Auto-inflammatory diseases'), ('Blood fatty acid level', 'Adipose storage of fatty acids'), ('Dysfunctional adipose tissue', 'Blood pressure'), ('Dysfunctional adipose tissue', 'Dyslipidemia'), ('Obesity', 'Unhealthy weight control practices'), ('Obesity', 'Asthma-like symptoms'), ('Dyslipidemia', 'Atherosclerosis')]","[('Prevalence of walking trails', 'Quality of the sport infrastructure'), ('Medications', 'Balance'), ('Culture of eating that promotes healthy choices', 'Physical well-being'), ('Secretion of inflammatory molecules by adipose cells', 'Insulin resistance'), ('Presence of a vibrant community', 'Control'), ('Obesity', 'Weight bias'), ('Healthy eating', 'Blood mono-unsaturated fatty acid level'), ('Exercise', 'Heart rate'), ('Available time', 'Recreational physical activity'), ('Chronic conditions', 'Depression'), ('Exercise', 'Insulin resistance'), ('Weight bias', 'Socio-economic status'), ('Mental well-being', 'Physical well-being'), ('Obesity', 'Obstructive sleep apnea'), ('Eating disorders', 'Healthy eating'), ('Consumer demand for regulations', 'Marketing of healthy foods'), ('Dyslipidemia', 'Blood pressure'), ('Obesity', 'Gastro-esophageal reflux disease'), ('Perceived environmental safety', 'Mental well-being'), ('Late night TV watching', 'Short sleep duration'), ('Auto-inflammatory diseases', 'Inflammation'), ('Depression', 'Healthy eating'), ('Socio-economic status', 'Stress'), ('Exercise', 'Blood glucose level'), ('Public support and demand for healthy products', 'Marketing of healthy foods'), ('Unhealthy foods are cheaper than healthy ones', 'Supportive food environment'), ('Control', 'Mental well-being'), ('Atherosclerosis', 'Coronary heart diseases'), ('Socio-economic status', 'Physical well-being'), ('Ability to engage in physical activity', 'Physical activity'), ('Public health messaging around thinness', 'Weight bias'), ('Public support and demand for healthy products', 'Availability of healthy foods'), ('Release of adipokines', 'Atherosclerosis'), ('Consumer demand for regulations', 'Marketing of unhealthy foods'), ('Resilience', 'Mental well-being'), ('Blood mono-unsaturated fatty acid level', 'Secretion of inflammatory molecules by adipose cells'), ('Medical perspective that thin is good', 'Public health messaging around thinness'), ('Mental well-being', 'Medications'), ('Sexual difficulties', 'Mental well-being'), ('Insulin resistance', 'Fatty acids in the artery walls'), ('Insulin resistance', 'Cells intake of fatty acids'), ('Sidewalk prevalence and maintenance', 'Utilitarian physical activity '), ('Adipose storage of fatty acids', 'Inflammation'), ('Socio-economic status', 'Exercise'), ('Thoracic and abdominal obesity', 'Airway resistance'), ('Healthy eating', 'Short sleep duration'), ('Perceived environmental safety', 'Physical well-being'), ('Weight bias', 'Depression'), ('Emotional eating', 'Mental well-being'), ('Late night TV watching', 'Healthy eating'), ('Control', 'Stress'), ('Aesthetics', 'Physical well-being'), ('Economic incentives to produce unhealthy food products', 'Cost of unhealthy foods'), ('Supportive food environment', 'Healthy eating'), ('Appetite', 'Physical well-being'), ('Thoracic and abdominal obesity', 'Respiratory muscle fatigue'), ('Cardiovascular diseases', 'Fear of engaging in physical activity'), ('Socio-economic status', 'Mental well-being'), ('Unhealthy weight control practices', 'Obesity'), ('Exercise', 'Blood pressure'), ('Sodium retention', 'Blood pressure'), ('Short sleep duration', 'Pro-inflammatory cytokines'), ('Medications', 'Obesity'), ('Short sleep duration', 'Appetite'), ('Balance', 'Ability to engage in physical activity'), ('Short sleep duration', 'Cortisol'), ('Airway resistance', 'Asthma'), ('Short sleep duration', 'Blood pressure'), ('Medical perspective that thin is good', 'Cultural norms around thinness'), ('Healthy eating', 'Blood glucose level'), ('Mental well-being', 'Anticonvulsants'), ('Fatty acids in the artery walls', 'Atherosclerosis'), ('Dyslipidemia', 'Insulin resistance'), ('Blood glucose level', 'Fatty acids in the artery walls'), ('Respiratory diseases', 'Ability to engage in physical activity'), ('Blood saturated fatty acid level', 'Secretion of inflammatory molecules by adipose cells'), ('Dysfunctional adipose tissue', 'Inflammation'), ('Weight bias', 'Mental well-being'), ('Coordination', 'Ability to engage in physical activity'), ('Cultural norms around thinness', 'Cultural norms around thinness'), ('Cultural norms around thinness', 'Poor body image'), ('Obesity', 'Short sleep duration'), ('Inflammation', 'Asthma'), ('Healthy eating', 'Sodium intake'), ('Cultural norms around thinness', 'Eating disorders'), ('Poor body image', 'Sexual difficulties'), ('Fear of engaging in physical activity', 'Physical activity'), ('Short sleep duration', 'Healthy eating'), ('Coronary heart diseases', 'Dyspnea'), ('Stress', 'Inflammation'), ('Weight bias', 'Stress'), ('Unhealthy weight control practices', 'Eating disorders'), ('Tiredness', 'Ability to engage in physical activity'), ('Short sleep duration', 'Heart rate'), ('Prevalence of bike trails', 'Quality of the sport infrastructure'), ('Exercise', 'Blood fatty acid level'), ('Mental well-being', 'Emotional eating'), ('Poor body image', 'Poor body image'), ('Blood fatty acid level', 'Blood glucose level'), ('Cardiovascular diseases', 'Depression'), ('Pro-inflammatory cytokines', 'Inflammation'), ('Prevalence of green fields', 'Quality of the sport infrastructure'), ('Mental well-being', 'Antipsychotics'), ('Socio-economic status', 'Control'), ('Weight bias', 'Poor body image'), ('Positive experience of sports', 'Recreational physical activity'), ('Public support and demand for healthy products', 'Cost of healthy foods'), ('Socio-economic status', 'Availability of healthy foods'), ('Cardiovascular diseases', 'Physical well-being'), ('Respiratory muscle fatigue', 'Dyspnea'), ('Heart rate', 'Coronary heart diseases'), ('Pressure to be thin', 'Poor body image'), ('Medications', 'Coordination'), ('Beta blockers', 'Ability to engage in physical activity'), ('Antipsychotics', 'Appetite'), ('Sodium intake', 'Blood pressure'), ('Pressure to be thin', 'Unhealthy weight control practices'), ('Airway resistance', 'Asthma-like symptoms'), ('Depression', 'Stress'), ('Medications', 'Concentration'), ('Public support and demand for healthy products', 'Marketing of unhealthy foods'), ('Poor body image', 'Eating disorders'), ('Emotional eating', 'Healthy eating'), ('Obesity', 'Access to health professionals'), ('Obesity', 'Mental well-being'), ('Unhealthy foods are more available than healthy ones', 'Supportive food environment'), ('Healthy eating', 'Blood saturated fatty acid level'), ('Presence of a vibrant community', 'Resilience'), ('Cells intake of fatty acids', 'Adipose storage of fatty acids'), ('Physical activity', 'Physical well-being'), ('Appetite', 'Healthy eating'), ('Aesthetics', 'Stress'), ('Chronic conditions', 'Mental well-being'), ('Weight bias', 'Positive experience of sports'), ('Healthy eating', 'Dyslipidemia'), ('Quality of the sport infrastructure', 'Recreational physical activity'), ('Physical pain', 'Ability to engage in physical activity'), ('Prevalence of green fields', 'Aesthetics'), ('Concentration', 'Ability to engage in physical activity'), ('Aesthetics', 'Mental well-being'), ('Poor body image', 'Depression'), ('Chronic conditions', 'Physical well-being'), ('Obesity', 'Release of adipokines'), ('Blood glucose level', 'Sodium retention'), ('Restrictive covenants', 'Availability of healthy foods'), ('Musculoskeletal pain', 'Mental well-being'), ('Weight bias', 'Unhealthy weight control practices'), ('Physical activity', 'Mental well-being'), ('Access to health professionals', 'Ability to engage in physical activity'), ('Stimulants', 'Short sleep duration'), ('Culture of eating that promotes healthy choices', 'Healthy eating'), ('Culture of eating that promotes healthy choices', 'Mental well-being'), ('Weight bias', 'Exercise'), ('Obesity', 'Dysfunctional adipose tissue'), ('Medications', 'Tiredness'), ('Inflammation', 'Insulin resistance'), ('Anticonvulsants', 'Appetite'), ('Inflammation', 'Auto-inflammatory diseases'), ('Accessibility to shops', 'Utilitarian physical activity '), ('Blood fatty acid level', 'Adipose storage of fatty acids'), ('Perceived environmental safety', 'Physical activity'), ('Short sleep duration', 'Physical well-being'), ('Cultural norms around thinness', 'Pressure to be thin'), ('Weight bias', 'Access to health professionals'), ('Public health messaging around thinness', 'Pressure to be thin'), ('Dysfunctional adipose tissue', 'Blood pressure'), ('Dysfunctional adipose tissue', 'Dyslipidemia'), ('Aesthetics', 'Utilitarian physical activity '), ('Obesity', 'Unhealthy weight control practices'), ('Obesity', 'Asthma-like symptoms'), ('Marketing ratio of unhealthy to healthy foods', 'Supportive food environment'), ('Dyslipidemia', 'Atherosclerosis'), ('Physical well-being', 'Mental well-being'), ('Public support and demand for healthy products', 'Cost of unhealthy foods'), ('Musculoskeletal pain', 'Physical well-being'), ('Coronary heart diseases', 'Exercise')]"
0,"[('Socio-economic status', 'Short sleep duration'), ('Weight bias', 'Blood pressure'), ('Stress', 'Inflammation'), ('Pressure to be thin', 'Stimulants'), ('Poor body image', 'Unhealthy weight control practices'), ('Culture of eating that promotes healthy choices', 'Blood fatty acid level'), ('Resilience', 'Pro-inflammatory cytokines'), ('Mental well-being', 'Ability to engage in physical activity'), ('Depression', 'Inflammation')]",-1,-1,-1,1,-1,"[('Culture of eating that promotes healthy choices', 'Physical well-being'), ('Weight bias', 'Socio-economic status'), ('Mental well-being', 'Physical well-being'), ('Socio-economic status', 'Stress'), ('Control', 'Mental well-being'), ('Socio-economic status', 'Physical well-being'), ('Public health messaging around thinness', 'Weight bias'), ('Resilience', 'Mental well-being'), ('Medical perspective that thin is good', 'Public health messaging around thinness'), ('Weight bias', 'Depression'), ('Control', 'Stress'), ('Socio-economic status', 'Mental well-being'), ('Medical perspective that thin is good', 'Cultural norms around thinness'), ('Weight bias', 'Mental well-being'), ('Cultural norms around thinness', 'Cultural norms around thinness'), ('Cultural norms around thinness', 'Poor body image'), ('Weight bias', 'Stress'), ('Poor body image', 'Poor body image'), ('Socio-economic status', 'Control'), ('Weight bias', 'Poor body image'), ('Pressure to be thin', 'Poor body image'), ('Depression', 'Stress'), ('Poor body image', 'Depression'), ('Culture of eating that promotes healthy choices', 'Mental well-being'), ('Cultural norms around thinness', 'Pressure to be thin'), ('Public health messaging around thinness', 'Pressure to be thin'), ('Physical well-being', 'Mental well-being')]","[('Medications', 'Balance'), ('Secretion of inflammatory molecules by adipose cells', 'Insulin resistance'), ('Obesity', 'Obstructive sleep apnea'), ('Dyslipidemia', 'Blood pressure'), ('Obesity', 'Gastro-esophageal reflux disease'), ('Auto-inflammatory diseases', 'Inflammation'), ('Atherosclerosis', 'Coronary heart diseases'), ('Release of adipokines', 'Atherosclerosis'), ('Blood mono-unsaturated fatty acid level', 'Secretion of inflammatory molecules by adipose cells'), ('Insulin resistance', 'Fatty acids in the artery walls'), ('Insulin resistance', 'Cells intake of fatty acids'), ('Adipose storage of fatty acids', 'Inflammation'), ('Thoracic and abdominal obesity', 'Airway resistance'), ('Thoracic and abdominal obesity', 'Respiratory muscle fatigue'), ('Unhealthy weight control practices', 'Obesity'), ('Sodium retention', 'Blood pressure'), ('Short sleep duration', 'Pro-inflammatory cytokines'), ('Medications', 'Obesity'), ('Balance', 'Ability to engage in physical activity'), ('Short sleep duration', 'Cortisol'), ('Airway resistance', 'Asthma'), ('Short sleep duration', 'Blood pressure'), ('Fatty acids in the artery walls', 'Atherosclerosis'), ('Dyslipidemia', 'Insulin resistance'), ('Blood glucose level', 'Fatty acids in the artery walls'), ('Respiratory diseases', 'Ability to engage in physical activity'), ('Blood saturated fatty acid level', 'Secretion of inflammatory molecules by adipose cells'), ('Dysfunctional adipose tissue', 'Inflammation'), ('Coordination', 'Ability to engage in physical activity'), ('Obesity', 'Short sleep duration'), ('Inflammation', 'Asthma'), ('Coronary heart diseases', 'Dyspnea'), ('Tiredness', 'Ability to engage in physical activity'), ('Short sleep duration', 'Heart rate'), ('Blood fatty acid level', 'Blood glucose level'), ('Pro-inflammatory cytokines', 'Inflammation'), ('Respiratory muscle fatigue', 'Dyspnea'), ('Heart rate', 'Coronary heart diseases'), ('Medications', 'Coordination'), ('Beta blockers', 'Ability to engage in physical activity'), ('Sodium intake', 'Blood pressure'), ('Airway resistance', 'Asthma-like symptoms'), ('Medications', 'Concentration'), ('Cells intake of fatty acids', 'Adipose storage of fatty acids'), ('Physical pain', 'Ability to engage in physical activity'), ('Concentration', 'Ability to engage in physical activity'), ('Obesity', 'Release of adipokines'), ('Blood glucose level', 'Sodium retention'), ('Stimulants', 'Short sleep duration'), ('Obesity', 'Dysfunctional adipose tissue'), ('Medications', 'Tiredness'), ('Inflammation', 'Insulin resistance'), ('Inflammation', 'Auto-inflammatory diseases'), ('Blood fatty acid level', 'Adipose storage of fatty acids'), ('Dysfunctional adipose tissue', 'Blood pressure'), ('Dysfunctional adipose tissue', 'Dyslipidemia'), ('Obesity', 'Unhealthy weight control practices'), ('Obesity', 'Asthma-like symptoms'), ('Dyslipidemia', 'Atherosclerosis')]","[('Prevalence of walking trails', 'Quality of the sport infrastructure'), ('Medications', 'Balance'), ('Culture of eating that promotes healthy choices', 'Physical well-being'), ('Secretion of inflammatory molecules by adipose cells', 'Insulin resistance'), ('Presence of a vibrant community', 'Control'), ('Obesity', 'Weight bias'), ('Healthy eating', 'Blood mono-unsaturated fatty acid level'), ('Exercise', 'Heart rate'), ('Available time', 'Recreational physical activity'), ('Chronic conditions', 'Depression'), ('Exercise', 'Insulin resistance'), ('Weight bias', 'Socio-economic status'), ('Mental well-being', 'Physical well-being'), ('Obesity', 'Obstructive sleep apnea'), ('Eating disorders', 'Healthy eating'), ('Consumer demand for regulations', 'Marketing of healthy foods'), ('Dyslipidemia', 'Blood pressure'), ('Obesity', 'Gastro-esophageal reflux disease'), ('Perceived environmental safety', 'Mental well-being'), ('Late night TV watching', 'Short sleep duration'), ('Auto-inflammatory diseases', 'Inflammation'), ('Depression', 'Healthy eating'), ('Socio-economic status', 'Stress'), ('Exercise', 'Blood glucose level'), ('Public support and demand for healthy products', 'Marketing of healthy foods'), ('Unhealthy foods are cheaper than healthy ones', 'Supportive food environment'), ('Control', 'Mental well-being'), ('Atherosclerosis', 'Coronary heart diseases'), ('Socio-economic status', 'Physical well-being'), ('Ability to engage in physical activity', 'Physical activity'), ('Public health messaging around thinness', 'Weight bias'), ('Public support and demand for healthy products', 'Availability of healthy foods'), ('Release of adipokines', 'Atherosclerosis'), ('Consumer demand for regulations', 'Marketing of unhealthy foods'), ('Resilience', 'Mental well-being'), ('Blood mono-unsaturated fatty acid level', 'Secretion of inflammatory molecules by adipose cells'), ('Medical perspective that thin is good', 'Public health messaging around thinness'), ('Mental well-being', 'Medications'), ('Sexual difficulties', 'Mental well-being'), ('Insulin resistance', 'Fatty acids in the artery walls'), ('Insulin resistance', 'Cells intake of fatty acids'), ('Sidewalk prevalence and maintenance', 'Utilitarian physical activity '), ('Adipose storage of fatty acids', 'Inflammation'), ('Socio-economic status', 'Exercise'), ('Thoracic and abdominal obesity', 'Airway resistance'), ('Healthy eating', 'Short sleep duration'), ('Perceived environmental safety', 'Physical well-being'), ('Weight bias', 'Depression'), ('Emotional eating', 'Mental well-being'), ('Late night TV watching', 'Healthy eating'), ('Control', 'Stress'), ('Aesthetics', 'Physical well-being'), ('Economic incentives to produce unhealthy food products', 'Cost of unhealthy foods'), ('Supportive food environment', 'Healthy eating'), ('Appetite', 'Physical well-being'), ('Thoracic and abdominal obesity', 'Respiratory muscle fatigue'), ('Cardiovascular diseases', 'Fear of engaging in physical activity'), ('Socio-economic status', 'Mental well-being'), ('Unhealthy weight control practices', 'Obesity'), ('Exercise', 'Blood pressure'), ('Sodium retention', 'Blood pressure'), ('Short sleep duration', 'Pro-inflammatory cytokines'), ('Medications', 'Obesity'), ('Short sleep duration', 'Appetite'), ('Balance', 'Ability to engage in physical activity'), ('Short sleep duration', 'Cortisol'), ('Airway resistance', 'Asthma'), ('Short sleep duration', 'Blood pressure'), ('Medical perspective that thin is good', 'Cultural norms around thinness'), ('Healthy eating', 'Blood glucose level'), ('Mental well-being', 'Anticonvulsants'), ('Fatty acids in the artery walls', 'Atherosclerosis'), ('Dyslipidemia', 'Insulin resistance'), ('Blood glucose level', 'Fatty acids in the artery walls'), ('Respiratory diseases', 'Ability to engage in physical activity'), ('Blood saturated fatty acid level', 'Secretion of inflammatory molecules by adipose cells'), ('Dysfunctional adipose tissue', 'Inflammation'), ('Weight bias', 'Mental well-being'), ('Coordination', 'Ability to engage in physical activity'), ('Cultural norms around thinness', 'Cultural norms around thinness'), ('Cultural norms around thinness', 'Poor body image'), ('Obesity', 'Short sleep duration'), ('Inflammation', 'Asthma'), ('Healthy eating', 'Sodium intake'), ('Cultural norms around thinness', 'Eating disorders'), ('Poor body image', 'Sexual difficulties'), ('Fear of engaging in physical activity', 'Physical activity'), ('Short sleep duration', 'Healthy eating'), ('Coronary heart diseases', 'Dyspnea'), ('Stress', 'Inflammation'), ('Weight bias', 'Stress'), ('Unhealthy weight control practices', 'Eating disorders'), ('Tiredness', 'Ability to engage in physical activity'), ('Short sleep duration', 'Heart rate'), ('Prevalence of bike trails', 'Quality of the sport infrastructure'), ('Exercise', 'Blood fatty acid level'), ('Mental well-being', 'Emotional eating'), ('Poor body image', 'Poor body image'), ('Blood fatty acid level', 'Blood glucose level'), ('Cardiovascular diseases', 'Depression'), ('Pro-inflammatory cytokines', 'Inflammation'), ('Prevalence of green fields', 'Quality of the sport infrastructure'), ('Mental well-being', 'Antipsychotics'), ('Socio-economic status', 'Control'), ('Weight bias', 'Poor body image'), ('Positive experience of sports', 'Recreational physical activity'), ('Public support and demand for healthy products', 'Cost of healthy foods'), ('Socio-economic status', 'Availability of healthy foods'), ('Cardiovascular diseases', 'Physical well-being'), ('Respiratory muscle fatigue', 'Dyspnea'), ('Heart rate', 'Coronary heart diseases'), ('Pressure to be thin', 'Poor body image'), ('Medications', 'Coordination'), ('Beta blockers', 'Ability to engage in physical activity'), ('Antipsychotics', 'Appetite'), ('Sodium intake', 'Blood pressure'), ('Pressure to be thin', 'Unhealthy weight control practices'), ('Airway resistance', 'Asthma-like symptoms'), ('Depression', 'Stress'), ('Medications', 'Concentration'), ('Public support and demand for healthy products', 'Marketing of unhealthy foods'), ('Poor body image', 'Eating disorders'), ('Emotional eating', 'Healthy eating'), ('Obesity', 'Access to health professionals'), ('Obesity', 'Mental well-being'), ('Unhealthy foods are more available than healthy ones', 'Supportive food environment'), ('Healthy eating', 'Blood saturated fatty acid level'), ('Presence of a vibrant community', 'Resilience'), ('Cells intake of fatty acids', 'Adipose storage of fatty acids'), ('Physical activity', 'Physical well-being'), ('Appetite', 'Healthy eating'), ('Aesthetics', 'Stress'), ('Chronic conditions', 'Mental well-being'), ('Weight bias', 'Positive experience of sports'), ('Healthy eating', 'Dyslipidemia'), ('Quality of the sport infrastructure', 'Recreational physical activity'), ('Physical pain', 'Ability to engage in physical activity'), ('Prevalence of green fields', 'Aesthetics'), ('Concentration', 'Ability to engage in physical activity'), ('Aesthetics', 'Mental well-being'), ('Poor body image', 'Depression'), ('Chronic conditions', 'Physical well-being'), ('Obesity', 'Release of adipokines'), ('Blood glucose level', 'Sodium retention'), ('Restrictive covenants', 'Availability of healthy foods'), ('Musculoskeletal pain', 'Mental well-being'), ('Weight bias', 'Unhealthy weight control practices'), ('Physical activity', 'Mental well-being'), ('Access to health professionals', 'Ability to engage in physical activity'), ('Stimulants', 'Short sleep duration'), ('Culture of eating that promotes healthy choices', 'Healthy eating'), ('Culture of eating that promotes healthy choices', 'Mental well-being'), ('Weight bias', 'Exercise'), ('Obesity', 'Dysfunctional adipose tissue'), ('Medications', 'Tiredness'), ('Inflammation', 'Insulin resistance'), ('Anticonvulsants', 'Appetite'), ('Inflammation', 'Auto-inflammatory diseases'), ('Accessibility to shops', 'Utilitarian physical activity '), ('Blood fatty acid level', 'Adipose storage of fatty acids'), ('Perceived environmental safety', 'Physical activity'), ('Short sleep duration', 'Physical well-being'), ('Cultural norms around thinness', 'Pressure to be thin'), ('Weight bias', 'Access to health professionals'), ('Public health messaging around thinness', 'Pressure to be thin'), ('Dysfunctional adipose tissue', 'Blood pressure'), ('Dysfunctional adipose tissue', 'Dyslipidemia'), ('Aesthetics', 'Utilitarian physical activity '), ('Obesity', 'Unhealthy weight control practices'), ('Obesity', 'Asthma-like symptoms'), ('Marketing ratio of unhealthy to healthy foods', 'Supportive food environment'), ('Dyslipidemia', 'Atherosclerosis'), ('Physical well-being', 'Mental well-being'), ('Public support and demand for healthy products', 'Cost of unhealthy foods'), ('Musculoskeletal pain', 'Physical well-being'), ('Coronary heart diseases', 'Exercise')]"
1,"[('Socio-economic status', 'Short sleep duration'), ('Weight bias', 'Blood pressure'), ('Stress', 'Inflammation'), ('Pressure to be thin', 'Stimulants'), ('Poor body image', 'Unhealthy weight control practices'), ('Culture of eating that promotes healthy choices', 'Blood fatty acid level'), ('Resilience', 'Pro-inflammatory cytokines'), ('Mental well-being', 'Ability to engage in physical activity'), ('Depression', 'Inflammation')]",-1,-1,-1,1,-1,"[('Culture of eating that promotes healthy choices', 'Physical well-being'), ('Weight bias', 'Socio-economic status'), ('Mental well-being', 'Physical well-being'), ('Socio-economic status', 'Stress'), ('Control', 'Mental well-being'), ('Socio-economic status', 'Physical well-being'), ('Public health messaging around thinness', 'Weight bias'), ('Resilience', 'Mental well-being'), ('Medical perspective that thin is good', 'Public health messaging around thinness'), ('Weight bias', 'Depression'), ('Control', 'Stress'), ('Socio-economic status', 'Mental well-being'), ('Medical perspective that thin is good', 'Cultural norms around thinness'), ('Weight bias', 'Mental well-being'), ('Cultural norms around thinness', 'Cultural norms around thinness'), ('Cultural norms around thinness', 'Poor body image'), ('Weight bias', 'Stress'), ('Poor body image', 'Poor body image'), ('Socio-economic status', 'Control'), ('Weight bias', 'Poor body image'), ('Pressure to be thin', 'Poor body image'), ('Depression', 'Stress'), ('Poor body image', 'Depression'), ('Culture of eating that promotes healthy choices', 'Mental well-being'), ('Cultural norms around thinness', 'Pressure to be thin'), ('Public health messaging around thinness', 'Pressure to be thin'), ('Physical well-being', 'Mental well-being')]","[('Medications', 'Balance'), ('Secretion of inflammatory molecules by adipose cells', 'Insulin resistance'), ('Obesity', 'Obstructive sleep apnea'), ('Dyslipidemia', 'Blood pressure'), ('Obesity', 'Gastro-esophageal reflux disease'), ('Auto-inflammatory diseases', 'Inflammation'), ('Atherosclerosis', 'Coronary heart diseases'), ('Release of adipokines', 'Atherosclerosis'), ('Blood mono-unsaturated fatty acid level', 'Secretion of inflammatory molecules by adipose cells'), ('Insulin resistance', 'Fatty acids in the artery walls'), ('Insulin resistance', 'Cells intake of fatty acids'), ('Adipose storage of fatty acids', 'Inflammation'), ('Thoracic and abdominal obesity', 'Airway resistance'), ('Thoracic and abdominal obesity', 'Respiratory muscle fatigue'), ('Unhealthy weight control practices', 'Obesity'), ('Sodium retention', 'Blood pressure'), ('Short sleep duration', 'Pro-inflammatory cytokines'), ('Medications', 'Obesity'), ('Balance', 'Ability to engage in physical activity'), ('Short sleep duration', 'Cortisol'), ('Airway resistance', 'Asthma'), ('Short sleep duration', 'Blood pressure'), ('Fatty acids in the artery walls', 'Atherosclerosis'), ('Dyslipidemia', 'Insulin resistance'), ('Blood glucose level', 'Fatty acids in the artery walls'), ('Respiratory diseases', 'Ability to engage in physical activity'), ('Blood saturated fatty acid level', 'Secretion of inflammatory molecules by adipose cells'), ('Dysfunctional adipose tissue', 'Inflammation'), ('Coordination', 'Ability to engage in physical activity'), ('Obesity', 'Short sleep duration'), ('Inflammation', 'Asthma'), ('Coronary heart diseases', 'Dyspnea'), ('Tiredness', 'Ability to engage in physical activity'), ('Short sleep duration', 'Heart rate'), ('Blood fatty acid level', 'Blood glucose level'), ('Pro-inflammatory cytokines', 'Inflammation'), ('Respiratory muscle fatigue', 'Dyspnea'), ('Heart rate', 'Coronary heart diseases'), ('Medications', 'Coordination'), ('Beta blockers', 'Ability to engage in physical activity'), ('Sodium intake', 'Blood pressure'), ('Airway resistance', 'Asthma-like symptoms'), ('Medications', 'Concentration'), ('Cells intake of fatty acids', 'Adipose storage of fatty acids'), ('Physical pain', 'Ability to engage in physical activity'), ('Concentration', 'Ability to engage in physical activity'), ('Obesity', 'Release of adipokines'), ('Blood glucose level', 'Sodium retention'), ('Stimulants', 'Short sleep duration'), ('Obesity', 'Dysfunctional adipose tissue'), ('Medications', 'Tiredness'), ('Inflammation', 'Insulin resistance'), ('Inflammation', 'Auto-inflammatory diseases'), ('Blood fatty acid level', 'Adipose storage of fatty acids'), ('Dysfunctional adipose tissue', 'Blood pressure'), ('Dysfunctional adipose tissue', 'Dyslipidemia'), ('Obesity', 'Unhealthy weight control practices'), ('Obesity', 'Asthma-like symptoms'), ('Dyslipidemia', 'Atherosclerosis')]","[('Prevalence of walking trails', 'Quality of the sport infrastructure'), ('Medications', 'Balance'), ('Culture of eating that promotes healthy choices', 'Physical well-being'), ('Secretion of inflammatory molecules by adipose cells', 'Insulin resistance'), ('Presence of a vibrant community', 'Control'), ('Obesity', 'Weight bias'), ('Healthy eating', 'Blood mono-unsaturated fatty acid level'), ('Exercise', 'Heart rate'), ('Available time', 'Recreational physical activity'), ('Chronic conditions', 'Depression'), ('Exercise', 'Insulin resistance'), ('Weight bias', 'Socio-economic status'), ('Mental well-being', 'Physical well-being'), ('Obesity', 'Obstructive sleep apnea'), ('Eating disorders', 'Healthy eating'), ('Consumer demand for regulations', 'Marketing of healthy foods'), ('Dyslipidemia', 'Blood pressure'), ('Obesity', 'Gastro-esophageal reflux disease'), ('Perceived environmental safety', 'Mental well-being'), ('Late night TV watching', 'Short sleep duration'), ('Auto-inflammatory diseases', 'Inflammation'), ('Depression', 'Healthy eating'), ('Socio-economic status', 'Stress'), ('Exercise', 'Blood glucose level'), ('Public support and demand for healthy products', 'Marketing of healthy foods'), ('Unhealthy foods are cheaper than healthy ones', 'Supportive food environment'), ('Control', 'Mental well-being'), ('Atherosclerosis', 'Coronary heart diseases'), ('Socio-economic status', 'Physical well-being'), ('Ability to engage in physical activity', 'Physical activity'), ('Public health messaging around thinness', 'Weight bias'), ('Public support and demand for healthy products', 'Availability of healthy foods'), ('Release of adipokines', 'Atherosclerosis'), ('Consumer demand for regulations', 'Marketing of unhealthy foods'), ('Resilience', 'Mental well-being'), ('Blood mono-unsaturated fatty acid level', 'Secretion of inflammatory molecules by adipose cells'), ('Medical perspective that thin is good', 'Public health messaging around thinness'), ('Mental well-being', 'Medications'), ('Sexual difficulties', 'Mental well-being'), ('Insulin resistance', 'Fatty acids in the artery walls'), ('Insulin resistance', 'Cells intake of fatty acids'), ('Sidewalk prevalence and maintenance', 'Utilitarian physical activity '), ('Adipose storage of fatty acids', 'Inflammation'), ('Socio-economic status', 'Exercise'), ('Thoracic and abdominal obesity', 'Airway resistance'), ('Healthy eating', 'Short sleep duration'), ('Perceived environmental safety', 'Physical well-being'), ('Weight bias', 'Depression'), ('Emotional eating', 'Mental well-being'), ('Late night TV watching', 'Healthy eating'), ('Control', 'Stress'), ('Aesthetics', 'Physical well-being'), ('Economic incentives to produce unhealthy food products', 'Cost of unhealthy foods'), ('Supportive food environment', 'Healthy eating'), ('Appetite', 'Physical well-being'), ('Thoracic and abdominal obesity', 'Respiratory muscle fatigue'), ('Cardiovascular diseases', 'Fear of engaging in physical activity'), ('Socio-economic status', 'Mental well-being'), ('Unhealthy weight control practices', 'Obesity'), ('Exercise', 'Blood pressure'), ('Sodium retention', 'Blood pressure'), ('Short sleep duration', 'Pro-inflammatory cytokines'), ('Medications', 'Obesity'), ('Short sleep duration', 'Appetite'), ('Balance', 'Ability to engage in physical activity'), ('Short sleep duration', 'Cortisol'), ('Airway resistance', 'Asthma'), ('Short sleep duration', 'Blood pressure'), ('Medical perspective that thin is good', 'Cultural norms around thinness'), ('Healthy eating', 'Blood glucose level'), ('Mental well-being', 'Anticonvulsants'), ('Fatty acids in the artery walls', 'Atherosclerosis'), ('Dyslipidemia', 'Insulin resistance'), ('Blood glucose level', 'Fatty acids in the artery walls'), ('Respiratory diseases', 'Ability to engage in physical activity'), ('Blood saturated fatty acid level', 'Secretion of inflammatory molecules by adipose cells'), ('Dysfunctional adipose tissue', 'Inflammation'), ('Weight bias', 'Mental well-being'), ('Coordination', 'Ability to engage in physical activity'), ('Cultural norms around thinness', 'Cultural norms around thinness'), ('Cultural norms around thinness', 'Poor body image'), ('Obesity', 'Short sleep duration'), ('Inflammation', 'Asthma'), ('Healthy eating', 'Sodium intake'), ('Cultural norms around thinness', 'Eating disorders'), ('Poor body image', 'Sexual difficulties'), ('Fear of engaging in physical activity', 'Physical activity'), ('Short sleep duration', 'Healthy eating'), ('Coronary heart diseases', 'Dyspnea'), ('Stress', 'Inflammation'), ('Weight bias', 'Stress'), ('Unhealthy weight control practices', 'Eating disorders'), ('Tiredness', 'Ability to engage in physical activity'), ('Short sleep duration', 'Heart rate'), ('Prevalence of bike trails', 'Quality of the sport infrastructure'), ('Exercise', 'Blood fatty acid level'), ('Mental well-being', 'Emotional eating'), ('Poor body image', 'Poor body image'), ('Blood fatty acid level', 'Blood glucose level'), ('Cardiovascular diseases', 'Depression'), ('Pro-inflammatory cytokines', 'Inflammation'), ('Prevalence of green fields', 'Quality of the sport infrastructure'), ('Mental well-being', 'Antipsychotics'), ('Socio-economic status', 'Control'), ('Weight bias', 'Poor body image'), ('Positive experience of sports', 'Recreational physical activity'), ('Public support and demand for healthy products', 'Cost of healthy foods'), ('Socio-economic status', 'Availability of healthy foods'), ('Cardiovascular diseases', 'Physical well-being'), ('Respiratory muscle fatigue', 'Dyspnea'), ('Heart rate', 'Coronary heart diseases'), ('Pressure to be thin', 'Poor body image'), ('Medications', 'Coordination'), ('Beta blockers', 'Ability to engage in physical activity'), ('Antipsychotics', 'Appetite'), ('Sodium intake', 'Blood pressure'), ('Pressure to be thin', 'Unhealthy weight control practices'), ('Airway resistance', 'Asthma-like symptoms'), ('Depression', 'Stress'), ('Medications', 'Concentration'), ('Public support and demand for healthy products', 'Marketing of unhealthy foods'), ('Poor body image', 'Eating disorders'), ('Emotional eating', 'Healthy eating'), ('Obesity', 'Access to health professionals'), ('Obesity', 'Mental well-being'), ('Unhealthy foods are more available than healthy ones', 'Supportive food environment'), ('Healthy eating', 'Blood saturated fatty acid level'), ('Presence of a vibrant community', 'Resilience'), ('Cells intake of fatty acids', 'Adipose storage of fatty acids'), ('Physical activity', 'Physical well-being'), ('Appetite', 'Healthy eating'), ('Aesthetics', 'Stress'), ('Chronic conditions', 'Mental well-being'), ('Weight bias', 'Positive experience of sports'), ('Healthy eating', 'Dyslipidemia'), ('Quality of the sport infrastructure', 'Recreational physical activity'), ('Physical pain', 'Ability to engage in physical activity'), ('Prevalence of green fields', 'Aesthetics'), ('Concentration', 'Ability to engage in physical activity'), ('Aesthetics', 'Mental well-being'), ('Poor body image', 'Depression'), ('Chronic conditions', 'Physical well-being'), ('Obesity', 'Release of adipokines'), ('Blood glucose level', 'Sodium retention'), ('Restrictive covenants', 'Availability of healthy foods'), ('Musculoskeletal pain', 'Mental well-being'), ('Weight bias', 'Unhealthy weight control practices'), ('Physical activity', 'Mental well-being'), ('Access to health professionals', 'Ability to engage in physical activity'), ('Stimulants', 'Short sleep duration'), ('Culture of eating that promotes healthy choices', 'Healthy eating'), ('Culture of eating that promotes healthy choices', 'Mental well-being'), ('Weight bias', 'Exercise'), ('Obesity', 'Dysfunctional adipose tissue'), ('Medications', 'Tiredness'), ('Inflammation', 'Insulin resistance'), ('Anticonvulsants', 'Appetite'), ('Inflammation', 'Auto-inflammatory diseases'), ('Accessibility to shops', 'Utilitarian physical activity '), ('Blood fatty acid level', 'Adipose storage of fatty acids'), ('Perceived environmental safety', 'Physical activity'), ('Short sleep duration', 'Physical well-being'), ('Cultural norms around thinness', 'Pressure to be thin'), ('Weight bias', 'Access to health professionals'), ('Public health messaging around thinness', 'Pressure to be thin'), ('Dysfunctional adipose tissue', 'Blood pressure'), ('Dysfunctional adipose tissue', 'Dyslipidemia'), ('Aesthetics', 'Utilitarian physical activity '), ('Obesity', 'Unhealthy weight control practices'), ('Obesity', 'Asthma-like symptoms'), ('Marketing ratio of unhealthy to healthy foods', 'Supportive food environment'), ('Dyslipidemia', 'Atherosclerosis'), ('Physical well-being', 'Mental well-being'), ('Public support and demand for healthy products', 'Cost of unhealthy foods'), ('Musculoskeletal pain', 'Physical well-being'), ('Coronary heart diseases', 'Exercise')]"
2,"[('Socio-economic status', 'Short sleep duration'), ('Weight bias', 'Blood pressure'), ('Stress', 'Inflammation'), ('Pressure to be thin', 'Stimulants'), ('Poor body image', 'Unhealthy weight control practices'), ('Culture of eating that promotes healthy choices', 'Blood fatty acid level'), ('Resilience', 'Pro-inflammatory cytokines'), ('Mental well-being', 'Ability to engage in physical activity'), ('Depression', 'Inflammation')]",-1,-1,-1,1,-1,"[('Culture of eating that promotes healthy choices', 'Physical well-being'), ('Weight bias', 'Socio-economic status'), ('Mental well-being', 'Physical well-being'), ('Socio-economic status', 'Stress'), ('Control', 'Mental well-being'), ('Socio-economic status', 'Physical well-being'), ('Public health messaging around thinness', 'Weight bias'), ('Resilience', 'Mental well-being'), ('Medical perspective that thin is good', 'Public health messaging around thinness'), ('Weight bias', 'Depression'), ('Control', 'Stress'), ('Socio-economic status', 'Mental well-being'), ('Medical perspective that thin is good', 'Cultural norms around thinness'), ('Weight bias', 'Mental well-being'), ('Cultural norms around thinness', 'Cultural norms around thinness'), ('Cultural norms around thinness', 'Poor body image'), ('Weight bias', 'Stress'), ('Poor body image', 'Poor body image'), ('Socio-economic status', 'Control'), ('Weight bias', 'Poor body image'), ('Pressure to be thin', 'Poor body image'), ('Depression', 'Stress'), ('Poor body image', 'Depression'), ('Culture of eating that promotes healthy choices', 'Mental well-being'), ('Cultural norms around thinness', 'Pressure to be thin'), ('Public health messaging around thinness', 'Pressure to be thin'), ('Physical well-being', 'Mental well-being')]","[('Medications', 'Balance'), ('Secretion of inflammatory molecules by adipose cells', 'Insulin resistance'), ('Obesity', 'Obstructive sleep apnea'), ('Dyslipidemia', 'Blood pressure'), ('Obesity', 'Gastro-esophageal reflux disease'), ('Auto-inflammatory diseases', 'Inflammation'), ('Atherosclerosis', 'Coronary heart diseases'), ('Release of adipokines', 'Atherosclerosis'), ('Blood mono-unsaturated fatty acid level', 'Secretion of inflammatory molecules by adipose cells'), ('Insulin resistance', 'Fatty acids in the artery walls'), ('Insulin resistance', 'Cells intake of fatty acids'), ('Adipose storage of fatty acids', 'Inflammation'), ('Thoracic and abdominal obesity', 'Airway resistance'), ('Thoracic and abdominal obesity', 'Respiratory muscle fatigue'), ('Unhealthy weight control practices', 'Obesity'), ('Sodium retention', 'Blood pressure'), ('Short sleep duration', 'Pro-inflammatory cytokines'), ('Medications', 'Obesity'), ('Balance', 'Ability to engage in physical activity'), ('Short sleep duration', 'Cortisol'), ('Airway resistance', 'Asthma'), ('Short sleep duration', 'Blood pressure'), ('Fatty acids in the artery walls', 'Atherosclerosis'), ('Dyslipidemia', 'Insulin resistance'), ('Blood glucose level', 'Fatty acids in the artery walls'), ('Respiratory diseases', 'Ability to engage in physical activity'), ('Blood saturated fatty acid level', 'Secretion of inflammatory molecules by adipose cells'), ('Dysfunctional adipose tissue', 'Inflammation'), ('Coordination', 'Ability to engage in physical activity'), ('Obesity', 'Short sleep duration'), ('Inflammation', 'Asthma'), ('Coronary heart diseases', 'Dyspnea'), ('Tiredness', 'Ability to engage in physical activity'), ('Short sleep duration', 'Heart rate'), ('Blood fatty acid level', 'Blood glucose level'), ('Pro-inflammatory cytokines', 'Inflammation'), ('Respiratory muscle fatigue', 'Dyspnea'), ('Heart rate', 'Coronary heart diseases'), ('Medications', 'Coordination'), ('Beta blockers', 'Ability to engage in physical activity'), ('Sodium intake', 'Blood pressure'), ('Airway resistance', 'Asthma-like symptoms'), ('Medications', 'Concentration'), ('Cells intake of fatty acids', 'Adipose storage of fatty acids'), ('Physical pain', 'Ability to engage in physical activity'), ('Concentration', 'Ability to engage in physical activity'), ('Obesity', 'Release of adipokines'), ('Blood glucose level', 'Sodium retention'), ('Stimulants', 'Short sleep duration'), ('Obesity', 'Dysfunctional adipose tissue'), ('Medications', 'Tiredness'), ('Inflammation', 'Insulin resistance'), ('Inflammation', 'Auto-inflammatory diseases'), ('Blood fatty acid level', 'Adipose storage of fatty acids'), ('Dysfunctional adipose tissue', 'Blood pressure'), ('Dysfunctional adipose tissue', 'Dyslipidemia'), ('Obesity', 'Unhealthy weight control practices'), ('Obesity', 'Asthma-like symptoms'), ('Dyslipidemia', 'Atherosclerosis')]","[('Prevalence of walking trails', 'Quality of the sport infrastructure'), ('Medications', 'Balance'), ('Culture of eating that promotes healthy choices', 'Physical well-being'), ('Secretion of inflammatory molecules by adipose cells', 'Insulin resistance'), ('Presence of a vibrant community', 'Control'), ('Obesity', 'Weight bias'), ('Healthy eating', 'Blood mono-unsaturated fatty acid level'), ('Exercise', 'Heart rate'), ('Available time', 'Recreational physical activity'), ('Chronic conditions', 'Depression'), ('Exercise', 'Insulin resistance'), ('Weight bias', 'Socio-economic status'), ('Mental well-being', 'Physical well-being'), ('Obesity', 'Obstructive sleep apnea'), ('Eating disorders', 'Healthy eating'), ('Consumer demand for regulations', 'Marketing of healthy foods'), ('Dyslipidemia', 'Blood pressure'), ('Obesity', 'Gastro-esophageal reflux disease'), ('Perceived environmental safety', 'Mental well-being'), ('Late night TV watching', 'Short sleep duration'), ('Auto-inflammatory diseases', 'Inflammation'), ('Depression', 'Healthy eating'), ('Socio-economic status', 'Stress'), ('Exercise', 'Blood glucose level'), ('Public support and demand for healthy products', 'Marketing of healthy foods'), ('Unhealthy foods are cheaper than healthy ones', 'Supportive food environment'), ('Control', 'Mental well-being'), ('Atherosclerosis', 'Coronary heart diseases'), ('Socio-economic status', 'Physical well-being'), ('Ability to engage in physical activity', 'Physical activity'), ('Public health messaging around thinness', 'Weight bias'), ('Public support and demand for healthy products', 'Availability of healthy foods'), ('Release of adipokines', 'Atherosclerosis'), ('Consumer demand for regulations', 'Marketing of unhealthy foods'), ('Resilience', 'Mental well-being'), ('Blood mono-unsaturated fatty acid level', 'Secretion of inflammatory molecules by adipose cells'), ('Medical perspective that thin is good', 'Public health messaging around thinness'), ('Mental well-being', 'Medications'), ('Sexual difficulties', 'Mental well-being'), ('Insulin resistance', 'Fatty acids in the artery walls'), ('Insulin resistance', 'Cells intake of fatty acids'), ('Sidewalk prevalence and maintenance', 'Utilitarian physical activity '), ('Adipose storage of fatty acids', 'Inflammation'), ('Socio-economic status', 'Exercise'), ('Thoracic and abdominal obesity', 'Airway resistance'), ('Healthy eating', 'Short sleep duration'), ('Perceived environmental safety', 'Physical well-being'), ('Weight bias', 'Depression'), ('Emotional eating', 'Mental well-being'), ('Late night TV watching', 'Healthy eating'), ('Control', 'Stress'), ('Aesthetics', 'Physical well-being'), ('Economic incentives to produce unhealthy food products', 'Cost of unhealthy foods'), ('Supportive food environment', 'Healthy eating'), ('Appetite', 'Physical well-being'), ('Thoracic and abdominal obesity', 'Respiratory muscle fatigue'), ('Cardiovascular diseases', 'Fear of engaging in physical activity'), ('Socio-economic status', 'Mental well-being'), ('Unhealthy weight control practices', 'Obesity'), ('Exercise', 'Blood pressure'), ('Sodium retention', 'Blood pressure'), ('Short sleep duration', 'Pro-inflammatory cytokines'), ('Medications', 'Obesity'), ('Short sleep duration', 'Appetite'), ('Balance', 'Ability to engage in physical activity'), ('Short sleep duration', 'Cortisol'), ('Airway resistance', 'Asthma'), ('Short sleep duration', 'Blood pressure'), ('Medical perspective that thin is good', 'Cultural norms around thinness'), ('Healthy eating', 'Blood glucose level'), ('Mental well-being', 'Anticonvulsants'), ('Fatty acids in the artery walls', 'Atherosclerosis'), ('Dyslipidemia', 'Insulin resistance'), ('Blood glucose level', 'Fatty acids in the artery walls'), ('Respiratory diseases', 'Ability to engage in physical activity'), ('Blood saturated fatty acid level', 'Secretion of inflammatory molecules by adipose cells'), ('Dysfunctional adipose tissue', 'Inflammation'), ('Weight bias', 'Mental well-being'), ('Coordination', 'Ability to engage in physical activity'), ('Cultural norms around thinness', 'Cultural norms around thinness'), ('Cultural norms around thinness', 'Poor body image'), ('Obesity', 'Short sleep duration'), ('Inflammation', 'Asthma'), ('Healthy eating', 'Sodium intake'), ('Cultural norms around thinness', 'Eating disorders'), ('Poor body image', 'Sexual difficulties'), ('Fear of engaging in physical activity', 'Physical activity'), ('Short sleep duration', 'Healthy eating'), ('Coronary heart diseases', 'Dyspnea'), ('Stress', 'Inflammation'), ('Weight bias', 'Stress'), ('Unhealthy weight control practices', 'Eating disorders'), ('Tiredness', 'Ability to engage in physical activity'), ('Short sleep duration', 'Heart rate'), ('Prevalence of bike trails', 'Quality of the sport infrastructure'), ('Exercise', 'Blood fatty acid level'), ('Mental well-being', 'Emotional eating'), ('Poor body image', 'Poor body image'), ('Blood fatty acid level', 'Blood glucose level'), ('Cardiovascular diseases', 'Depression'), ('Pro-inflammatory cytokines', 'Inflammation'), ('Prevalence of green fields', 'Quality of the sport infrastructure'), ('Mental well-being', 'Antipsychotics'), ('Socio-economic status', 'Control'), ('Weight bias', 'Poor body image'), ('Positive experience of sports', 'Recreational physical activity'), ('Public support and demand for healthy products', 'Cost of healthy foods'), ('Socio-economic status', 'Availability of healthy foods'), ('Cardiovascular diseases', 'Physical well-being'), ('Respiratory muscle fatigue', 'Dyspnea'), ('Heart rate', 'Coronary heart diseases'), ('Pressure to be thin', 'Poor body image'), ('Medications', 'Coordination'), ('Beta blockers', 'Ability to engage in physical activity'), ('Antipsychotics', 'Appetite'), ('Sodium intake', 'Blood pressure'), ('Pressure to be thin', 'Unhealthy weight control practices'), ('Airway resistance', 'Asthma-like symptoms'), ('Depression', 'Stress'), ('Medications', 'Concentration'), ('Public support and demand for healthy products', 'Marketing of unhealthy foods'), ('Poor body image', 'Eating disorders'), ('Emotional eating', 'Healthy eating'), ('Obesity', 'Access to health professionals'), ('Obesity', 'Mental well-being'), ('Unhealthy foods are more available than healthy ones', 'Supportive food environment'), ('Healthy eating', 'Blood saturated fatty acid level'), ('Presence of a vibrant community', 'Resilience'), ('Cells intake of fatty acids', 'Adipose storage of fatty acids'), ('Physical activity', 'Physical well-being'), ('Appetite', 'Healthy eating'), ('Aesthetics', 'Stress'), ('Chronic conditions', 'Mental well-being'), ('Weight bias', 'Positive experience of sports'), ('Healthy eating', 'Dyslipidemia'), ('Quality of the sport infrastructure', 'Recreational physical activity'), ('Physical pain', 'Ability to engage in physical activity'), ('Prevalence of green fields', 'Aesthetics'), ('Concentration', 'Ability to engage in physical activity'), ('Aesthetics', 'Mental well-being'), ('Poor body image', 'Depression'), ('Chronic conditions', 'Physical well-being'), ('Obesity', 'Release of adipokines'), ('Blood glucose level', 'Sodium retention'), ('Restrictive covenants', 'Availability of healthy foods'), ('Musculoskeletal pain', 'Mental well-being'), ('Weight bias', 'Unhealthy weight control practices'), ('Physical activity', 'Mental well-being'), ('Access to health professionals', 'Ability to engage in physical activity'), ('Stimulants', 'Short sleep duration'), ('Culture of eating that promotes healthy choices', 'Healthy eating'), ('Culture of eating that promotes healthy choices', 'Mental well-being'), ('Weight bias', 'Exercise'), ('Obesity', 'Dysfunctional adipose tissue'), ('Medications', 'Tiredness'), ('Inflammation', 'Insulin resistance'), ('Anticonvulsants', 'Appetite'), ('Inflammation', 'Auto-inflammatory diseases'), ('Accessibility to shops', 'Utilitarian physical activity '), ('Blood fatty acid level', 'Adipose storage of fatty acids'), ('Perceived environmental safety', 'Physical activity'), ('Short sleep duration', 'Physical well-being'), ('Cultural norms around thinness', 'Pressure to be thin'), ('Weight bias', 'Access to health professionals'), ('Public health messaging around thinness', 'Pressure to be thin'), ('Dysfunctional adipose tissue', 'Blood pressure'), ('Dysfunctional adipose tissue', 'Dyslipidemia'), ('Aesthetics', 'Utilitarian physical activity '), ('Obesity', 'Unhealthy weight control practices'), ('Obesity', 'Asthma-like symptoms'), ('Marketing ratio of unhealthy to healthy foods', 'Supportive food environment'), ('Dyslipidemia', 'Atherosclerosis'), ('Physical well-being', 'Mental well-being'), ('Public support and demand for healthy products', 'Cost of unhealthy foods'), ('Musculoskeletal pain', 'Physical well-being'), ('Coronary heart diseases', 'Exercise')]"
3,"[('Socio-economic status', 'Short sleep duration'), ('Weight bias', 'Blood pressure'), ('Stress', 'Inflammation'), ('Pressure to be thin', 'Stimulants'), ('Poor body image', 'Unhealthy weight control practices'), ('Culture of eating that promotes healthy choices', 'Blood fatty acid level'), ('Resilience', 'Pro-inflammatory cytokines'), ('Mental well-being', 'Ability to engage in physical activity'), ('Depression', 'Inflammation')]",-1,-1,-1,1,-1,"[('Culture of eating that promotes healthy choices', 'Physical well-being'), ('Weight bias', 'Socio-economic status'), ('Mental well-being', 'Physical well-being'), ('Socio-economic status', 'Stress'), ('Control', 'Mental well-being'), ('Socio-economic status', 'Physical well-being'), ('Public health messaging around thinness', 'Weight bias'), ('Resilience', 'Mental well-being'), ('Medical perspective that thin is good', 'Public health messaging around thinness'), ('Weight bias', 'Depression'), ('Control', 'Stress'), ('Socio-economic status', 'Mental well-being'), ('Medical perspective that thin is good', 'Cultural norms around thinness'), ('Weight bias', 'Mental well-being'), ('Cultural norms around thinness', 'Cultural norms around thinness'), ('Cultural norms around thinness', 'Poor body image'), ('Weight bias', 'Stress'), ('Poor body image', 'Poor body image'), ('Socio-economic status', 'Control'), ('Weight bias', 'Poor body image'), ('Pressure to be thin', 'Poor body image'), ('Depression', 'Stress'), ('Poor body image', 'Depression'), ('Culture of eating that promotes healthy choices', 'Mental well-being'), ('Cultural norms around thinness', 'Pressure to be thin'), ('Public health messaging around thinness', 'Pressure to be thin'), ('Physical well-being', 'Mental well-being')]","[('Medications', 'Balance'), ('Secretion of inflammatory molecules by adipose cells', 'Insulin resistance'), ('Obesity', 'Obstructive sleep apnea'), ('Dyslipidemia', 'Blood pressure'), ('Obesity', 'Gastro-esophageal reflux disease'), ('Auto-inflammatory diseases', 'Inflammation'), ('Atherosclerosis', 'Coronary heart diseases'), ('Release of adipokines', 'Atherosclerosis'), ('Blood mono-unsaturated fatty acid level', 'Secretion of inflammatory molecules by adipose cells'), ('Insulin resistance', 'Fatty acids in the artery walls'), ('Insulin resistance', 'Cells intake of fatty acids'), ('Adipose storage of fatty acids', 'Inflammation'), ('Thoracic and abdominal obesity', 'Airway resistance'), ('Thoracic and abdominal obesity', 'Respiratory muscle fatigue'), ('Unhealthy weight control practices', 'Obesity'), ('Sodium retention', 'Blood pressure'), ('Short sleep duration', 'Pro-inflammatory cytokines'), ('Medications', 'Obesity'), ('Balance', 'Ability to engage in physical activity'), ('Short sleep duration', 'Cortisol'), ('Airway resistance', 'Asthma'), ('Short sleep duration', 'Blood pressure'), ('Fatty acids in the artery walls', 'Atherosclerosis'), ('Dyslipidemia', 'Insulin resistance'), ('Blood glucose level', 'Fatty acids in the artery walls'), ('Respiratory diseases', 'Ability to engage in physical activity'), ('Blood saturated fatty acid level', 'Secretion of inflammatory molecules by adipose cells'), ('Dysfunctional adipose tissue', 'Inflammation'), ('Coordination', 'Ability to engage in physical activity'), ('Obesity', 'Short sleep duration'), ('Inflammation', 'Asthma'), ('Coronary heart diseases', 'Dyspnea'), ('Tiredness', 'Ability to engage in physical activity'), ('Short sleep duration', 'Heart rate'), ('Blood fatty acid level', 'Blood glucose level'), ('Pro-inflammatory cytokines', 'Inflammation'), ('Respiratory muscle fatigue', 'Dyspnea'), ('Heart rate', 'Coronary heart diseases'), ('Medications', 'Coordination'), ('Beta blockers', 'Ability to engage in physical activity'), ('Sodium intake', 'Blood pressure'), ('Airway resistance', 'Asthma-like symptoms'), ('Medications', 'Concentration'), ('Cells intake of fatty acids', 'Adipose storage of fatty acids'), ('Physical pain', 'Ability to engage in physical activity'), ('Concentration', 'Ability to engage in physical activity'), ('Obesity', 'Release of adipokines'), ('Blood glucose level', 'Sodium retention'), ('Stimulants', 'Short sleep duration'), ('Obesity', 'Dysfunctional adipose tissue'), ('Medications', 'Tiredness'), ('Inflammation', 'Insulin resistance'), ('Inflammation', 'Auto-inflammatory diseases'), ('Blood fatty acid level', 'Adipose storage of fatty acids'), ('Dysfunctional adipose tissue', 'Blood pressure'), ('Dysfunctional adipose tissue', 'Dyslipidemia'), ('Obesity', 'Unhealthy weight control practices'), ('Obesity', 'Asthma-like symptoms'), ('Dyslipidemia', 'Atherosclerosis')]","[('Prevalence of walking trails', 'Quality of the sport infrastructure'), ('Medications', 'Balance'), ('Culture of eating that promotes healthy choices', 'Physical well-being'), ('Secretion of inflammatory molecules by adipose cells', 'Insulin resistance'), ('Presence of a vibrant community', 'Control'), ('Obesity', 'Weight bias'), ('Healthy eating', 'Blood mono-unsaturated fatty acid level'), ('Exercise', 'Heart rate'), ('Available time', 'Recreational physical activity'), ('Chronic conditions', 'Depression'), ('Exercise', 'Insulin resistance'), ('Weight bias', 'Socio-economic status'), ('Mental well-being', 'Physical well-being'), ('Obesity', 'Obstructive sleep apnea'), ('Eating disorders', 'Healthy eating'), ('Consumer demand for regulations', 'Marketing of healthy foods'), ('Dyslipidemia', 'Blood pressure'), ('Obesity', 'Gastro-esophageal reflux disease'), ('Perceived environmental safety', 'Mental well-being'), ('Late night TV watching', 'Short sleep duration'), ('Auto-inflammatory diseases', 'Inflammation'), ('Depression', 'Healthy eating'), ('Socio-economic status', 'Stress'), ('Exercise', 'Blood glucose level'), ('Public support and demand for healthy products', 'Marketing of healthy foods'), ('Unhealthy foods are cheaper than healthy ones', 'Supportive food environment'), ('Control', 'Mental well-being'), ('Atherosclerosis', 'Coronary heart diseases'), ('Socio-economic status', 'Physical well-being'), ('Ability to engage in physical activity', 'Physical activity'), ('Public health messaging around thinness', 'Weight bias'), ('Public support and demand for healthy products', 'Availability of healthy foods'), ('Release of adipokines', 'Atherosclerosis'), ('Consumer demand for regulations', 'Marketing of unhealthy foods'), ('Resilience', 'Mental well-being'), ('Blood mono-unsaturated fatty acid level', 'Secretion of inflammatory molecules by adipose cells'), ('Medical perspective that thin is good', 'Public health messaging around thinness'), ('Mental well-being', 'Medications'), ('Sexual difficulties', 'Mental well-being'), ('Insulin resistance', 'Fatty acids in the artery walls'), ('Insulin resistance', 'Cells intake of fatty acids'), ('Sidewalk prevalence and maintenance', 'Utilitarian physical activity '), ('Adipose storage of fatty acids', 'Inflammation'), ('Socio-economic status', 'Exercise'), ('Thoracic and abdominal obesity', 'Airway resistance'), ('Healthy eating', 'Short sleep duration'), ('Perceived environmental safety', 'Physical well-being'), ('Weight bias', 'Depression'), ('Emotional eating', 'Mental well-being'), ('Late night TV watching', 'Healthy eating'), ('Control', 'Stress'), ('Aesthetics', 'Physical well-being'), ('Economic incentives to produce unhealthy food products', 'Cost of unhealthy foods'), ('Supportive food environment', 'Healthy eating'), ('Appetite', 'Physical well-being'), ('Thoracic and abdominal obesity', 'Respiratory muscle fatigue'), ('Cardiovascular diseases', 'Fear of engaging in physical activity'), ('Socio-economic status', 'Mental well-being'), ('Unhealthy weight control practices', 'Obesity'), ('Exercise', 'Blood pressure'), ('Sodium retention', 'Blood pressure'), ('Short sleep duration', 'Pro-inflammatory cytokines'), ('Medications', 'Obesity'), ('Short sleep duration', 'Appetite'), ('Balance', 'Ability to engage in physical activity'), ('Short sleep duration', 'Cortisol'), ('Airway resistance', 'Asthma'), ('Short sleep duration', 'Blood pressure'), ('Medical perspective that thin is good', 'Cultural norms around thinness'), ('Healthy eating', 'Blood glucose level'), ('Mental well-being', 'Anticonvulsants'), ('Fatty acids in the artery walls', 'Atherosclerosis'), ('Dyslipidemia', 'Insulin resistance'), ('Blood glucose level', 'Fatty acids in the artery walls'), ('Respiratory diseases', 'Ability to engage in physical activity'), ('Blood saturated fatty acid level', 'Secretion of inflammatory molecules by adipose cells'), ('Dysfunctional adipose tissue', 'Inflammation'), ('Weight bias', 'Mental well-being'), ('Coordination', 'Ability to engage in physical activity'), ('Cultural norms around thinness', 'Cultural norms around thinness'), ('Cultural norms around thinness', 'Poor body image'), ('Obesity', 'Short sleep duration'), ('Inflammation', 'Asthma'), ('Healthy eating', 'Sodium intake'), ('Cultural norms around thinness', 'Eating disorders'), ('Poor body image', 'Sexual difficulties'), ('Fear of engaging in physical activity', 'Physical activity'), ('Short sleep duration', 'Healthy eating'), ('Coronary heart diseases', 'Dyspnea'), ('Stress', 'Inflammation'), ('Weight bias', 'Stress'), ('Unhealthy weight control practices', 'Eating disorders'), ('Tiredness', 'Ability to engage in physical activity'), ('Short sleep duration', 'Heart rate'), ('Prevalence of bike trails', 'Quality of the sport infrastructure'), ('Exercise', 'Blood fatty acid level'), ('Mental well-being', 'Emotional eating'), ('Poor body image', 'Poor body image'), ('Blood fatty acid level', 'Blood glucose level'), ('Cardiovascular diseases', 'Depression'), ('Pro-inflammatory cytokines', 'Inflammation'), ('Prevalence of green fields', 'Quality of the sport infrastructure'), ('Mental well-being', 'Antipsychotics'), ('Socio-economic status', 'Control'), ('Weight bias', 'Poor body image'), ('Positive experience of sports', 'Recreational physical activity'), ('Public support and demand for healthy products', 'Cost of healthy foods'), ('Socio-economic status', 'Availability of healthy foods'), ('Cardiovascular diseases', 'Physical well-being'), ('Respiratory muscle fatigue', 'Dyspnea'), ('Heart rate', 'Coronary heart diseases'), ('Pressure to be thin', 'Poor body image'), ('Medications', 'Coordination'), ('Beta blockers', 'Ability to engage in physical activity'), ('Antipsychotics', 'Appetite'), ('Sodium intake', 'Blood pressure'), ('Pressure to be thin', 'Unhealthy weight control practices'), ('Airway resistance', 'Asthma-like symptoms'), ('Depression', 'Stress'), ('Medications', 'Concentration'), ('Public support and demand for healthy products', 'Marketing of unhealthy foods'), ('Poor body image', 'Eating disorders'), ('Emotional eating', 'Healthy eating'), ('Obesity', 'Access to health professionals'), ('Obesity', 'Mental well-being'), ('Unhealthy foods are more available than healthy ones', 'Supportive food environment'), ('Healthy eating', 'Blood saturated fatty acid level'), ('Presence of a vibrant community', 'Resilience'), ('Cells intake of fatty acids', 'Adipose storage of fatty acids'), ('Physical activity', 'Physical well-being'), ('Appetite', 'Healthy eating'), ('Aesthetics', 'Stress'), ('Chronic conditions', 'Mental well-being'), ('Weight bias', 'Positive experience of sports'), ('Healthy eating', 'Dyslipidemia'), ('Quality of the sport infrastructure', 'Recreational physical activity'), ('Physical pain', 'Ability to engage in physical activity'), ('Prevalence of green fields', 'Aesthetics'), ('Concentration', 'Ability to engage in physical activity'), ('Aesthetics', 'Mental well-being'), ('Poor body image', 'Depression'), ('Chronic conditions', 'Physical well-being'), ('Obesity', 'Release of adipokines'), ('Blood glucose level', 'Sodium retention'), ('Restrictive covenants', 'Availability of healthy foods'), ('Musculoskeletal pain', 'Mental well-being'), ('Weight bias', 'Unhealthy weight control practices'), ('Physical activity', 'Mental well-being'), ('Access to health professionals', 'Ability to engage in physical activity'), ('Stimulants', 'Short sleep duration'), ('Culture of eating that promotes healthy choices', 'Healthy eating'), ('Culture of eating that promotes healthy choices', 'Mental well-being'), ('Weight bias', 'Exercise'), ('Obesity', 'Dysfunctional adipose tissue'), ('Medications', 'Tiredness'), ('Inflammation', 'Insulin resistance'), ('Anticonvulsants', 'Appetite'), ('Inflammation', 'Auto-inflammatory diseases'), ('Accessibility to shops', 'Utilitarian physical activity '), ('Blood fatty acid level', 'Adipose storage of fatty acids'), ('Perceived environmental safety', 'Physical activity'), ('Short sleep duration', 'Physical well-being'), ('Cultural norms around thinness', 'Pressure to be thin'), ('Weight bias', 'Access to health professionals'), ('Public health messaging around thinness', 'Pressure to be thin'), ('Dysfunctional adipose tissue', 'Blood pressure'), ('Dysfunctional adipose tissue', 'Dyslipidemia'), ('Aesthetics', 'Utilitarian physical activity '), ('Obesity', 'Unhealthy weight control practices'), ('Obesity', 'Asthma-like symptoms'), ('Marketing ratio of unhealthy to healthy foods', 'Supportive food environment'), ('Dyslipidemia', 'Atherosclerosis'), ('Physical well-being', 'Mental well-being'), ('Public support and demand for healthy products', 'Cost of unhealthy foods'), ('Musculoskeletal pain', 'Physical well-being'), ('Coronary heart diseases', 'Exercise')]"
4,"[('Socio-economic status', 'Short sleep duration'), ('Weight bias', 'Blood pressure'), ('Stress', 'Inflammation'), ('Pressure to be thin', 'Stimulants'), ('Poor body image', 'Unhealthy weight control practices'), ('Culture of eating that promotes healthy choices', 'Blood fatty acid level'), ('Resilience', 'Pro-inflammatory cytokines'), ('Mental well-being', 'Ability to engage in physical activity'), ('Depression', 'Inflammation')]",-1,-1,-1,1,-1,"[('Culture of eating that promotes healthy choices', 'Physical well-being'), ('Weight bias', 'Socio-economic status'), ('Mental well-being', 'Physical well-being'), ('Socio-economic status', 'Stress'), ('Control', 'Mental well-being'), ('Socio-economic status', 'Physical well-being'), ('Public health messaging around thinness', 'Weight bias'), ('Resilience', 'Mental well-being'), ('Medical perspective that thin is good', 'Public health messaging around thinness'), ('Weight bias', 'Depression'), ('Control', 'Stress'), ('Socio-economic status', 'Mental well-being'), ('Medical perspective that thin is good', 'Cultural norms around thinness'), ('Weight bias', 'Mental well-being'), ('Cultural norms around thinness', 'Cultural norms around thinness'), ('Cultural norms around thinness', 'Poor body image'), ('Weight bias', 'Stress'), ('Poor body image', 'Poor body image'), ('Socio-economic status', 'Control'), ('Weight bias', 'Poor body image'), ('Pressure to be thin', 'Poor body image'), ('Depression', 'Stress'), ('Poor body image', 'Depression'), ('Culture of eating that promotes healthy choices', 'Mental well-being'), ('Cultural norms around thinness', 'Pressure to be thin'), ('Public health messaging around thinness', 'Pressure to be thin'), ('Physical well-being', 'Mental well-being')]","[('Medications', 'Balance'), ('Secretion of inflammatory molecules by adipose cells', 'Insulin resistance'), ('Obesity', 'Obstructive sleep apnea'), ('Dyslipidemia', 'Blood pressure'), ('Obesity', 'Gastro-esophageal reflux disease'), ('Auto-inflammatory diseases', 'Inflammation'), ('Atherosclerosis', 'Coronary heart diseases'), ('Release of adipokines', 'Atherosclerosis'), ('Blood mono-unsaturated fatty acid level', 'Secretion of inflammatory molecules by adipose cells'), ('Insulin resistance', 'Fatty acids in the artery walls'), ('Insulin resistance', 'Cells intake of fatty acids'), ('Adipose storage of fatty acids', 'Inflammation'), ('Thoracic and abdominal obesity', 'Airway resistance'), ('Thoracic and abdominal obesity', 'Respiratory muscle fatigue'), ('Unhealthy weight control practices', 'Obesity'), ('Sodium retention', 'Blood pressure'), ('Short sleep duration', 'Pro-inflammatory cytokines'), ('Medications', 'Obesity'), ('Balance', 'Ability to engage in physical activity'), ('Short sleep duration', 'Cortisol'), ('Airway resistance', 'Asthma'), ('Short sleep duration', 'Blood pressure'), ('Fatty acids in the artery walls', 'Atherosclerosis'), ('Dyslipidemia', 'Insulin resistance'), ('Blood glucose level', 'Fatty acids in the artery walls'), ('Respiratory diseases', 'Ability to engage in physical activity'), ('Blood saturated fatty acid level', 'Secretion of inflammatory molecules by adipose cells'), ('Dysfunctional adipose tissue', 'Inflammation'), ('Coordination', 'Ability to engage in physical activity'), ('Obesity', 'Short sleep duration'), ('Inflammation', 'Asthma'), ('Coronary heart diseases', 'Dyspnea'), ('Tiredness', 'Ability to engage in physical activity'), ('Short sleep duration', 'Heart rate'), ('Blood fatty acid level', 'Blood glucose level'), ('Pro-inflammatory cytokines', 'Inflammation'), ('Respiratory muscle fatigue', 'Dyspnea'), ('Heart rate', 'Coronary heart diseases'), ('Medications', 'Coordination'), ('Beta blockers', 'Ability to engage in physical activity'), ('Sodium intake', 'Blood pressure'), ('Airway resistance', 'Asthma-like symptoms'), ('Medications', 'Concentration'), ('Cells intake of fatty acids', 'Adipose storage of fatty acids'), ('Physical pain', 'Ability to engage in physical activity'), ('Concentration', 'Ability to engage in physical activity'), ('Obesity', 'Release of adipokines'), ('Blood glucose level', 'Sodium retention'), ('Stimulants', 'Short sleep duration'), ('Obesity', 'Dysfunctional adipose tissue'), ('Medications', 'Tiredness'), ('Inflammation', 'Insulin resistance'), ('Inflammation', 'Auto-inflammatory diseases'), ('Blood fatty acid level', 'Adipose storage of fatty acids'), ('Dysfunctional adipose tissue', 'Blood pressure'), ('Dysfunctional adipose tissue', 'Dyslipidemia'), ('Obesity', 'Unhealthy weight control practices'), ('Obesity', 'Asthma-like symptoms'), ('Dyslipidemia', 'Atherosclerosis')]","[('Prevalence of walking trails', 'Quality of the sport infrastructure'), ('Medications', 'Balance'), ('Culture of eating that promotes healthy choices', 'Physical well-being'), ('Secretion of inflammatory molecules by adipose cells', 'Insulin resistance'), ('Presence of a vibrant community', 'Control'), ('Obesity', 'Weight bias'), ('Healthy eating', 'Blood mono-unsaturated fatty acid level'), ('Exercise', 'Heart rate'), ('Available time', 'Recreational physical activity'), ('Chronic conditions', 'Depression'), ('Exercise', 'Insulin resistance'), ('Weight bias', 'Socio-economic status'), ('Mental well-being', 'Physical well-being'), ('Obesity', 'Obstructive sleep apnea'), ('Eating disorders', 'Healthy eating'), ('Consumer demand for regulations', 'Marketing of healthy foods'), ('Dyslipidemia', 'Blood pressure'), ('Obesity', 'Gastro-esophageal reflux disease'), ('Perceived environmental safety', 'Mental well-being'), ('Late night TV watching', 'Short sleep duration'), ('Auto-inflammatory diseases', 'Inflammation'), ('Depression', 'Healthy eating'), ('Socio-economic status', 'Stress'), ('Exercise', 'Blood glucose level'), ('Public support and demand for healthy products', 'Marketing of healthy foods'), ('Unhealthy foods are cheaper than healthy ones', 'Supportive food environment'), ('Control', 'Mental well-being'), ('Atherosclerosis', 'Coronary heart diseases'), ('Socio-economic status', 'Physical well-being'), ('Ability to engage in physical activity', 'Physical activity'), ('Public health messaging around thinness', 'Weight bias'), ('Public support and demand for healthy products', 'Availability of healthy foods'), ('Release of adipokines', 'Atherosclerosis'), ('Consumer demand for regulations', 'Marketing of unhealthy foods'), ('Resilience', 'Mental well-being'), ('Blood mono-unsaturated fatty acid level', 'Secretion of inflammatory molecules by adipose cells'), ('Medical perspective that thin is good', 'Public health messaging around thinness'), ('Mental well-being', 'Medications'), ('Sexual difficulties', 'Mental well-being'), ('Insulin resistance', 'Fatty acids in the artery walls'), ('Insulin resistance', 'Cells intake of fatty acids'), ('Sidewalk prevalence and maintenance', 'Utilitarian physical activity '), ('Adipose storage of fatty acids', 'Inflammation'), ('Socio-economic status', 'Exercise'), ('Thoracic and abdominal obesity', 'Airway resistance'), ('Healthy eating', 'Short sleep duration'), ('Perceived environmental safety', 'Physical well-being'), ('Weight bias', 'Depression'), ('Emotional eating', 'Mental well-being'), ('Late night TV watching', 'Healthy eating'), ('Control', 'Stress'), ('Aesthetics', 'Physical well-being'), ('Economic incentives to produce unhealthy food products', 'Cost of unhealthy foods'), ('Supportive food environment', 'Healthy eating'), ('Appetite', 'Physical well-being'), ('Thoracic and abdominal obesity', 'Respiratory muscle fatigue'), ('Cardiovascular diseases', 'Fear of engaging in physical activity'), ('Socio-economic status', 'Mental well-being'), ('Unhealthy weight control practices', 'Obesity'), ('Exercise', 'Blood pressure'), ('Sodium retention', 'Blood pressure'), ('Short sleep duration', 'Pro-inflammatory cytokines'), ('Medications', 'Obesity'), ('Short sleep duration', 'Appetite'), ('Balance', 'Ability to engage in physical activity'), ('Short sleep duration', 'Cortisol'), ('Airway resistance', 'Asthma'), ('Short sleep duration', 'Blood pressure'), ('Medical perspective that thin is good', 'Cultural norms around thinness'), ('Healthy eating', 'Blood glucose level'), ('Mental well-being', 'Anticonvulsants'), ('Fatty acids in the artery walls', 'Atherosclerosis'), ('Dyslipidemia', 'Insulin resistance'), ('Blood glucose level', 'Fatty acids in the artery walls'), ('Respiratory diseases', 'Ability to engage in physical activity'), ('Blood saturated fatty acid level', 'Secretion of inflammatory molecules by adipose cells'), ('Dysfunctional adipose tissue', 'Inflammation'), ('Weight bias', 'Mental well-being'), ('Coordination', 'Ability to engage in physical activity'), ('Cultural norms around thinness', 'Cultural norms around thinness'), ('Cultural norms around thinness', 'Poor body image'), ('Obesity', 'Short sleep duration'), ('Inflammation', 'Asthma'), ('Healthy eating', 'Sodium intake'), ('Cultural norms around thinness', 'Eating disorders'), ('Poor body image', 'Sexual difficulties'), ('Fear of engaging in physical activity', 'Physical activity'), ('Short sleep duration', 'Healthy eating'), ('Coronary heart diseases', 'Dyspnea'), ('Stress', 'Inflammation'), ('Weight bias', 'Stress'), ('Unhealthy weight control practices', 'Eating disorders'), ('Tiredness', 'Ability to engage in physical activity'), ('Short sleep duration', 'Heart rate'), ('Prevalence of bike trails', 'Quality of the sport infrastructure'), ('Exercise', 'Blood fatty acid level'), ('Mental well-being', 'Emotional eating'), ('Poor body image', 'Poor body image'), ('Blood fatty acid level', 'Blood glucose level'), ('Cardiovascular diseases', 'Depression'), ('Pro-inflammatory cytokines', 'Inflammation'), ('Prevalence of green fields', 'Quality of the sport infrastructure'), ('Mental well-being', 'Antipsychotics'), ('Socio-economic status', 'Control'), ('Weight bias', 'Poor body image'), ('Positive experience of sports', 'Recreational physical activity'), ('Public support and demand for healthy products', 'Cost of healthy foods'), ('Socio-economic status', 'Availability of healthy foods'), ('Cardiovascular diseases', 'Physical well-being'), ('Respiratory muscle fatigue', 'Dyspnea'), ('Heart rate', 'Coronary heart diseases'), ('Pressure to be thin', 'Poor body image'), ('Medications', 'Coordination'), ('Beta blockers', 'Ability to engage in physical activity'), ('Antipsychotics', 'Appetite'), ('Sodium intake', 'Blood pressure'), ('Pressure to be thin', 'Unhealthy weight control practices'), ('Airway resistance', 'Asthma-like symptoms'), ('Depression', 'Stress'), ('Medications', 'Concentration'), ('Public support and demand for healthy products', 'Marketing of unhealthy foods'), ('Poor body image', 'Eating disorders'), ('Emotional eating', 'Healthy eating'), ('Obesity', 'Access to health professionals'), ('Obesity', 'Mental well-being'), ('Unhealthy foods are more available than healthy ones', 'Supportive food environment'), ('Healthy eating', 'Blood saturated fatty acid level'), ('Presence of a vibrant community', 'Resilience'), ('Cells intake of fatty acids', 'Adipose storage of fatty acids'), ('Physical activity', 'Physical well-being'), ('Appetite', 'Healthy eating'), ('Aesthetics', 'Stress'), ('Chronic conditions', 'Mental well-being'), ('Weight bias', 'Positive experience of sports'), ('Healthy eating', 'Dyslipidemia'), ('Quality of the sport infrastructure', 'Recreational physical activity'), ('Physical pain', 'Ability to engage in physical activity'), ('Prevalence of green fields', 'Aesthetics'), ('Concentration', 'Ability to engage in physical activity'), ('Aesthetics', 'Mental well-being'), ('Poor body image', 'Depression'), ('Chronic conditions', 'Physical well-being'), ('Obesity', 'Release of adipokines'), ('Blood glucose level', 'Sodium retention'), ('Restrictive covenants', 'Availability of healthy foods'), ('Musculoskeletal pain', 'Mental well-being'), ('Weight bias', 'Unhealthy weight control practices'), ('Physical activity', 'Mental well-being'), ('Access to health professionals', 'Ability to engage in physical activity'), ('Stimulants', 'Short sleep duration'), ('Culture of eating that promotes healthy choices', 'Healthy eating'), ('Culture of eating that promotes healthy choices', 'Mental well-being'), ('Weight bias', 'Exercise'), ('Obesity', 'Dysfunctional adipose tissue'), ('Medications', 'Tiredness'), ('Inflammation', 'Insulin resistance'), ('Anticonvulsants', 'Appetite'), ('Inflammation', 'Auto-inflammatory diseases'), ('Accessibility to shops', 'Utilitarian physical activity '), ('Blood fatty acid level', 'Adipose storage of fatty acids'), ('Perceived environmental safety', 'Physical activity'), ('Short sleep duration', 'Physical well-being'), ('Cultural norms around thinness', 'Pressure to be thin'), ('Weight bias', 'Access to health professionals'), ('Public health messaging around thinness', 'Pressure to be thin'), ('Dysfunctional adipose tissue', 'Blood pressure'), ('Dysfunctional adipose tissue', 'Dyslipidemia'), ('Aesthetics', 'Utilitarian physical activity '), ('Obesity', 'Unhealthy weight control practices'), ('Obesity', 'Asthma-like symptoms'), ('Marketing ratio of unhealthy to healthy foods', 'Supportive food environment'), ('Dyslipidemia', 'Atherosclerosis'), ('Physical well-being', 'Mental well-being'), ('Public support and demand for healthy products', 'Cost of unhealthy foods'), ('Musculoskeletal pain', 'Physical well-being'), ('Coronary heart diseases', 'Exercise')]"
0,"[('Medical perspective that thin is good', 'Dysfunctional adipose tissue'), ('Resilience', 'Ability to engage in physical activity'), ('Control', 'Blood pressure'), ('Weight bias', 'Dyslipidemia'), ('Stress', 'Cortisol'), ('Poor body image', 'Unhealthy weight control practices'), ('Pressure to be thin', 'Blood saturated fatty acid level'), ('Culture of eating that promotes healthy choices', 'Blood glucose level'), ('Public health messaging around thinness', 'Obesity'), ('Physical well-being', 'Physical pain'), ('Depression', 'Inflammation'), ('Socio-economic status', 'Sodium intake')]",-1,-1,-1,-1,-1,"[('Culture of eating that promotes healthy choices', 'Physical well-being'), ('Weight bias', 'Socio-economic status'), ('Mental well-being', 'Physical well-being'), ('Socio-economic status', 'Stress'), ('Control', 'Mental well-being'), ('Socio-economic status', 'Physical well-being'), ('Public health messaging around thinness', 'Weight bias'), ('Resilience', 'Mental well-being'), ('Medical perspective that thin is good', 'Public health messaging around thinness'), ('Weight bias', 'Depression'), ('Control', 'Stress'), ('Socio-economic status', 'Mental well-being'), ('Medical perspective that thin is good', 'Cultural norms around thinness'), ('Weight bias', 'Mental well-being'), ('Cultural norms around thinness', 'Cultural norms around thinness'), ('Cultural norms around thinness', 'Poor body image'), ('Weight bias', 'Stress'), ('Poor body image', 'Poor body image'), ('Socio-economic status', 'Control'), ('Weight bias', 'Poor body image'), ('Pressure to be thin', 'Poor body image'), ('Depression', 'Stress'), ('Poor body image', 'Depression'), ('Culture of eating that promotes healthy choices', 'Mental well-being'), ('Cultural norms around thinness', 'Pressure to be thin'), ('Public health messaging around thinness', 'Pressure to be thin'), ('Physical well-being', 'Mental well-being')]","[('Medications', 'Balance'), ('Secretion of inflammatory molecules by adipose cells', 'Insulin resistance'), ('Obesity', 'Obstructive sleep apnea'), ('Dyslipidemia', 'Blood pressure'), ('Obesity', 'Gastro-esophageal reflux disease'), ('Auto-inflammatory diseases', 'Inflammation'), ('Atherosclerosis', 'Coronary heart diseases'), ('Release of adipokines', 'Atherosclerosis'), ('Blood mono-unsaturated fatty acid level', 'Secretion of inflammatory molecules by adipose cells'), ('Insulin resistance', 'Fatty acids in the artery walls'), ('Insulin resistance', 'Cells intake of fatty acids'), ('Adipose storage of fatty acids', 'Inflammation'), ('Thoracic and abdominal obesity', 'Airway resistance'), ('Thoracic and abdominal obesity', 'Respiratory muscle fatigue'), ('Unhealthy weight control practices', 'Obesity'), ('Sodium retention', 'Blood pressure'), ('Short sleep duration', 'Pro-inflammatory cytokines'), ('Medications', 'Obesity'), ('Balance', 'Ability to engage in physical activity'), ('Short sleep duration', 'Cortisol'), ('Airway resistance', 'Asthma'), ('Short sleep duration', 'Blood pressure'), ('Fatty acids in the artery walls', 'Atherosclerosis'), ('Dyslipidemia', 'Insulin resistance'), ('Blood glucose level', 'Fatty acids in the artery walls'), ('Respiratory diseases', 'Ability to engage in physical activity'), ('Blood saturated fatty acid level', 'Secretion of inflammatory molecules by adipose cells'), ('Dysfunctional adipose tissue', 'Inflammation'), ('Coordination', 'Ability to engage in physical activity'), ('Obesity', 'Short sleep duration'), ('Inflammation', 'Asthma'), ('Coronary heart diseases', 'Dyspnea'), ('Tiredness', 'Ability to engage in physical activity'), ('Short sleep duration', 'Heart rate'), ('Blood fatty acid level', 'Blood glucose level'), ('Pro-inflammatory cytokines', 'Inflammation'), ('Respiratory muscle fatigue', 'Dyspnea'), ('Heart rate', 'Coronary heart diseases'), ('Medications', 'Coordination'), ('Beta blockers', 'Ability to engage in physical activity'), ('Sodium intake', 'Blood pressure'), ('Airway resistance', 'Asthma-like symptoms'), ('Medications', 'Concentration'), ('Cells intake of fatty acids', 'Adipose storage of fatty acids'), ('Physical pain', 'Ability to engage in physical activity'), ('Concentration', 'Ability to engage in physical activity'), ('Obesity', 'Release of adipokines'), ('Blood glucose level', 'Sodium retention'), ('Stimulants', 'Short sleep duration'), ('Obesity', 'Dysfunctional adipose tissue'), ('Medications', 'Tiredness'), ('Inflammation', 'Insulin resistance'), ('Inflammation', 'Auto-inflammatory diseases'), ('Blood fatty acid level', 'Adipose storage of fatty acids'), ('Dysfunctional adipose tissue', 'Blood pressure'), ('Dysfunctional adipose tissue', 'Dyslipidemia'), ('Obesity', 'Unhealthy weight control practices'), ('Obesity', 'Asthma-like symptoms'), ('Dyslipidemia', 'Atherosclerosis')]","[('Prevalence of walking trails', 'Quality of the sport infrastructure'), ('Medications', 'Balance'), ('Culture of eating that promotes healthy choices', 'Physical well-being'), ('Secretion of inflammatory molecules by adipose cells', 'Insulin resistance'), ('Presence of a vibrant community', 'Control'), ('Obesity', 'Weight bias'), ('Healthy eating', 'Blood mono-unsaturated fatty acid level'), ('Exercise', 'Heart rate'), ('Available time', 'Recreational physical activity'), ('Chronic conditions', 'Depression'), ('Exercise', 'Insulin resistance'), ('Weight bias', 'Socio-economic status'), ('Mental well-being', 'Physical well-being'), ('Obesity', 'Obstructive sleep apnea'), ('Eating disorders', 'Healthy eating'), ('Consumer demand for regulations', 'Marketing of healthy foods'), ('Dyslipidemia', 'Blood pressure'), ('Obesity', 'Gastro-esophageal reflux disease'), ('Perceived environmental safety', 'Mental well-being'), ('Late night TV watching', 'Short sleep duration'), ('Auto-inflammatory diseases', 'Inflammation'), ('Depression', 'Healthy eating'), ('Socio-economic status', 'Stress'), ('Exercise', 'Blood glucose level'), ('Public support and demand for healthy products', 'Marketing of healthy foods'), ('Unhealthy foods are cheaper than healthy ones', 'Supportive food environment'), ('Control', 'Mental well-being'), ('Atherosclerosis', 'Coronary heart diseases'), ('Socio-economic status', 'Physical well-being'), ('Ability to engage in physical activity', 'Physical activity'), ('Public health messaging around thinness', 'Weight bias'), ('Public support and demand for healthy products', 'Availability of healthy foods'), ('Release of adipokines', 'Atherosclerosis'), ('Consumer demand for regulations', 'Marketing of unhealthy foods'), ('Resilience', 'Mental well-being'), ('Blood mono-unsaturated fatty acid level', 'Secretion of inflammatory molecules by adipose cells'), ('Medical perspective that thin is good', 'Public health messaging around thinness'), ('Mental well-being', 'Medications'), ('Sexual difficulties', 'Mental well-being'), ('Insulin resistance', 'Fatty acids in the artery walls'), ('Insulin resistance', 'Cells intake of fatty acids'), ('Sidewalk prevalence and maintenance', 'Utilitarian physical activity '), ('Adipose storage of fatty acids', 'Inflammation'), ('Socio-economic status', 'Exercise'), ('Thoracic and abdominal obesity', 'Airway resistance'), ('Healthy eating', 'Short sleep duration'), ('Perceived environmental safety', 'Physical well-being'), ('Weight bias', 'Depression'), ('Emotional eating', 'Mental well-being'), ('Late night TV watching', 'Healthy eating'), ('Control', 'Stress'), ('Aesthetics', 'Physical well-being'), ('Economic incentives to produce unhealthy food products', 'Cost of unhealthy foods'), ('Supportive food environment', 'Healthy eating'), ('Appetite', 'Physical well-being'), ('Thoracic and abdominal obesity', 'Respiratory muscle fatigue'), ('Cardiovascular diseases', 'Fear of engaging in physical activity'), ('Socio-economic status', 'Mental well-being'), ('Unhealthy weight control practices', 'Obesity'), ('Exercise', 'Blood pressure'), ('Sodium retention', 'Blood pressure'), ('Short sleep duration', 'Pro-inflammatory cytokines'), ('Medications', 'Obesity'), ('Short sleep duration', 'Appetite'), ('Balance', 'Ability to engage in physical activity'), ('Short sleep duration', 'Cortisol'), ('Airway resistance', 'Asthma'), ('Short sleep duration', 'Blood pressure'), ('Medical perspective that thin is good', 'Cultural norms around thinness'), ('Healthy eating', 'Blood glucose level'), ('Mental well-being', 'Anticonvulsants'), ('Fatty acids in the artery walls', 'Atherosclerosis'), ('Dyslipidemia', 'Insulin resistance'), ('Blood glucose level', 'Fatty acids in the artery walls'), ('Respiratory diseases', 'Ability to engage in physical activity'), ('Blood saturated fatty acid level', 'Secretion of inflammatory molecules by adipose cells'), ('Dysfunctional adipose tissue', 'Inflammation'), ('Weight bias', 'Mental well-being'), ('Coordination', 'Ability to engage in physical activity'), ('Cultural norms around thinness', 'Cultural norms around thinness'), ('Cultural norms around thinness', 'Poor body image'), ('Obesity', 'Short sleep duration'), ('Inflammation', 'Asthma'), ('Healthy eating', 'Sodium intake'), ('Cultural norms around thinness', 'Eating disorders'), ('Poor body image', 'Sexual difficulties'), ('Fear of engaging in physical activity', 'Physical activity'), ('Short sleep duration', 'Healthy eating'), ('Coronary heart diseases', 'Dyspnea'), ('Stress', 'Inflammation'), ('Weight bias', 'Stress'), ('Unhealthy weight control practices', 'Eating disorders'), ('Tiredness', 'Ability to engage in physical activity'), ('Short sleep duration', 'Heart rate'), ('Prevalence of bike trails', 'Quality of the sport infrastructure'), ('Exercise', 'Blood fatty acid level'), ('Mental well-being', 'Emotional eating'), ('Poor body image', 'Poor body image'), ('Blood fatty acid level', 'Blood glucose level'), ('Cardiovascular diseases', 'Depression'), ('Pro-inflammatory cytokines', 'Inflammation'), ('Prevalence of green fields', 'Quality of the sport infrastructure'), ('Mental well-being', 'Antipsychotics'), ('Socio-economic status', 'Control'), ('Weight bias', 'Poor body image'), ('Positive experience of sports', 'Recreational physical activity'), ('Public support and demand for healthy products', 'Cost of healthy foods'), ('Socio-economic status', 'Availability of healthy foods'), ('Cardiovascular diseases', 'Physical well-being'), ('Respiratory muscle fatigue', 'Dyspnea'), ('Heart rate', 'Coronary heart diseases'), ('Pressure to be thin', 'Poor body image'), ('Medications', 'Coordination'), ('Beta blockers', 'Ability to engage in physical activity'), ('Antipsychotics', 'Appetite'), ('Sodium intake', 'Blood pressure'), ('Pressure to be thin', 'Unhealthy weight control practices'), ('Airway resistance', 'Asthma-like symptoms'), ('Depression', 'Stress'), ('Medications', 'Concentration'), ('Public support and demand for healthy products', 'Marketing of unhealthy foods'), ('Poor body image', 'Eating disorders'), ('Emotional eating', 'Healthy eating'), ('Obesity', 'Access to health professionals'), ('Obesity', 'Mental well-being'), ('Unhealthy foods are more available than healthy ones', 'Supportive food environment'), ('Healthy eating', 'Blood saturated fatty acid level'), ('Presence of a vibrant community', 'Resilience'), ('Cells intake of fatty acids', 'Adipose storage of fatty acids'), ('Physical activity', 'Physical well-being'), ('Appetite', 'Healthy eating'), ('Aesthetics', 'Stress'), ('Chronic conditions', 'Mental well-being'), ('Weight bias', 'Positive experience of sports'), ('Healthy eating', 'Dyslipidemia'), ('Quality of the sport infrastructure', 'Recreational physical activity'), ('Physical pain', 'Ability to engage in physical activity'), ('Prevalence of green fields', 'Aesthetics'), ('Concentration', 'Ability to engage in physical activity'), ('Aesthetics', 'Mental well-being'), ('Poor body image', 'Depression'), ('Chronic conditions', 'Physical well-being'), ('Obesity', 'Release of adipokines'), ('Blood glucose level', 'Sodium retention'), ('Restrictive covenants', 'Availability of healthy foods'), ('Musculoskeletal pain', 'Mental well-being'), ('Weight bias', 'Unhealthy weight control practices'), ('Physical activity', 'Mental well-being'), ('Access to health professionals', 'Ability to engage in physical activity'), ('Stimulants', 'Short sleep duration'), ('Culture of eating that promotes healthy choices', 'Healthy eating'), ('Culture of eating that promotes healthy choices', 'Mental well-being'), ('Weight bias', 'Exercise'), ('Obesity', 'Dysfunctional adipose tissue'), ('Medications', 'Tiredness'), ('Inflammation', 'Insulin resistance'), ('Anticonvulsants', 'Appetite'), ('Inflammation', 'Auto-inflammatory diseases'), ('Accessibility to shops', 'Utilitarian physical activity '), ('Blood fatty acid level', 'Adipose storage of fatty acids'), ('Perceived environmental safety', 'Physical activity'), ('Short sleep duration', 'Physical well-being'), ('Cultural norms around thinness', 'Pressure to be thin'), ('Weight bias', 'Access to health professionals'), ('Public health messaging around thinness', 'Pressure to be thin'), ('Dysfunctional adipose tissue', 'Blood pressure'), ('Dysfunctional adipose tissue', 'Dyslipidemia'), ('Aesthetics', 'Utilitarian physical activity '), ('Obesity', 'Unhealthy weight control practices'), ('Obesity', 'Asthma-like symptoms'), ('Marketing ratio of unhealthy to healthy foods', 'Supportive food environment'), ('Dyslipidemia', 'Atherosclerosis'), ('Physical well-being', 'Mental well-being'), ('Public support and demand for healthy products', 'Cost of unhealthy foods'), ('Musculoskeletal pain', 'Physical well-being'), ('Coronary heart diseases', 'Exercise')]"
1,"[('Medical perspective that thin is good', 'Dysfunctional adipose tissue'), ('Resilience', 'Ability to engage in physical activity'), ('Control', 'Blood pressure'), ('Weight bias', 'Dyslipidemia'), ('Stress', 'Cortisol'), ('Poor body image', 'Unhealthy weight control practices'), ('Pressure to be thin', 'Blood saturated fatty acid level'), ('Culture of eating that promotes healthy choices', 'Blood glucose level'), ('Public health messaging around thinness', 'Obesity'), ('Physical well-being', 'Physical pain'), ('Depression', 'Inflammation'), ('Socio-economic status', 'Sodium intake')]",-1,-1,-1,-1,-1,"[('Culture of eating that promotes healthy choices', 'Physical well-being'), ('Weight bias', 'Socio-economic status'), ('Mental well-being', 'Physical well-being'), ('Socio-economic status', 'Stress'), ('Control', 'Mental well-being'), ('Socio-economic status', 'Physical well-being'), ('Public health messaging around thinness', 'Weight bias'), ('Resilience', 'Mental well-being'), ('Medical perspective that thin is good', 'Public health messaging around thinness'), ('Weight bias', 'Depression'), ('Control', 'Stress'), ('Socio-economic status', 'Mental well-being'), ('Medical perspective that thin is good', 'Cultural norms around thinness'), ('Weight bias', 'Mental well-being'), ('Cultural norms around thinness', 'Cultural norms around thinness'), ('Cultural norms around thinness', 'Poor body image'), ('Weight bias', 'Stress'), ('Poor body image', 'Poor body image'), ('Socio-economic status', 'Control'), ('Weight bias', 'Poor body image'), ('Pressure to be thin', 'Poor body image'), ('Depression', 'Stress'), ('Poor body image', 'Depression'), ('Culture of eating that promotes healthy choices', 'Mental well-being'), ('Cultural norms around thinness', 'Pressure to be thin'), ('Public health messaging around thinness', 'Pressure to be thin'), ('Physical well-being', 'Mental well-being')]","[('Medications', 'Balance'), ('Secretion of inflammatory molecules by adipose cells', 'Insulin resistance'), ('Obesity', 'Obstructive sleep apnea'), ('Dyslipidemia', 'Blood pressure'), ('Obesity', 'Gastro-esophageal reflux disease'), ('Auto-inflammatory diseases', 'Inflammation'), ('Atherosclerosis', 'Coronary heart diseases'), ('Release of adipokines', 'Atherosclerosis'), ('Blood mono-unsaturated fatty acid level', 'Secretion of inflammatory molecules by adipose cells'), ('Insulin resistance', 'Fatty acids in the artery walls'), ('Insulin resistance', 'Cells intake of fatty acids'), ('Adipose storage of fatty acids', 'Inflammation'), ('Thoracic and abdominal obesity', 'Airway resistance'), ('Thoracic and abdominal obesity', 'Respiratory muscle fatigue'), ('Unhealthy weight control practices', 'Obesity'), ('Sodium retention', 'Blood pressure'), ('Short sleep duration', 'Pro-inflammatory cytokines'), ('Medications', 'Obesity'), ('Balance', 'Ability to engage in physical activity'), ('Short sleep duration', 'Cortisol'), ('Airway resistance', 'Asthma'), ('Short sleep duration', 'Blood pressure'), ('Fatty acids in the artery walls', 'Atherosclerosis'), ('Dyslipidemia', 'Insulin resistance'), ('Blood glucose level', 'Fatty acids in the artery walls'), ('Respiratory diseases', 'Ability to engage in physical activity'), ('Blood saturated fatty acid level', 'Secretion of inflammatory molecules by adipose cells'), ('Dysfunctional adipose tissue', 'Inflammation'), ('Coordination', 'Ability to engage in physical activity'), ('Obesity', 'Short sleep duration'), ('Inflammation', 'Asthma'), ('Coronary heart diseases', 'Dyspnea'), ('Tiredness', 'Ability to engage in physical activity'), ('Short sleep duration', 'Heart rate'), ('Blood fatty acid level', 'Blood glucose level'), ('Pro-inflammatory cytokines', 'Inflammation'), ('Respiratory muscle fatigue', 'Dyspnea'), ('Heart rate', 'Coronary heart diseases'), ('Medications', 'Coordination'), ('Beta blockers', 'Ability to engage in physical activity'), ('Sodium intake', 'Blood pressure'), ('Airway resistance', 'Asthma-like symptoms'), ('Medications', 'Concentration'), ('Cells intake of fatty acids', 'Adipose storage of fatty acids'), ('Physical pain', 'Ability to engage in physical activity'), ('Concentration', 'Ability to engage in physical activity'), ('Obesity', 'Release of adipokines'), ('Blood glucose level', 'Sodium retention'), ('Stimulants', 'Short sleep duration'), ('Obesity', 'Dysfunctional adipose tissue'), ('Medications', 'Tiredness'), ('Inflammation', 'Insulin resistance'), ('Inflammation', 'Auto-inflammatory diseases'), ('Blood fatty acid level', 'Adipose storage of fatty acids'), ('Dysfunctional adipose tissue', 'Blood pressure'), ('Dysfunctional adipose tissue', 'Dyslipidemia'), ('Obesity', 'Unhealthy weight control practices'), ('Obesity', 'Asthma-like symptoms'), ('Dyslipidemia', 'Atherosclerosis')]","[('Prevalence of walking trails', 'Quality of the sport infrastructure'), ('Medications', 'Balance'), ('Culture of eating that promotes healthy choices', 'Physical well-being'), ('Secretion of inflammatory molecules by adipose cells', 'Insulin resistance'), ('Presence of a vibrant community', 'Control'), ('Obesity', 'Weight bias'), ('Healthy eating', 'Blood mono-unsaturated fatty acid level'), ('Exercise', 'Heart rate'), ('Available time', 'Recreational physical activity'), ('Chronic conditions', 'Depression'), ('Exercise', 'Insulin resistance'), ('Weight bias', 'Socio-economic status'), ('Mental well-being', 'Physical well-being'), ('Obesity', 'Obstructive sleep apnea'), ('Eating disorders', 'Healthy eating'), ('Consumer demand for regulations', 'Marketing of healthy foods'), ('Dyslipidemia', 'Blood pressure'), ('Obesity', 'Gastro-esophageal reflux disease'), ('Perceived environmental safety', 'Mental well-being'), ('Late night TV watching', 'Short sleep duration'), ('Auto-inflammatory diseases', 'Inflammation'), ('Depression', 'Healthy eating'), ('Socio-economic status', 'Stress'), ('Exercise', 'Blood glucose level'), ('Public support and demand for healthy products', 'Marketing of healthy foods'), ('Unhealthy foods are cheaper than healthy ones', 'Supportive food environment'), ('Control', 'Mental well-being'), ('Atherosclerosis', 'Coronary heart diseases'), ('Socio-economic status', 'Physical well-being'), ('Ability to engage in physical activity', 'Physical activity'), ('Public health messaging around thinness', 'Weight bias'), ('Public support and demand for healthy products', 'Availability of healthy foods'), ('Release of adipokines', 'Atherosclerosis'), ('Consumer demand for regulations', 'Marketing of unhealthy foods'), ('Resilience', 'Mental well-being'), ('Blood mono-unsaturated fatty acid level', 'Secretion of inflammatory molecules by adipose cells'), ('Medical perspective that thin is good', 'Public health messaging around thinness'), ('Mental well-being', 'Medications'), ('Sexual difficulties', 'Mental well-being'), ('Insulin resistance', 'Fatty acids in the artery walls'), ('Insulin resistance', 'Cells intake of fatty acids'), ('Sidewalk prevalence and maintenance', 'Utilitarian physical activity '), ('Adipose storage of fatty acids', 'Inflammation'), ('Socio-economic status', 'Exercise'), ('Thoracic and abdominal obesity', 'Airway resistance'), ('Healthy eating', 'Short sleep duration'), ('Perceived environmental safety', 'Physical well-being'), ('Weight bias', 'Depression'), ('Emotional eating', 'Mental well-being'), ('Late night TV watching', 'Healthy eating'), ('Control', 'Stress'), ('Aesthetics', 'Physical well-being'), ('Economic incentives to produce unhealthy food products', 'Cost of unhealthy foods'), ('Supportive food environment', 'Healthy eating'), ('Appetite', 'Physical well-being'), ('Thoracic and abdominal obesity', 'Respiratory muscle fatigue'), ('Cardiovascular diseases', 'Fear of engaging in physical activity'), ('Socio-economic status', 'Mental well-being'), ('Unhealthy weight control practices', 'Obesity'), ('Exercise', 'Blood pressure'), ('Sodium retention', 'Blood pressure'), ('Short sleep duration', 'Pro-inflammatory cytokines'), ('Medications', 'Obesity'), ('Short sleep duration', 'Appetite'), ('Balance', 'Ability to engage in physical activity'), ('Short sleep duration', 'Cortisol'), ('Airway resistance', 'Asthma'), ('Short sleep duration', 'Blood pressure'), ('Medical perspective that thin is good', 'Cultural norms around thinness'), ('Healthy eating', 'Blood glucose level'), ('Mental well-being', 'Anticonvulsants'), ('Fatty acids in the artery walls', 'Atherosclerosis'), ('Dyslipidemia', 'Insulin resistance'), ('Blood glucose level', 'Fatty acids in the artery walls'), ('Respiratory diseases', 'Ability to engage in physical activity'), ('Blood saturated fatty acid level', 'Secretion of inflammatory molecules by adipose cells'), ('Dysfunctional adipose tissue', 'Inflammation'), ('Weight bias', 'Mental well-being'), ('Coordination', 'Ability to engage in physical activity'), ('Cultural norms around thinness', 'Cultural norms around thinness'), ('Cultural norms around thinness', 'Poor body image'), ('Obesity', 'Short sleep duration'), ('Inflammation', 'Asthma'), ('Healthy eating', 'Sodium intake'), ('Cultural norms around thinness', 'Eating disorders'), ('Poor body image', 'Sexual difficulties'), ('Fear of engaging in physical activity', 'Physical activity'), ('Short sleep duration', 'Healthy eating'), ('Coronary heart diseases', 'Dyspnea'), ('Stress', 'Inflammation'), ('Weight bias', 'Stress'), ('Unhealthy weight control practices', 'Eating disorders'), ('Tiredness', 'Ability to engage in physical activity'), ('Short sleep duration', 'Heart rate'), ('Prevalence of bike trails', 'Quality of the sport infrastructure'), ('Exercise', 'Blood fatty acid level'), ('Mental well-being', 'Emotional eating'), ('Poor body image', 'Poor body image'), ('Blood fatty acid level', 'Blood glucose level'), ('Cardiovascular diseases', 'Depression'), ('Pro-inflammatory cytokines', 'Inflammation'), ('Prevalence of green fields', 'Quality of the sport infrastructure'), ('Mental well-being', 'Antipsychotics'), ('Socio-economic status', 'Control'), ('Weight bias', 'Poor body image'), ('Positive experience of sports', 'Recreational physical activity'), ('Public support and demand for healthy products', 'Cost of healthy foods'), ('Socio-economic status', 'Availability of healthy foods'), ('Cardiovascular diseases', 'Physical well-being'), ('Respiratory muscle fatigue', 'Dyspnea'), ('Heart rate', 'Coronary heart diseases'), ('Pressure to be thin', 'Poor body image'), ('Medications', 'Coordination'), ('Beta blockers', 'Ability to engage in physical activity'), ('Antipsychotics', 'Appetite'), ('Sodium intake', 'Blood pressure'), ('Pressure to be thin', 'Unhealthy weight control practices'), ('Airway resistance', 'Asthma-like symptoms'), ('Depression', 'Stress'), ('Medications', 'Concentration'), ('Public support and demand for healthy products', 'Marketing of unhealthy foods'), ('Poor body image', 'Eating disorders'), ('Emotional eating', 'Healthy eating'), ('Obesity', 'Access to health professionals'), ('Obesity', 'Mental well-being'), ('Unhealthy foods are more available than healthy ones', 'Supportive food environment'), ('Healthy eating', 'Blood saturated fatty acid level'), ('Presence of a vibrant community', 'Resilience'), ('Cells intake of fatty acids', 'Adipose storage of fatty acids'), ('Physical activity', 'Physical well-being'), ('Appetite', 'Healthy eating'), ('Aesthetics', 'Stress'), ('Chronic conditions', 'Mental well-being'), ('Weight bias', 'Positive experience of sports'), ('Healthy eating', 'Dyslipidemia'), ('Quality of the sport infrastructure', 'Recreational physical activity'), ('Physical pain', 'Ability to engage in physical activity'), ('Prevalence of green fields', 'Aesthetics'), ('Concentration', 'Ability to engage in physical activity'), ('Aesthetics', 'Mental well-being'), ('Poor body image', 'Depression'), ('Chronic conditions', 'Physical well-being'), ('Obesity', 'Release of adipokines'), ('Blood glucose level', 'Sodium retention'), ('Restrictive covenants', 'Availability of healthy foods'), ('Musculoskeletal pain', 'Mental well-being'), ('Weight bias', 'Unhealthy weight control practices'), ('Physical activity', 'Mental well-being'), ('Access to health professionals', 'Ability to engage in physical activity'), ('Stimulants', 'Short sleep duration'), ('Culture of eating that promotes healthy choices', 'Healthy eating'), ('Culture of eating that promotes healthy choices', 'Mental well-being'), ('Weight bias', 'Exercise'), ('Obesity', 'Dysfunctional adipose tissue'), ('Medications', 'Tiredness'), ('Inflammation', 'Insulin resistance'), ('Anticonvulsants', 'Appetite'), ('Inflammation', 'Auto-inflammatory diseases'), ('Accessibility to shops', 'Utilitarian physical activity '), ('Blood fatty acid level', 'Adipose storage of fatty acids'), ('Perceived environmental safety', 'Physical activity'), ('Short sleep duration', 'Physical well-being'), ('Cultural norms around thinness', 'Pressure to be thin'), ('Weight bias', 'Access to health professionals'), ('Public health messaging around thinness', 'Pressure to be thin'), ('Dysfunctional adipose tissue', 'Blood pressure'), ('Dysfunctional adipose tissue', 'Dyslipidemia'), ('Aesthetics', 'Utilitarian physical activity '), ('Obesity', 'Unhealthy weight control practices'), ('Obesity', 'Asthma-like symptoms'), ('Marketing ratio of unhealthy to healthy foods', 'Supportive food environment'), ('Dyslipidemia', 'Atherosclerosis'), ('Physical well-being', 'Mental well-being'), ('Public support and demand for healthy products', 'Cost of unhealthy foods'), ('Musculoskeletal pain', 'Physical well-being'), ('Coronary heart diseases', 'Exercise')]"
2,"[('Medical perspective that thin is good', 'Dysfunctional adipose tissue'), ('Resilience', 'Ability to engage in physical activity'), ('Control', 'Blood pressure'), ('Weight bias', 'Dyslipidemia'), ('Stress', 'Cortisol'), ('Poor body image', 'Unhealthy weight control practices'), ('Pressure to be thin', 'Blood saturated fatty acid level'), ('Culture of eating that promotes healthy choices', 'Blood glucose level'), ('Public health messaging around thinness', 'Obesity'), ('Physical well-being', 'Physical pain'), ('Depression', 'Inflammation'), ('Socio-economic status', 'Sodium intake')]",-1,-1,-1,-1,-1,"[('Culture of eating that promotes healthy choices', 'Physical well-being'), ('Weight bias', 'Socio-economic status'), ('Mental well-being', 'Physical well-being'), ('Socio-economic status', 'Stress'), ('Control', 'Mental well-being'), ('Socio-economic status', 'Physical well-being'), ('Public health messaging around thinness', 'Weight bias'), ('Resilience', 'Mental well-being'), ('Medical perspective that thin is good', 'Public health messaging around thinness'), ('Weight bias', 'Depression'), ('Control', 'Stress'), ('Socio-economic status', 'Mental well-being'), ('Medical perspective that thin is good', 'Cultural norms around thinness'), ('Weight bias', 'Mental well-being'), ('Cultural norms around thinness', 'Cultural norms around thinness'), ('Cultural norms around thinness', 'Poor body image'), ('Weight bias', 'Stress'), ('Poor body image', 'Poor body image'), ('Socio-economic status', 'Control'), ('Weight bias', 'Poor body image'), ('Pressure to be thin', 'Poor body image'), ('Depression', 'Stress'), ('Poor body image', 'Depression'), ('Culture of eating that promotes healthy choices', 'Mental well-being'), ('Cultural norms around thinness', 'Pressure to be thin'), ('Public health messaging around thinness', 'Pressure to be thin'), ('Physical well-being', 'Mental well-being')]","[('Medications', 'Balance'), ('Secretion of inflammatory molecules by adipose cells', 'Insulin resistance'), ('Obesity', 'Obstructive sleep apnea'), ('Dyslipidemia', 'Blood pressure'), ('Obesity', 'Gastro-esophageal reflux disease'), ('Auto-inflammatory diseases', 'Inflammation'), ('Atherosclerosis', 'Coronary heart diseases'), ('Release of adipokines', 'Atherosclerosis'), ('Blood mono-unsaturated fatty acid level', 'Secretion of inflammatory molecules by adipose cells'), ('Insulin resistance', 'Fatty acids in the artery walls'), ('Insulin resistance', 'Cells intake of fatty acids'), ('Adipose storage of fatty acids', 'Inflammation'), ('Thoracic and abdominal obesity', 'Airway resistance'), ('Thoracic and abdominal obesity', 'Respiratory muscle fatigue'), ('Unhealthy weight control practices', 'Obesity'), ('Sodium retention', 'Blood pressure'), ('Short sleep duration', 'Pro-inflammatory cytokines'), ('Medications', 'Obesity'), ('Balance', 'Ability to engage in physical activity'), ('Short sleep duration', 'Cortisol'), ('Airway resistance', 'Asthma'), ('Short sleep duration', 'Blood pressure'), ('Fatty acids in the artery walls', 'Atherosclerosis'), ('Dyslipidemia', 'Insulin resistance'), ('Blood glucose level', 'Fatty acids in the artery walls'), ('Respiratory diseases', 'Ability to engage in physical activity'), ('Blood saturated fatty acid level', 'Secretion of inflammatory molecules by adipose cells'), ('Dysfunctional adipose tissue', 'Inflammation'), ('Coordination', 'Ability to engage in physical activity'), ('Obesity', 'Short sleep duration'), ('Inflammation', 'Asthma'), ('Coronary heart diseases', 'Dyspnea'), ('Tiredness', 'Ability to engage in physical activity'), ('Short sleep duration', 'Heart rate'), ('Blood fatty acid level', 'Blood glucose level'), ('Pro-inflammatory cytokines', 'Inflammation'), ('Respiratory muscle fatigue', 'Dyspnea'), ('Heart rate', 'Coronary heart diseases'), ('Medications', 'Coordination'), ('Beta blockers', 'Ability to engage in physical activity'), ('Sodium intake', 'Blood pressure'), ('Airway resistance', 'Asthma-like symptoms'), ('Medications', 'Concentration'), ('Cells intake of fatty acids', 'Adipose storage of fatty acids'), ('Physical pain', 'Ability to engage in physical activity'), ('Concentration', 'Ability to engage in physical activity'), ('Obesity', 'Release of adipokines'), ('Blood glucose level', 'Sodium retention'), ('Stimulants', 'Short sleep duration'), ('Obesity', 'Dysfunctional adipose tissue'), ('Medications', 'Tiredness'), ('Inflammation', 'Insulin resistance'), ('Inflammation', 'Auto-inflammatory diseases'), ('Blood fatty acid level', 'Adipose storage of fatty acids'), ('Dysfunctional adipose tissue', 'Blood pressure'), ('Dysfunctional adipose tissue', 'Dyslipidemia'), ('Obesity', 'Unhealthy weight control practices'), ('Obesity', 'Asthma-like symptoms'), ('Dyslipidemia', 'Atherosclerosis')]","[('Prevalence of walking trails', 'Quality of the sport infrastructure'), ('Medications', 'Balance'), ('Culture of eating that promotes healthy choices', 'Physical well-being'), ('Secretion of inflammatory molecules by adipose cells', 'Insulin resistance'), ('Presence of a vibrant community', 'Control'), ('Obesity', 'Weight bias'), ('Healthy eating', 'Blood mono-unsaturated fatty acid level'), ('Exercise', 'Heart rate'), ('Available time', 'Recreational physical activity'), ('Chronic conditions', 'Depression'), ('Exercise', 'Insulin resistance'), ('Weight bias', 'Socio-economic status'), ('Mental well-being', 'Physical well-being'), ('Obesity', 'Obstructive sleep apnea'), ('Eating disorders', 'Healthy eating'), ('Consumer demand for regulations', 'Marketing of healthy foods'), ('Dyslipidemia', 'Blood pressure'), ('Obesity', 'Gastro-esophageal reflux disease'), ('Perceived environmental safety', 'Mental well-being'), ('Late night TV watching', 'Short sleep duration'), ('Auto-inflammatory diseases', 'Inflammation'), ('Depression', 'Healthy eating'), ('Socio-economic status', 'Stress'), ('Exercise', 'Blood glucose level'), ('Public support and demand for healthy products', 'Marketing of healthy foods'), ('Unhealthy foods are cheaper than healthy ones', 'Supportive food environment'), ('Control', 'Mental well-being'), ('Atherosclerosis', 'Coronary heart diseases'), ('Socio-economic status', 'Physical well-being'), ('Ability to engage in physical activity', 'Physical activity'), ('Public health messaging around thinness', 'Weight bias'), ('Public support and demand for healthy products', 'Availability of healthy foods'), ('Release of adipokines', 'Atherosclerosis'), ('Consumer demand for regulations', 'Marketing of unhealthy foods'), ('Resilience', 'Mental well-being'), ('Blood mono-unsaturated fatty acid level', 'Secretion of inflammatory molecules by adipose cells'), ('Medical perspective that thin is good', 'Public health messaging around thinness'), ('Mental well-being', 'Medications'), ('Sexual difficulties', 'Mental well-being'), ('Insulin resistance', 'Fatty acids in the artery walls'), ('Insulin resistance', 'Cells intake of fatty acids'), ('Sidewalk prevalence and maintenance', 'Utilitarian physical activity '), ('Adipose storage of fatty acids', 'Inflammation'), ('Socio-economic status', 'Exercise'), ('Thoracic and abdominal obesity', 'Airway resistance'), ('Healthy eating', 'Short sleep duration'), ('Perceived environmental safety', 'Physical well-being'), ('Weight bias', 'Depression'), ('Emotional eating', 'Mental well-being'), ('Late night TV watching', 'Healthy eating'), ('Control', 'Stress'), ('Aesthetics', 'Physical well-being'), ('Economic incentives to produce unhealthy food products', 'Cost of unhealthy foods'), ('Supportive food environment', 'Healthy eating'), ('Appetite', 'Physical well-being'), ('Thoracic and abdominal obesity', 'Respiratory muscle fatigue'), ('Cardiovascular diseases', 'Fear of engaging in physical activity'), ('Socio-economic status', 'Mental well-being'), ('Unhealthy weight control practices', 'Obesity'), ('Exercise', 'Blood pressure'), ('Sodium retention', 'Blood pressure'), ('Short sleep duration', 'Pro-inflammatory cytokines'), ('Medications', 'Obesity'), ('Short sleep duration', 'Appetite'), ('Balance', 'Ability to engage in physical activity'), ('Short sleep duration', 'Cortisol'), ('Airway resistance', 'Asthma'), ('Short sleep duration', 'Blood pressure'), ('Medical perspective that thin is good', 'Cultural norms around thinness'), ('Healthy eating', 'Blood glucose level'), ('Mental well-being', 'Anticonvulsants'), ('Fatty acids in the artery walls', 'Atherosclerosis'), ('Dyslipidemia', 'Insulin resistance'), ('Blood glucose level', 'Fatty acids in the artery walls'), ('Respiratory diseases', 'Ability to engage in physical activity'), ('Blood saturated fatty acid level', 'Secretion of inflammatory molecules by adipose cells'), ('Dysfunctional adipose tissue', 'Inflammation'), ('Weight bias', 'Mental well-being'), ('Coordination', 'Ability to engage in physical activity'), ('Cultural norms around thinness', 'Cultural norms around thinness'), ('Cultural norms around thinness', 'Poor body image'), ('Obesity', 'Short sleep duration'), ('Inflammation', 'Asthma'), ('Healthy eating', 'Sodium intake'), ('Cultural norms around thinness', 'Eating disorders'), ('Poor body image', 'Sexual difficulties'), ('Fear of engaging in physical activity', 'Physical activity'), ('Short sleep duration', 'Healthy eating'), ('Coronary heart diseases', 'Dyspnea'), ('Stress', 'Inflammation'), ('Weight bias', 'Stress'), ('Unhealthy weight control practices', 'Eating disorders'), ('Tiredness', 'Ability to engage in physical activity'), ('Short sleep duration', 'Heart rate'), ('Prevalence of bike trails', 'Quality of the sport infrastructure'), ('Exercise', 'Blood fatty acid level'), ('Mental well-being', 'Emotional eating'), ('Poor body image', 'Poor body image'), ('Blood fatty acid level', 'Blood glucose level'), ('Cardiovascular diseases', 'Depression'), ('Pro-inflammatory cytokines', 'Inflammation'), ('Prevalence of green fields', 'Quality of the sport infrastructure'), ('Mental well-being', 'Antipsychotics'), ('Socio-economic status', 'Control'), ('Weight bias', 'Poor body image'), ('Positive experience of sports', 'Recreational physical activity'), ('Public support and demand for healthy products', 'Cost of healthy foods'), ('Socio-economic status', 'Availability of healthy foods'), ('Cardiovascular diseases', 'Physical well-being'), ('Respiratory muscle fatigue', 'Dyspnea'), ('Heart rate', 'Coronary heart diseases'), ('Pressure to be thin', 'Poor body image'), ('Medications', 'Coordination'), ('Beta blockers', 'Ability to engage in physical activity'), ('Antipsychotics', 'Appetite'), ('Sodium intake', 'Blood pressure'), ('Pressure to be thin', 'Unhealthy weight control practices'), ('Airway resistance', 'Asthma-like symptoms'), ('Depression', 'Stress'), ('Medications', 'Concentration'), ('Public support and demand for healthy products', 'Marketing of unhealthy foods'), ('Poor body image', 'Eating disorders'), ('Emotional eating', 'Healthy eating'), ('Obesity', 'Access to health professionals'), ('Obesity', 'Mental well-being'), ('Unhealthy foods are more available than healthy ones', 'Supportive food environment'), ('Healthy eating', 'Blood saturated fatty acid level'), ('Presence of a vibrant community', 'Resilience'), ('Cells intake of fatty acids', 'Adipose storage of fatty acids'), ('Physical activity', 'Physical well-being'), ('Appetite', 'Healthy eating'), ('Aesthetics', 'Stress'), ('Chronic conditions', 'Mental well-being'), ('Weight bias', 'Positive experience of sports'), ('Healthy eating', 'Dyslipidemia'), ('Quality of the sport infrastructure', 'Recreational physical activity'), ('Physical pain', 'Ability to engage in physical activity'), ('Prevalence of green fields', 'Aesthetics'), ('Concentration', 'Ability to engage in physical activity'), ('Aesthetics', 'Mental well-being'), ('Poor body image', 'Depression'), ('Chronic conditions', 'Physical well-being'), ('Obesity', 'Release of adipokines'), ('Blood glucose level', 'Sodium retention'), ('Restrictive covenants', 'Availability of healthy foods'), ('Musculoskeletal pain', 'Mental well-being'), ('Weight bias', 'Unhealthy weight control practices'), ('Physical activity', 'Mental well-being'), ('Access to health professionals', 'Ability to engage in physical activity'), ('Stimulants', 'Short sleep duration'), ('Culture of eating that promotes healthy choices', 'Healthy eating'), ('Culture of eating that promotes healthy choices', 'Mental well-being'), ('Weight bias', 'Exercise'), ('Obesity', 'Dysfunctional adipose tissue'), ('Medications', 'Tiredness'), ('Inflammation', 'Insulin resistance'), ('Anticonvulsants', 'Appetite'), ('Inflammation', 'Auto-inflammatory diseases'), ('Accessibility to shops', 'Utilitarian physical activity '), ('Blood fatty acid level', 'Adipose storage of fatty acids'), ('Perceived environmental safety', 'Physical activity'), ('Short sleep duration', 'Physical well-being'), ('Cultural norms around thinness', 'Pressure to be thin'), ('Weight bias', 'Access to health professionals'), ('Public health messaging around thinness', 'Pressure to be thin'), ('Dysfunctional adipose tissue', 'Blood pressure'), ('Dysfunctional adipose tissue', 'Dyslipidemia'), ('Aesthetics', 'Utilitarian physical activity '), ('Obesity', 'Unhealthy weight control practices'), ('Obesity', 'Asthma-like symptoms'), ('Marketing ratio of unhealthy to healthy foods', 'Supportive food environment'), ('Dyslipidemia', 'Atherosclerosis'), ('Physical well-being', 'Mental well-being'), ('Public support and demand for healthy products', 'Cost of unhealthy foods'), ('Musculoskeletal pain', 'Physical well-being'), ('Coronary heart diseases', 'Exercise')]"
3,"[('Medical perspective that thin is good', 'Dysfunctional adipose tissue'), ('Resilience', 'Ability to engage in physical activity'), ('Control', 'Blood pressure'), ('Weight bias', 'Dyslipidemia'), ('Stress', 'Cortisol'), ('Poor body image', 'Unhealthy weight control practices'), ('Pressure to be thin', 'Blood saturated fatty acid level'), ('Culture of eating that promotes healthy choices', 'Blood glucose level'), ('Public health messaging around thinness', 'Obesity'), ('Physical well-being', 'Physical pain'), ('Depression', 'Inflammation'), ('Socio-economic status', 'Sodium intake')]",-1,-1,-1,-1,-1,"[('Culture of eating that promotes healthy choices', 'Physical well-being'), ('Weight bias', 'Socio-economic status'), ('Mental well-being', 'Physical well-being'), ('Socio-economic status', 'Stress'), ('Control', 'Mental well-being'), ('Socio-economic status', 'Physical well-being'), ('Public health messaging around thinness', 'Weight bias'), ('Resilience', 'Mental well-being'), ('Medical perspective that thin is good', 'Public health messaging around thinness'), ('Weight bias', 'Depression'), ('Control', 'Stress'), ('Socio-economic status', 'Mental well-being'), ('Medical perspective that thin is good', 'Cultural norms around thinness'), ('Weight bias', 'Mental well-being'), ('Cultural norms around thinness', 'Cultural norms around thinness'), ('Cultural norms around thinness', 'Poor body image'), ('Weight bias', 'Stress'), ('Poor body image', 'Poor body image'), ('Socio-economic status', 'Control'), ('Weight bias', 'Poor body image'), ('Pressure to be thin', 'Poor body image'), ('Depression', 'Stress'), ('Poor body image', 'Depression'), ('Culture of eating that promotes healthy choices', 'Mental well-being'), ('Cultural norms around thinness', 'Pressure to be thin'), ('Public health messaging around thinness', 'Pressure to be thin'), ('Physical well-being', 'Mental well-being')]","[('Medications', 'Balance'), ('Secretion of inflammatory molecules by adipose cells', 'Insulin resistance'), ('Obesity', 'Obstructive sleep apnea'), ('Dyslipidemia', 'Blood pressure'), ('Obesity', 'Gastro-esophageal reflux disease'), ('Auto-inflammatory diseases', 'Inflammation'), ('Atherosclerosis', 'Coronary heart diseases'), ('Release of adipokines', 'Atherosclerosis'), ('Blood mono-unsaturated fatty acid level', 'Secretion of inflammatory molecules by adipose cells'), ('Insulin resistance', 'Fatty acids in the artery walls'), ('Insulin resistance', 'Cells intake of fatty acids'), ('Adipose storage of fatty acids', 'Inflammation'), ('Thoracic and abdominal obesity', 'Airway resistance'), ('Thoracic and abdominal obesity', 'Respiratory muscle fatigue'), ('Unhealthy weight control practices', 'Obesity'), ('Sodium retention', 'Blood pressure'), ('Short sleep duration', 'Pro-inflammatory cytokines'), ('Medications', 'Obesity'), ('Balance', 'Ability to engage in physical activity'), ('Short sleep duration', 'Cortisol'), ('Airway resistance', 'Asthma'), ('Short sleep duration', 'Blood pressure'), ('Fatty acids in the artery walls', 'Atherosclerosis'), ('Dyslipidemia', 'Insulin resistance'), ('Blood glucose level', 'Fatty acids in the artery walls'), ('Respiratory diseases', 'Ability to engage in physical activity'), ('Blood saturated fatty acid level', 'Secretion of inflammatory molecules by adipose cells'), ('Dysfunctional adipose tissue', 'Inflammation'), ('Coordination', 'Ability to engage in physical activity'), ('Obesity', 'Short sleep duration'), ('Inflammation', 'Asthma'), ('Coronary heart diseases', 'Dyspnea'), ('Tiredness', 'Ability to engage in physical activity'), ('Short sleep duration', 'Heart rate'), ('Blood fatty acid level', 'Blood glucose level'), ('Pro-inflammatory cytokines', 'Inflammation'), ('Respiratory muscle fatigue', 'Dyspnea'), ('Heart rate', 'Coronary heart diseases'), ('Medications', 'Coordination'), ('Beta blockers', 'Ability to engage in physical activity'), ('Sodium intake', 'Blood pressure'), ('Airway resistance', 'Asthma-like symptoms'), ('Medications', 'Concentration'), ('Cells intake of fatty acids', 'Adipose storage of fatty acids'), ('Physical pain', 'Ability to engage in physical activity'), ('Concentration', 'Ability to engage in physical activity'), ('Obesity', 'Release of adipokines'), ('Blood glucose level', 'Sodium retention'), ('Stimulants', 'Short sleep duration'), ('Obesity', 'Dysfunctional adipose tissue'), ('Medications', 'Tiredness'), ('Inflammation', 'Insulin resistance'), ('Inflammation', 'Auto-inflammatory diseases'), ('Blood fatty acid level', 'Adipose storage of fatty acids'), ('Dysfunctional adipose tissue', 'Blood pressure'), ('Dysfunctional adipose tissue', 'Dyslipidemia'), ('Obesity', 'Unhealthy weight control practices'), ('Obesity', 'Asthma-like symptoms'), ('Dyslipidemia', 'Atherosclerosis')]","[('Prevalence of walking trails', 'Quality of the sport infrastructure'), ('Medications', 'Balance'), ('Culture of eating that promotes healthy choices', 'Physical well-being'), ('Secretion of inflammatory molecules by adipose cells', 'Insulin resistance'), ('Presence of a vibrant community', 'Control'), ('Obesity', 'Weight bias'), ('Healthy eating', 'Blood mono-unsaturated fatty acid level'), ('Exercise', 'Heart rate'), ('Available time', 'Recreational physical activity'), ('Chronic conditions', 'Depression'), ('Exercise', 'Insulin resistance'), ('Weight bias', 'Socio-economic status'), ('Mental well-being', 'Physical well-being'), ('Obesity', 'Obstructive sleep apnea'), ('Eating disorders', 'Healthy eating'), ('Consumer demand for regulations', 'Marketing of healthy foods'), ('Dyslipidemia', 'Blood pressure'), ('Obesity', 'Gastro-esophageal reflux disease'), ('Perceived environmental safety', 'Mental well-being'), ('Late night TV watching', 'Short sleep duration'), ('Auto-inflammatory diseases', 'Inflammation'), ('Depression', 'Healthy eating'), ('Socio-economic status', 'Stress'), ('Exercise', 'Blood glucose level'), ('Public support and demand for healthy products', 'Marketing of healthy foods'), ('Unhealthy foods are cheaper than healthy ones', 'Supportive food environment'), ('Control', 'Mental well-being'), ('Atherosclerosis', 'Coronary heart diseases'), ('Socio-economic status', 'Physical well-being'), ('Ability to engage in physical activity', 'Physical activity'), ('Public health messaging around thinness', 'Weight bias'), ('Public support and demand for healthy products', 'Availability of healthy foods'), ('Release of adipokines', 'Atherosclerosis'), ('Consumer demand for regulations', 'Marketing of unhealthy foods'), ('Resilience', 'Mental well-being'), ('Blood mono-unsaturated fatty acid level', 'Secretion of inflammatory molecules by adipose cells'), ('Medical perspective that thin is good', 'Public health messaging around thinness'), ('Mental well-being', 'Medications'), ('Sexual difficulties', 'Mental well-being'), ('Insulin resistance', 'Fatty acids in the artery walls'), ('Insulin resistance', 'Cells intake of fatty acids'), ('Sidewalk prevalence and maintenance', 'Utilitarian physical activity '), ('Adipose storage of fatty acids', 'Inflammation'), ('Socio-economic status', 'Exercise'), ('Thoracic and abdominal obesity', 'Airway resistance'), ('Healthy eating', 'Short sleep duration'), ('Perceived environmental safety', 'Physical well-being'), ('Weight bias', 'Depression'), ('Emotional eating', 'Mental well-being'), ('Late night TV watching', 'Healthy eating'), ('Control', 'Stress'), ('Aesthetics', 'Physical well-being'), ('Economic incentives to produce unhealthy food products', 'Cost of unhealthy foods'), ('Supportive food environment', 'Healthy eating'), ('Appetite', 'Physical well-being'), ('Thoracic and abdominal obesity', 'Respiratory muscle fatigue'), ('Cardiovascular diseases', 'Fear of engaging in physical activity'), ('Socio-economic status', 'Mental well-being'), ('Unhealthy weight control practices', 'Obesity'), ('Exercise', 'Blood pressure'), ('Sodium retention', 'Blood pressure'), ('Short sleep duration', 'Pro-inflammatory cytokines'), ('Medications', 'Obesity'), ('Short sleep duration', 'Appetite'), ('Balance', 'Ability to engage in physical activity'), ('Short sleep duration', 'Cortisol'), ('Airway resistance', 'Asthma'), ('Short sleep duration', 'Blood pressure'), ('Medical perspective that thin is good', 'Cultural norms around thinness'), ('Healthy eating', 'Blood glucose level'), ('Mental well-being', 'Anticonvulsants'), ('Fatty acids in the artery walls', 'Atherosclerosis'), ('Dyslipidemia', 'Insulin resistance'), ('Blood glucose level', 'Fatty acids in the artery walls'), ('Respiratory diseases', 'Ability to engage in physical activity'), ('Blood saturated fatty acid level', 'Secretion of inflammatory molecules by adipose cells'), ('Dysfunctional adipose tissue', 'Inflammation'), ('Weight bias', 'Mental well-being'), ('Coordination', 'Ability to engage in physical activity'), ('Cultural norms around thinness', 'Cultural norms around thinness'), ('Cultural norms around thinness', 'Poor body image'), ('Obesity', 'Short sleep duration'), ('Inflammation', 'Asthma'), ('Healthy eating', 'Sodium intake'), ('Cultural norms around thinness', 'Eating disorders'), ('Poor body image', 'Sexual difficulties'), ('Fear of engaging in physical activity', 'Physical activity'), ('Short sleep duration', 'Healthy eating'), ('Coronary heart diseases', 'Dyspnea'), ('Stress', 'Inflammation'), ('Weight bias', 'Stress'), ('Unhealthy weight control practices', 'Eating disorders'), ('Tiredness', 'Ability to engage in physical activity'), ('Short sleep duration', 'Heart rate'), ('Prevalence of bike trails', 'Quality of the sport infrastructure'), ('Exercise', 'Blood fatty acid level'), ('Mental well-being', 'Emotional eating'), ('Poor body image', 'Poor body image'), ('Blood fatty acid level', 'Blood glucose level'), ('Cardiovascular diseases', 'Depression'), ('Pro-inflammatory cytokines', 'Inflammation'), ('Prevalence of green fields', 'Quality of the sport infrastructure'), ('Mental well-being', 'Antipsychotics'), ('Socio-economic status', 'Control'), ('Weight bias', 'Poor body image'), ('Positive experience of sports', 'Recreational physical activity'), ('Public support and demand for healthy products', 'Cost of healthy foods'), ('Socio-economic status', 'Availability of healthy foods'), ('Cardiovascular diseases', 'Physical well-being'), ('Respiratory muscle fatigue', 'Dyspnea'), ('Heart rate', 'Coronary heart diseases'), ('Pressure to be thin', 'Poor body image'), ('Medications', 'Coordination'), ('Beta blockers', 'Ability to engage in physical activity'), ('Antipsychotics', 'Appetite'), ('Sodium intake', 'Blood pressure'), ('Pressure to be thin', 'Unhealthy weight control practices'), ('Airway resistance', 'Asthma-like symptoms'), ('Depression', 'Stress'), ('Medications', 'Concentration'), ('Public support and demand for healthy products', 'Marketing of unhealthy foods'), ('Poor body image', 'Eating disorders'), ('Emotional eating', 'Healthy eating'), ('Obesity', 'Access to health professionals'), ('Obesity', 'Mental well-being'), ('Unhealthy foods are more available than healthy ones', 'Supportive food environment'), ('Healthy eating', 'Blood saturated fatty acid level'), ('Presence of a vibrant community', 'Resilience'), ('Cells intake of fatty acids', 'Adipose storage of fatty acids'), ('Physical activity', 'Physical well-being'), ('Appetite', 'Healthy eating'), ('Aesthetics', 'Stress'), ('Chronic conditions', 'Mental well-being'), ('Weight bias', 'Positive experience of sports'), ('Healthy eating', 'Dyslipidemia'), ('Quality of the sport infrastructure', 'Recreational physical activity'), ('Physical pain', 'Ability to engage in physical activity'), ('Prevalence of green fields', 'Aesthetics'), ('Concentration', 'Ability to engage in physical activity'), ('Aesthetics', 'Mental well-being'), ('Poor body image', 'Depression'), ('Chronic conditions', 'Physical well-being'), ('Obesity', 'Release of adipokines'), ('Blood glucose level', 'Sodium retention'), ('Restrictive covenants', 'Availability of healthy foods'), ('Musculoskeletal pain', 'Mental well-being'), ('Weight bias', 'Unhealthy weight control practices'), ('Physical activity', 'Mental well-being'), ('Access to health professionals', 'Ability to engage in physical activity'), ('Stimulants', 'Short sleep duration'), ('Culture of eating that promotes healthy choices', 'Healthy eating'), ('Culture of eating that promotes healthy choices', 'Mental well-being'), ('Weight bias', 'Exercise'), ('Obesity', 'Dysfunctional adipose tissue'), ('Medications', 'Tiredness'), ('Inflammation', 'Insulin resistance'), ('Anticonvulsants', 'Appetite'), ('Inflammation', 'Auto-inflammatory diseases'), ('Accessibility to shops', 'Utilitarian physical activity '), ('Blood fatty acid level', 'Adipose storage of fatty acids'), ('Perceived environmental safety', 'Physical activity'), ('Short sleep duration', 'Physical well-being'), ('Cultural norms around thinness', 'Pressure to be thin'), ('Weight bias', 'Access to health professionals'), ('Public health messaging around thinness', 'Pressure to be thin'), ('Dysfunctional adipose tissue', 'Blood pressure'), ('Dysfunctional adipose tissue', 'Dyslipidemia'), ('Aesthetics', 'Utilitarian physical activity '), ('Obesity', 'Unhealthy weight control practices'), ('Obesity', 'Asthma-like symptoms'), ('Marketing ratio of unhealthy to healthy foods', 'Supportive food environment'), ('Dyslipidemia', 'Atherosclerosis'), ('Physical well-being', 'Mental well-being'), ('Public support and demand for healthy products', 'Cost of unhealthy foods'), ('Musculoskeletal pain', 'Physical well-being'), ('Coronary heart diseases', 'Exercise')]"
4,"[('Medical perspective that thin is good', 'Dysfunctional adipose tissue'), ('Resilience', 'Ability to engage in physical activity'), ('Control', 'Blood pressure'), ('Weight bias', 'Dyslipidemia'), ('Stress', 'Cortisol'), ('Poor body image', 'Unhealthy weight control practices'), ('Pressure to be thin', 'Blood saturated fatty acid level'), ('Culture of eating that promotes healthy choices', 'Blood glucose level'), ('Public health messaging around thinness', 'Obesity'), ('Physical well-being', 'Physical pain'), ('Depression', 'Inflammation'), ('Socio-economic status', 'Sodium intake')]",-1,-1,-1,-1,-1,"[('Culture of eating that promotes healthy choices', 'Physical well-being'), ('Weight bias', 'Socio-economic status'), ('Mental well-being', 'Physical well-being'), ('Socio-economic status', 'Stress'), ('Control', 'Mental well-being'), ('Socio-economic status', 'Physical well-being'), ('Public health messaging around thinness', 'Weight bias'), ('Resilience', 'Mental well-being'), ('Medical perspective that thin is good', 'Public health messaging around thinness'), ('Weight bias', 'Depression'), ('Control', 'Stress'), ('Socio-economic status', 'Mental well-being'), ('Medical perspective that thin is good', 'Cultural norms around thinness'), ('Weight bias', 'Mental well-being'), ('Cultural norms around thinness', 'Cultural norms around thinness'), ('Cultural norms around thinness', 'Poor body image'), ('Weight bias', 'Stress'), ('Poor body image', 'Poor body image'), ('Socio-economic status', 'Control'), ('Weight bias', 'Poor body image'), ('Pressure to be thin', 'Poor body image'), ('Depression', 'Stress'), ('Poor body image', 'Depression'), ('Culture of eating that promotes healthy choices', 'Mental well-being'), ('Cultural norms around thinness', 'Pressure to be thin'), ('Public health messaging around thinness', 'Pressure to be thin'), ('Physical well-being', 'Mental well-being')]","[('Medications', 'Balance'), ('Secretion of inflammatory molecules by adipose cells', 'Insulin resistance'), ('Obesity', 'Obstructive sleep apnea'), ('Dyslipidemia', 'Blood pressure'), ('Obesity', 'Gastro-esophageal reflux disease'), ('Auto-inflammatory diseases', 'Inflammation'), ('Atherosclerosis', 'Coronary heart diseases'), ('Release of adipokines', 'Atherosclerosis'), ('Blood mono-unsaturated fatty acid level', 'Secretion of inflammatory molecules by adipose cells'), ('Insulin resistance', 'Fatty acids in the artery walls'), ('Insulin resistance', 'Cells intake of fatty acids'), ('Adipose storage of fatty acids', 'Inflammation'), ('Thoracic and abdominal obesity', 'Airway resistance'), ('Thoracic and abdominal obesity', 'Respiratory muscle fatigue'), ('Unhealthy weight control practices', 'Obesity'), ('Sodium retention', 'Blood pressure'), ('Short sleep duration', 'Pro-inflammatory cytokines'), ('Medications', 'Obesity'), ('Balance', 'Ability to engage in physical activity'), ('Short sleep duration', 'Cortisol'), ('Airway resistance', 'Asthma'), ('Short sleep duration', 'Blood pressure'), ('Fatty acids in the artery walls', 'Atherosclerosis'), ('Dyslipidemia', 'Insulin resistance'), ('Blood glucose level', 'Fatty acids in the artery walls'), ('Respiratory diseases', 'Ability to engage in physical activity'), ('Blood saturated fatty acid level', 'Secretion of inflammatory molecules by adipose cells'), ('Dysfunctional adipose tissue', 'Inflammation'), ('Coordination', 'Ability to engage in physical activity'), ('Obesity', 'Short sleep duration'), ('Inflammation', 'Asthma'), ('Coronary heart diseases', 'Dyspnea'), ('Tiredness', 'Ability to engage in physical activity'), ('Short sleep duration', 'Heart rate'), ('Blood fatty acid level', 'Blood glucose level'), ('Pro-inflammatory cytokines', 'Inflammation'), ('Respiratory muscle fatigue', 'Dyspnea'), ('Heart rate', 'Coronary heart diseases'), ('Medications', 'Coordination'), ('Beta blockers', 'Ability to engage in physical activity'), ('Sodium intake', 'Blood pressure'), ('Airway resistance', 'Asthma-like symptoms'), ('Medications', 'Concentration'), ('Cells intake of fatty acids', 'Adipose storage of fatty acids'), ('Physical pain', 'Ability to engage in physical activity'), ('Concentration', 'Ability to engage in physical activity'), ('Obesity', 'Release of adipokines'), ('Blood glucose level', 'Sodium retention'), ('Stimulants', 'Short sleep duration'), ('Obesity', 'Dysfunctional adipose tissue'), ('Medications', 'Tiredness'), ('Inflammation', 'Insulin resistance'), ('Inflammation', 'Auto-inflammatory diseases'), ('Blood fatty acid level', 'Adipose storage of fatty acids'), ('Dysfunctional adipose tissue', 'Blood pressure'), ('Dysfunctional adipose tissue', 'Dyslipidemia'), ('Obesity', 'Unhealthy weight control practices'), ('Obesity', 'Asthma-like symptoms'), ('Dyslipidemia', 'Atherosclerosis')]","[('Prevalence of walking trails', 'Quality of the sport infrastructure'), ('Medications', 'Balance'), ('Culture of eating that promotes healthy choices', 'Physical well-being'), ('Secretion of inflammatory molecules by adipose cells', 'Insulin resistance'), ('Presence of a vibrant community', 'Control'), ('Obesity', 'Weight bias'), ('Healthy eating', 'Blood mono-unsaturated fatty acid level'), ('Exercise', 'Heart rate'), ('Available time', 'Recreational physical activity'), ('Chronic conditions', 'Depression'), ('Exercise', 'Insulin resistance'), ('Weight bias', 'Socio-economic status'), ('Mental well-being', 'Physical well-being'), ('Obesity', 'Obstructive sleep apnea'), ('Eating disorders', 'Healthy eating'), ('Consumer demand for regulations', 'Marketing of healthy foods'), ('Dyslipidemia', 'Blood pressure'), ('Obesity', 'Gastro-esophageal reflux disease'), ('Perceived environmental safety', 'Mental well-being'), ('Late night TV watching', 'Short sleep duration'), ('Auto-inflammatory diseases', 'Inflammation'), ('Depression', 'Healthy eating'), ('Socio-economic status', 'Stress'), ('Exercise', 'Blood glucose level'), ('Public support and demand for healthy products', 'Marketing of healthy foods'), ('Unhealthy foods are cheaper than healthy ones', 'Supportive food environment'), ('Control', 'Mental well-being'), ('Atherosclerosis', 'Coronary heart diseases'), ('Socio-economic status', 'Physical well-being'), ('Ability to engage in physical activity', 'Physical activity'), ('Public health messaging around thinness', 'Weight bias'), ('Public support and demand for healthy products', 'Availability of healthy foods'), ('Release of adipokines', 'Atherosclerosis'), ('Consumer demand for regulations', 'Marketing of unhealthy foods'), ('Resilience', 'Mental well-being'), ('Blood mono-unsaturated fatty acid level', 'Secretion of inflammatory molecules by adipose cells'), ('Medical perspective that thin is good', 'Public health messaging around thinness'), ('Mental well-being', 'Medications'), ('Sexual difficulties', 'Mental well-being'), ('Insulin resistance', 'Fatty acids in the artery walls'), ('Insulin resistance', 'Cells intake of fatty acids'), ('Sidewalk prevalence and maintenance', 'Utilitarian physical activity '), ('Adipose storage of fatty acids', 'Inflammation'), ('Socio-economic status', 'Exercise'), ('Thoracic and abdominal obesity', 'Airway resistance'), ('Healthy eating', 'Short sleep duration'), ('Perceived environmental safety', 'Physical well-being'), ('Weight bias', 'Depression'), ('Emotional eating', 'Mental well-being'), ('Late night TV watching', 'Healthy eating'), ('Control', 'Stress'), ('Aesthetics', 'Physical well-being'), ('Economic incentives to produce unhealthy food products', 'Cost of unhealthy foods'), ('Supportive food environment', 'Healthy eating'), ('Appetite', 'Physical well-being'), ('Thoracic and abdominal obesity', 'Respiratory muscle fatigue'), ('Cardiovascular diseases', 'Fear of engaging in physical activity'), ('Socio-economic status', 'Mental well-being'), ('Unhealthy weight control practices', 'Obesity'), ('Exercise', 'Blood pressure'), ('Sodium retention', 'Blood pressure'), ('Short sleep duration', 'Pro-inflammatory cytokines'), ('Medications', 'Obesity'), ('Short sleep duration', 'Appetite'), ('Balance', 'Ability to engage in physical activity'), ('Short sleep duration', 'Cortisol'), ('Airway resistance', 'Asthma'), ('Short sleep duration', 'Blood pressure'), ('Medical perspective that thin is good', 'Cultural norms around thinness'), ('Healthy eating', 'Blood glucose level'), ('Mental well-being', 'Anticonvulsants'), ('Fatty acids in the artery walls', 'Atherosclerosis'), ('Dyslipidemia', 'Insulin resistance'), ('Blood glucose level', 'Fatty acids in the artery walls'), ('Respiratory diseases', 'Ability to engage in physical activity'), ('Blood saturated fatty acid level', 'Secretion of inflammatory molecules by adipose cells'), ('Dysfunctional adipose tissue', 'Inflammation'), ('Weight bias', 'Mental well-being'), ('Coordination', 'Ability to engage in physical activity'), ('Cultural norms around thinness', 'Cultural norms around thinness'), ('Cultural norms around thinness', 'Poor body image'), ('Obesity', 'Short sleep duration'), ('Inflammation', 'Asthma'), ('Healthy eating', 'Sodium intake'), ('Cultural norms around thinness', 'Eating disorders'), ('Poor body image', 'Sexual difficulties'), ('Fear of engaging in physical activity', 'Physical activity'), ('Short sleep duration', 'Healthy eating'), ('Coronary heart diseases', 'Dyspnea'), ('Stress', 'Inflammation'), ('Weight bias', 'Stress'), ('Unhealthy weight control practices', 'Eating disorders'), ('Tiredness', 'Ability to engage in physical activity'), ('Short sleep duration', 'Heart rate'), ('Prevalence of bike trails', 'Quality of the sport infrastructure'), ('Exercise', 'Blood fatty acid level'), ('Mental well-being', 'Emotional eating'), ('Poor body image', 'Poor body image'), ('Blood fatty acid level', 'Blood glucose level'), ('Cardiovascular diseases', 'Depression'), ('Pro-inflammatory cytokines', 'Inflammation'), ('Prevalence of green fields', 'Quality of the sport infrastructure'), ('Mental well-being', 'Antipsychotics'), ('Socio-economic status', 'Control'), ('Weight bias', 'Poor body image'), ('Positive experience of sports', 'Recreational physical activity'), ('Public support and demand for healthy products', 'Cost of healthy foods'), ('Socio-economic status', 'Availability of healthy foods'), ('Cardiovascular diseases', 'Physical well-being'), ('Respiratory muscle fatigue', 'Dyspnea'), ('Heart rate', 'Coronary heart diseases'), ('Pressure to be thin', 'Poor body image'), ('Medications', 'Coordination'), ('Beta blockers', 'Ability to engage in physical activity'), ('Antipsychotics', 'Appetite'), ('Sodium intake', 'Blood pressure'), ('Pressure to be thin', 'Unhealthy weight control practices'), ('Airway resistance', 'Asthma-like symptoms'), ('Depression', 'Stress'), ('Medications', 'Concentration'), ('Public support and demand for healthy products', 'Marketing of unhealthy foods'), ('Poor body image', 'Eating disorders'), ('Emotional eating', 'Healthy eating'), ('Obesity', 'Access to health professionals'), ('Obesity', 'Mental well-being'), ('Unhealthy foods are more available than healthy ones', 'Supportive food environment'), ('Healthy eating', 'Blood saturated fatty acid level'), ('Presence of a vibrant community', 'Resilience'), ('Cells intake of fatty acids', 'Adipose storage of fatty acids'), ('Physical activity', 'Physical well-being'), ('Appetite', 'Healthy eating'), ('Aesthetics', 'Stress'), ('Chronic conditions', 'Mental well-being'), ('Weight bias', 'Positive experience of sports'), ('Healthy eating', 'Dyslipidemia'), ('Quality of the sport infrastructure', 'Recreational physical activity'), ('Physical pain', 'Ability to engage in physical activity'), ('Prevalence of green fields', 'Aesthetics'), ('Concentration', 'Ability to engage in physical activity'), ('Aesthetics', 'Mental well-being'), ('Poor body image', 'Depression'), ('Chronic conditions', 'Physical well-being'), ('Obesity', 'Release of adipokines'), ('Blood glucose level', 'Sodium retention'), ('Restrictive covenants', 'Availability of healthy foods'), ('Musculoskeletal pain', 'Mental well-being'), ('Weight bias', 'Unhealthy weight control practices'), ('Physical activity', 'Mental well-being'), ('Access to health professionals', 'Ability to engage in physical activity'), ('Stimulants', 'Short sleep duration'), ('Culture of eating that promotes healthy choices', 'Healthy eating'), ('Culture of eating that promotes healthy choices', 'Mental well-being'), ('Weight bias', 'Exercise'), ('Obesity', 'Dysfunctional adipose tissue'), ('Medications', 'Tiredness'), ('Inflammation', 'Insulin resistance'), ('Anticonvulsants', 'Appetite'), ('Inflammation', 'Auto-inflammatory diseases'), ('Accessibility to shops', 'Utilitarian physical activity '), ('Blood fatty acid level', 'Adipose storage of fatty acids'), ('Perceived environmental safety', 'Physical activity'), ('Short sleep duration', 'Physical well-being'), ('Cultural norms around thinness', 'Pressure to be thin'), ('Weight bias', 'Access to health professionals'), ('Public health messaging around thinness', 'Pressure to be thin'), ('Dysfunctional adipose tissue', 'Blood pressure'), ('Dysfunctional adipose tissue', 'Dyslipidemia'), ('Aesthetics', 'Utilitarian physical activity '), ('Obesity', 'Unhealthy weight control practices'), ('Obesity', 'Asthma-like symptoms'), ('Marketing ratio of unhealthy to healthy foods', 'Supportive food environment'), ('Dyslipidemia', 'Atherosclerosis'), ('Physical well-being', 'Mental well-being'), ('Public support and demand for healthy products', 'Cost of unhealthy foods'), ('Musculoskeletal pain', 'Physical well-being'), ('Coronary heart diseases', 'Exercise')]"
0,"[('Culture of eating that promotes healthy choices', 'Obesity'), ('Pressure to be thin', 'Unhealthy weight control practices'), ('Cultural norms around thinness', 'Obesity'), ('Resilience', 'Ability to engage in physical activity'), ('Depression', 'Obesity'), ('Poor body image', 'Unhealthy weight control practices'), ('Weight bias', 'Obesity'), ('Socio-economic status', 'Obesity'), ('Medical perspective that thin is good', 'Obesity'), ('Physical well-being', 'Ability to engage in physical activity'), ('Control', 'Ability to engage in physical activity'), ('Public health messaging around thinness', 'Obesity'), ('Mental well-being', 'Ability to engage in physical activity'), ('Stress', 'Obesity')]",-1,-1,1,1,1,"[('Culture of eating that promotes healthy choices', 'Physical well-being'), ('Weight bias', 'Socio-economic status'), ('Mental well-being', 'Physical well-being'), ('Socio-economic status', 'Stress'), ('Control', 'Mental well-being'), ('Socio-economic status', 'Physical well-being'), ('Public health messaging around thinness', 'Weight bias'), ('Resilience', 'Mental well-being'), ('Medical perspective that thin is good', 'Public health messaging around thinness'), ('Weight bias', 'Depression'), ('Control', 'Stress'), ('Socio-economic status', 'Mental well-being'), ('Medical perspective that thin is good', 'Cultural norms around thinness'), ('Weight bias', 'Mental well-being'), ('Cultural norms around thinness', 'Cultural norms around thinness'), ('Cultural norms around thinness', 'Poor body image'), ('Weight bias', 'Stress'), ('Poor body image', 'Poor body image'), ('Socio-economic status', 'Control'), ('Weight bias', 'Poor body image'), ('Pressure to be thin', 'Poor body image'), ('Depression', 'Stress'), ('Poor body image', 'Depression'), ('Culture of eating that promotes healthy choices', 'Mental well-being'), ('Cultural norms around thinness', 'Pressure to be thin'), ('Public health messaging around thinness', 'Pressure to be thin'), ('Physical well-being', 'Mental well-being')]","[('Medications', 'Balance'), ('Secretion of inflammatory molecules by adipose cells', 'Insulin resistance'), ('Obesity', 'Obstructive sleep apnea'), ('Dyslipidemia', 'Blood pressure'), ('Obesity', 'Gastro-esophageal reflux disease'), ('Auto-inflammatory diseases', 'Inflammation'), ('Atherosclerosis', 'Coronary heart diseases'), ('Release of adipokines', 'Atherosclerosis'), ('Blood mono-unsaturated fatty acid level', 'Secretion of inflammatory molecules by adipose cells'), ('Insulin resistance', 'Fatty acids in the artery walls'), ('Insulin resistance', 'Cells intake of fatty acids'), ('Adipose storage of fatty acids', 'Inflammation'), ('Thoracic and abdominal obesity', 'Airway resistance'), ('Thoracic and abdominal obesity', 'Respiratory muscle fatigue'), ('Unhealthy weight control practices', 'Obesity'), ('Sodium retention', 'Blood pressure'), ('Short sleep duration', 'Pro-inflammatory cytokines'), ('Medications', 'Obesity'), ('Balance', 'Ability to engage in physical activity'), ('Short sleep duration', 'Cortisol'), ('Airway resistance', 'Asthma'), ('Short sleep duration', 'Blood pressure'), ('Fatty acids in the artery walls', 'Atherosclerosis'), ('Dyslipidemia', 'Insulin resistance'), ('Blood glucose level', 'Fatty acids in the artery walls'), ('Respiratory diseases', 'Ability to engage in physical activity'), ('Blood saturated fatty acid level', 'Secretion of inflammatory molecules by adipose cells'), ('Dysfunctional adipose tissue', 'Inflammation'), ('Coordination', 'Ability to engage in physical activity'), ('Obesity', 'Short sleep duration'), ('Inflammation', 'Asthma'), ('Coronary heart diseases', 'Dyspnea'), ('Tiredness', 'Ability to engage in physical activity'), ('Short sleep duration', 'Heart rate'), ('Blood fatty acid level', 'Blood glucose level'), ('Pro-inflammatory cytokines', 'Inflammation'), ('Respiratory muscle fatigue', 'Dyspnea'), ('Heart rate', 'Coronary heart diseases'), ('Medications', 'Coordination'), ('Beta blockers', 'Ability to engage in physical activity'), ('Sodium intake', 'Blood pressure'), ('Airway resistance', 'Asthma-like symptoms'), ('Medications', 'Concentration'), ('Cells intake of fatty acids', 'Adipose storage of fatty acids'), ('Physical pain', 'Ability to engage in physical activity'), ('Concentration', 'Ability to engage in physical activity'), ('Obesity', 'Release of adipokines'), ('Blood glucose level', 'Sodium retention'), ('Stimulants', 'Short sleep duration'), ('Obesity', 'Dysfunctional adipose tissue'), ('Medications', 'Tiredness'), ('Inflammation', 'Insulin resistance'), ('Inflammation', 'Auto-inflammatory diseases'), ('Blood fatty acid level', 'Adipose storage of fatty acids'), ('Dysfunctional adipose tissue', 'Blood pressure'), ('Dysfunctional adipose tissue', 'Dyslipidemia'), ('Obesity', 'Unhealthy weight control practices'), ('Obesity', 'Asthma-like symptoms'), ('Dyslipidemia', 'Atherosclerosis')]","[('Prevalence of walking trails', 'Quality of the sport infrastructure'), ('Medications', 'Balance'), ('Culture of eating that promotes healthy choices', 'Physical well-being'), ('Secretion of inflammatory molecules by adipose cells', 'Insulin resistance'), ('Presence of a vibrant community', 'Control'), ('Obesity', 'Weight bias'), ('Healthy eating', 'Blood mono-unsaturated fatty acid level'), ('Exercise', 'Heart rate'), ('Available time', 'Recreational physical activity'), ('Chronic conditions', 'Depression'), ('Exercise', 'Insulin resistance'), ('Weight bias', 'Socio-economic status'), ('Mental well-being', 'Physical well-being'), ('Obesity', 'Obstructive sleep apnea'), ('Eating disorders', 'Healthy eating'), ('Consumer demand for regulations', 'Marketing of healthy foods'), ('Dyslipidemia', 'Blood pressure'), ('Obesity', 'Gastro-esophageal reflux disease'), ('Perceived environmental safety', 'Mental well-being'), ('Late night TV watching', 'Short sleep duration'), ('Auto-inflammatory diseases', 'Inflammation'), ('Depression', 'Healthy eating'), ('Socio-economic status', 'Stress'), ('Exercise', 'Blood glucose level'), ('Public support and demand for healthy products', 'Marketing of healthy foods'), ('Unhealthy foods are cheaper than healthy ones', 'Supportive food environment'), ('Control', 'Mental well-being'), ('Atherosclerosis', 'Coronary heart diseases'), ('Socio-economic status', 'Physical well-being'), ('Ability to engage in physical activity', 'Physical activity'), ('Public health messaging around thinness', 'Weight bias'), ('Public support and demand for healthy products', 'Availability of healthy foods'), ('Release of adipokines', 'Atherosclerosis'), ('Consumer demand for regulations', 'Marketing of unhealthy foods'), ('Resilience', 'Mental well-being'), ('Blood mono-unsaturated fatty acid level', 'Secretion of inflammatory molecules by adipose cells'), ('Medical perspective that thin is good', 'Public health messaging around thinness'), ('Mental well-being', 'Medications'), ('Sexual difficulties', 'Mental well-being'), ('Insulin resistance', 'Fatty acids in the artery walls'), ('Insulin resistance', 'Cells intake of fatty acids'), ('Sidewalk prevalence and maintenance', 'Utilitarian physical activity '), ('Adipose storage of fatty acids', 'Inflammation'), ('Socio-economic status', 'Exercise'), ('Thoracic and abdominal obesity', 'Airway resistance'), ('Healthy eating', 'Short sleep duration'), ('Perceived environmental safety', 'Physical well-being'), ('Weight bias', 'Depression'), ('Emotional eating', 'Mental well-being'), ('Late night TV watching', 'Healthy eating'), ('Control', 'Stress'), ('Aesthetics', 'Physical well-being'), ('Economic incentives to produce unhealthy food products', 'Cost of unhealthy foods'), ('Supportive food environment', 'Healthy eating'), ('Appetite', 'Physical well-being'), ('Thoracic and abdominal obesity', 'Respiratory muscle fatigue'), ('Cardiovascular diseases', 'Fear of engaging in physical activity'), ('Socio-economic status', 'Mental well-being'), ('Unhealthy weight control practices', 'Obesity'), ('Exercise', 'Blood pressure'), ('Sodium retention', 'Blood pressure'), ('Short sleep duration', 'Pro-inflammatory cytokines'), ('Medications', 'Obesity'), ('Short sleep duration', 'Appetite'), ('Balance', 'Ability to engage in physical activity'), ('Short sleep duration', 'Cortisol'), ('Airway resistance', 'Asthma'), ('Short sleep duration', 'Blood pressure'), ('Medical perspective that thin is good', 'Cultural norms around thinness'), ('Healthy eating', 'Blood glucose level'), ('Mental well-being', 'Anticonvulsants'), ('Fatty acids in the artery walls', 'Atherosclerosis'), ('Dyslipidemia', 'Insulin resistance'), ('Blood glucose level', 'Fatty acids in the artery walls'), ('Respiratory diseases', 'Ability to engage in physical activity'), ('Blood saturated fatty acid level', 'Secretion of inflammatory molecules by adipose cells'), ('Dysfunctional adipose tissue', 'Inflammation'), ('Weight bias', 'Mental well-being'), ('Coordination', 'Ability to engage in physical activity'), ('Cultural norms around thinness', 'Cultural norms around thinness'), ('Cultural norms around thinness', 'Poor body image'), ('Obesity', 'Short sleep duration'), ('Inflammation', 'Asthma'), ('Healthy eating', 'Sodium intake'), ('Cultural norms around thinness', 'Eating disorders'), ('Poor body image', 'Sexual difficulties'), ('Fear of engaging in physical activity', 'Physical activity'), ('Short sleep duration', 'Healthy eating'), ('Coronary heart diseases', 'Dyspnea'), ('Stress', 'Inflammation'), ('Weight bias', 'Stress'), ('Unhealthy weight control practices', 'Eating disorders'), ('Tiredness', 'Ability to engage in physical activity'), ('Short sleep duration', 'Heart rate'), ('Prevalence of bike trails', 'Quality of the sport infrastructure'), ('Exercise', 'Blood fatty acid level'), ('Mental well-being', 'Emotional eating'), ('Poor body image', 'Poor body image'), ('Blood fatty acid level', 'Blood glucose level'), ('Cardiovascular diseases', 'Depression'), ('Pro-inflammatory cytokines', 'Inflammation'), ('Prevalence of green fields', 'Quality of the sport infrastructure'), ('Mental well-being', 'Antipsychotics'), ('Socio-economic status', 'Control'), ('Weight bias', 'Poor body image'), ('Positive experience of sports', 'Recreational physical activity'), ('Public support and demand for healthy products', 'Cost of healthy foods'), ('Socio-economic status', 'Availability of healthy foods'), ('Cardiovascular diseases', 'Physical well-being'), ('Respiratory muscle fatigue', 'Dyspnea'), ('Heart rate', 'Coronary heart diseases'), ('Pressure to be thin', 'Poor body image'), ('Medications', 'Coordination'), ('Beta blockers', 'Ability to engage in physical activity'), ('Antipsychotics', 'Appetite'), ('Sodium intake', 'Blood pressure'), ('Pressure to be thin', 'Unhealthy weight control practices'), ('Airway resistance', 'Asthma-like symptoms'), ('Depression', 'Stress'), ('Medications', 'Concentration'), ('Public support and demand for healthy products', 'Marketing of unhealthy foods'), ('Poor body image', 'Eating disorders'), ('Emotional eating', 'Healthy eating'), ('Obesity', 'Access to health professionals'), ('Obesity', 'Mental well-being'), ('Unhealthy foods are more available than healthy ones', 'Supportive food environment'), ('Healthy eating', 'Blood saturated fatty acid level'), ('Presence of a vibrant community', 'Resilience'), ('Cells intake of fatty acids', 'Adipose storage of fatty acids'), ('Physical activity', 'Physical well-being'), ('Appetite', 'Healthy eating'), ('Aesthetics', 'Stress'), ('Chronic conditions', 'Mental well-being'), ('Weight bias', 'Positive experience of sports'), ('Healthy eating', 'Dyslipidemia'), ('Quality of the sport infrastructure', 'Recreational physical activity'), ('Physical pain', 'Ability to engage in physical activity'), ('Prevalence of green fields', 'Aesthetics'), ('Concentration', 'Ability to engage in physical activity'), ('Aesthetics', 'Mental well-being'), ('Poor body image', 'Depression'), ('Chronic conditions', 'Physical well-being'), ('Obesity', 'Release of adipokines'), ('Blood glucose level', 'Sodium retention'), ('Restrictive covenants', 'Availability of healthy foods'), ('Musculoskeletal pain', 'Mental well-being'), ('Weight bias', 'Unhealthy weight control practices'), ('Physical activity', 'Mental well-being'), ('Access to health professionals', 'Ability to engage in physical activity'), ('Stimulants', 'Short sleep duration'), ('Culture of eating that promotes healthy choices', 'Healthy eating'), ('Culture of eating that promotes healthy choices', 'Mental well-being'), ('Weight bias', 'Exercise'), ('Obesity', 'Dysfunctional adipose tissue'), ('Medications', 'Tiredness'), ('Inflammation', 'Insulin resistance'), ('Anticonvulsants', 'Appetite'), ('Inflammation', 'Auto-inflammatory diseases'), ('Accessibility to shops', 'Utilitarian physical activity '), ('Blood fatty acid level', 'Adipose storage of fatty acids'), ('Perceived environmental safety', 'Physical activity'), ('Short sleep duration', 'Physical well-being'), ('Cultural norms around thinness', 'Pressure to be thin'), ('Weight bias', 'Access to health professionals'), ('Public health messaging around thinness', 'Pressure to be thin'), ('Dysfunctional adipose tissue', 'Blood pressure'), ('Dysfunctional adipose tissue', 'Dyslipidemia'), ('Aesthetics', 'Utilitarian physical activity '), ('Obesity', 'Unhealthy weight control practices'), ('Obesity', 'Asthma-like symptoms'), ('Marketing ratio of unhealthy to healthy foods', 'Supportive food environment'), ('Dyslipidemia', 'Atherosclerosis'), ('Physical well-being', 'Mental well-being'), ('Public support and demand for healthy products', 'Cost of unhealthy foods'), ('Musculoskeletal pain', 'Physical well-being'), ('Coronary heart diseases', 'Exercise')]"
1,"[('Culture of eating that promotes healthy choices', 'Obesity'), ('Pressure to be thin', 'Unhealthy weight control practices'), ('Cultural norms around thinness', 'Obesity'), ('Resilience', 'Ability to engage in physical activity'), ('Depression', 'Obesity'), ('Poor body image', 'Unhealthy weight control practices'), ('Weight bias', 'Obesity'), ('Socio-economic status', 'Obesity'), ('Medical perspective that thin is good', 'Obesity'), ('Physical well-being', 'Ability to engage in physical activity'), ('Control', 'Ability to engage in physical activity'), ('Public health messaging around thinness', 'Obesity'), ('Mental well-being', 'Ability to engage in physical activity'), ('Stress', 'Obesity')]",-1,-1,1,1,1,"[('Culture of eating that promotes healthy choices', 'Physical well-being'), ('Weight bias', 'Socio-economic status'), ('Mental well-being', 'Physical well-being'), ('Socio-economic status', 'Stress'), ('Control', 'Mental well-being'), ('Socio-economic status', 'Physical well-being'), ('Public health messaging around thinness', 'Weight bias'), ('Resilience', 'Mental well-being'), ('Medical perspective that thin is good', 'Public health messaging around thinness'), ('Weight bias', 'Depression'), ('Control', 'Stress'), ('Socio-economic status', 'Mental well-being'), ('Medical perspective that thin is good', 'Cultural norms around thinness'), ('Weight bias', 'Mental well-being'), ('Cultural norms around thinness', 'Cultural norms around thinness'), ('Cultural norms around thinness', 'Poor body image'), ('Weight bias', 'Stress'), ('Poor body image', 'Poor body image'), ('Socio-economic status', 'Control'), ('Weight bias', 'Poor body image'), ('Pressure to be thin', 'Poor body image'), ('Depression', 'Stress'), ('Poor body image', 'Depression'), ('Culture of eating that promotes healthy choices', 'Mental well-being'), ('Cultural norms around thinness', 'Pressure to be thin'), ('Public health messaging around thinness', 'Pressure to be thin'), ('Physical well-being', 'Mental well-being')]","[('Medications', 'Balance'), ('Secretion of inflammatory molecules by adipose cells', 'Insulin resistance'), ('Obesity', 'Obstructive sleep apnea'), ('Dyslipidemia', 'Blood pressure'), ('Obesity', 'Gastro-esophageal reflux disease'), ('Auto-inflammatory diseases', 'Inflammation'), ('Atherosclerosis', 'Coronary heart diseases'), ('Release of adipokines', 'Atherosclerosis'), ('Blood mono-unsaturated fatty acid level', 'Secretion of inflammatory molecules by adipose cells'), ('Insulin resistance', 'Fatty acids in the artery walls'), ('Insulin resistance', 'Cells intake of fatty acids'), ('Adipose storage of fatty acids', 'Inflammation'), ('Thoracic and abdominal obesity', 'Airway resistance'), ('Thoracic and abdominal obesity', 'Respiratory muscle fatigue'), ('Unhealthy weight control practices', 'Obesity'), ('Sodium retention', 'Blood pressure'), ('Short sleep duration', 'Pro-inflammatory cytokines'), ('Medications', 'Obesity'), ('Balance', 'Ability to engage in physical activity'), ('Short sleep duration', 'Cortisol'), ('Airway resistance', 'Asthma'), ('Short sleep duration', 'Blood pressure'), ('Fatty acids in the artery walls', 'Atherosclerosis'), ('Dyslipidemia', 'Insulin resistance'), ('Blood glucose level', 'Fatty acids in the artery walls'), ('Respiratory diseases', 'Ability to engage in physical activity'), ('Blood saturated fatty acid level', 'Secretion of inflammatory molecules by adipose cells'), ('Dysfunctional adipose tissue', 'Inflammation'), ('Coordination', 'Ability to engage in physical activity'), ('Obesity', 'Short sleep duration'), ('Inflammation', 'Asthma'), ('Coronary heart diseases', 'Dyspnea'), ('Tiredness', 'Ability to engage in physical activity'), ('Short sleep duration', 'Heart rate'), ('Blood fatty acid level', 'Blood glucose level'), ('Pro-inflammatory cytokines', 'Inflammation'), ('Respiratory muscle fatigue', 'Dyspnea'), ('Heart rate', 'Coronary heart diseases'), ('Medications', 'Coordination'), ('Beta blockers', 'Ability to engage in physical activity'), ('Sodium intake', 'Blood pressure'), ('Airway resistance', 'Asthma-like symptoms'), ('Medications', 'Concentration'), ('Cells intake of fatty acids', 'Adipose storage of fatty acids'), ('Physical pain', 'Ability to engage in physical activity'), ('Concentration', 'Ability to engage in physical activity'), ('Obesity', 'Release of adipokines'), ('Blood glucose level', 'Sodium retention'), ('Stimulants', 'Short sleep duration'), ('Obesity', 'Dysfunctional adipose tissue'), ('Medications', 'Tiredness'), ('Inflammation', 'Insulin resistance'), ('Inflammation', 'Auto-inflammatory diseases'), ('Blood fatty acid level', 'Adipose storage of fatty acids'), ('Dysfunctional adipose tissue', 'Blood pressure'), ('Dysfunctional adipose tissue', 'Dyslipidemia'), ('Obesity', 'Unhealthy weight control practices'), ('Obesity', 'Asthma-like symptoms'), ('Dyslipidemia', 'Atherosclerosis')]","[('Prevalence of walking trails', 'Quality of the sport infrastructure'), ('Medications', 'Balance'), ('Culture of eating that promotes healthy choices', 'Physical well-being'), ('Secretion of inflammatory molecules by adipose cells', 'Insulin resistance'), ('Presence of a vibrant community', 'Control'), ('Obesity', 'Weight bias'), ('Healthy eating', 'Blood mono-unsaturated fatty acid level'), ('Exercise', 'Heart rate'), ('Available time', 'Recreational physical activity'), ('Chronic conditions', 'Depression'), ('Exercise', 'Insulin resistance'), ('Weight bias', 'Socio-economic status'), ('Mental well-being', 'Physical well-being'), ('Obesity', 'Obstructive sleep apnea'), ('Eating disorders', 'Healthy eating'), ('Consumer demand for regulations', 'Marketing of healthy foods'), ('Dyslipidemia', 'Blood pressure'), ('Obesity', 'Gastro-esophageal reflux disease'), ('Perceived environmental safety', 'Mental well-being'), ('Late night TV watching', 'Short sleep duration'), ('Auto-inflammatory diseases', 'Inflammation'), ('Depression', 'Healthy eating'), ('Socio-economic status', 'Stress'), ('Exercise', 'Blood glucose level'), ('Public support and demand for healthy products', 'Marketing of healthy foods'), ('Unhealthy foods are cheaper than healthy ones', 'Supportive food environment'), ('Control', 'Mental well-being'), ('Atherosclerosis', 'Coronary heart diseases'), ('Socio-economic status', 'Physical well-being'), ('Ability to engage in physical activity', 'Physical activity'), ('Public health messaging around thinness', 'Weight bias'), ('Public support and demand for healthy products', 'Availability of healthy foods'), ('Release of adipokines', 'Atherosclerosis'), ('Consumer demand for regulations', 'Marketing of unhealthy foods'), ('Resilience', 'Mental well-being'), ('Blood mono-unsaturated fatty acid level', 'Secretion of inflammatory molecules by adipose cells'), ('Medical perspective that thin is good', 'Public health messaging around thinness'), ('Mental well-being', 'Medications'), ('Sexual difficulties', 'Mental well-being'), ('Insulin resistance', 'Fatty acids in the artery walls'), ('Insulin resistance', 'Cells intake of fatty acids'), ('Sidewalk prevalence and maintenance', 'Utilitarian physical activity '), ('Adipose storage of fatty acids', 'Inflammation'), ('Socio-economic status', 'Exercise'), ('Thoracic and abdominal obesity', 'Airway resistance'), ('Healthy eating', 'Short sleep duration'), ('Perceived environmental safety', 'Physical well-being'), ('Weight bias', 'Depression'), ('Emotional eating', 'Mental well-being'), ('Late night TV watching', 'Healthy eating'), ('Control', 'Stress'), ('Aesthetics', 'Physical well-being'), ('Economic incentives to produce unhealthy food products', 'Cost of unhealthy foods'), ('Supportive food environment', 'Healthy eating'), ('Appetite', 'Physical well-being'), ('Thoracic and abdominal obesity', 'Respiratory muscle fatigue'), ('Cardiovascular diseases', 'Fear of engaging in physical activity'), ('Socio-economic status', 'Mental well-being'), ('Unhealthy weight control practices', 'Obesity'), ('Exercise', 'Blood pressure'), ('Sodium retention', 'Blood pressure'), ('Short sleep duration', 'Pro-inflammatory cytokines'), ('Medications', 'Obesity'), ('Short sleep duration', 'Appetite'), ('Balance', 'Ability to engage in physical activity'), ('Short sleep duration', 'Cortisol'), ('Airway resistance', 'Asthma'), ('Short sleep duration', 'Blood pressure'), ('Medical perspective that thin is good', 'Cultural norms around thinness'), ('Healthy eating', 'Blood glucose level'), ('Mental well-being', 'Anticonvulsants'), ('Fatty acids in the artery walls', 'Atherosclerosis'), ('Dyslipidemia', 'Insulin resistance'), ('Blood glucose level', 'Fatty acids in the artery walls'), ('Respiratory diseases', 'Ability to engage in physical activity'), ('Blood saturated fatty acid level', 'Secretion of inflammatory molecules by adipose cells'), ('Dysfunctional adipose tissue', 'Inflammation'), ('Weight bias', 'Mental well-being'), ('Coordination', 'Ability to engage in physical activity'), ('Cultural norms around thinness', 'Cultural norms around thinness'), ('Cultural norms around thinness', 'Poor body image'), ('Obesity', 'Short sleep duration'), ('Inflammation', 'Asthma'), ('Healthy eating', 'Sodium intake'), ('Cultural norms around thinness', 'Eating disorders'), ('Poor body image', 'Sexual difficulties'), ('Fear of engaging in physical activity', 'Physical activity'), ('Short sleep duration', 'Healthy eating'), ('Coronary heart diseases', 'Dyspnea'), ('Stress', 'Inflammation'), ('Weight bias', 'Stress'), ('Unhealthy weight control practices', 'Eating disorders'), ('Tiredness', 'Ability to engage in physical activity'), ('Short sleep duration', 'Heart rate'), ('Prevalence of bike trails', 'Quality of the sport infrastructure'), ('Exercise', 'Blood fatty acid level'), ('Mental well-being', 'Emotional eating'), ('Poor body image', 'Poor body image'), ('Blood fatty acid level', 'Blood glucose level'), ('Cardiovascular diseases', 'Depression'), ('Pro-inflammatory cytokines', 'Inflammation'), ('Prevalence of green fields', 'Quality of the sport infrastructure'), ('Mental well-being', 'Antipsychotics'), ('Socio-economic status', 'Control'), ('Weight bias', 'Poor body image'), ('Positive experience of sports', 'Recreational physical activity'), ('Public support and demand for healthy products', 'Cost of healthy foods'), ('Socio-economic status', 'Availability of healthy foods'), ('Cardiovascular diseases', 'Physical well-being'), ('Respiratory muscle fatigue', 'Dyspnea'), ('Heart rate', 'Coronary heart diseases'), ('Pressure to be thin', 'Poor body image'), ('Medications', 'Coordination'), ('Beta blockers', 'Ability to engage in physical activity'), ('Antipsychotics', 'Appetite'), ('Sodium intake', 'Blood pressure'), ('Pressure to be thin', 'Unhealthy weight control practices'), ('Airway resistance', 'Asthma-like symptoms'), ('Depression', 'Stress'), ('Medications', 'Concentration'), ('Public support and demand for healthy products', 'Marketing of unhealthy foods'), ('Poor body image', 'Eating disorders'), ('Emotional eating', 'Healthy eating'), ('Obesity', 'Access to health professionals'), ('Obesity', 'Mental well-being'), ('Unhealthy foods are more available than healthy ones', 'Supportive food environment'), ('Healthy eating', 'Blood saturated fatty acid level'), ('Presence of a vibrant community', 'Resilience'), ('Cells intake of fatty acids', 'Adipose storage of fatty acids'), ('Physical activity', 'Physical well-being'), ('Appetite', 'Healthy eating'), ('Aesthetics', 'Stress'), ('Chronic conditions', 'Mental well-being'), ('Weight bias', 'Positive experience of sports'), ('Healthy eating', 'Dyslipidemia'), ('Quality of the sport infrastructure', 'Recreational physical activity'), ('Physical pain', 'Ability to engage in physical activity'), ('Prevalence of green fields', 'Aesthetics'), ('Concentration', 'Ability to engage in physical activity'), ('Aesthetics', 'Mental well-being'), ('Poor body image', 'Depression'), ('Chronic conditions', 'Physical well-being'), ('Obesity', 'Release of adipokines'), ('Blood glucose level', 'Sodium retention'), ('Restrictive covenants', 'Availability of healthy foods'), ('Musculoskeletal pain', 'Mental well-being'), ('Weight bias', 'Unhealthy weight control practices'), ('Physical activity', 'Mental well-being'), ('Access to health professionals', 'Ability to engage in physical activity'), ('Stimulants', 'Short sleep duration'), ('Culture of eating that promotes healthy choices', 'Healthy eating'), ('Culture of eating that promotes healthy choices', 'Mental well-being'), ('Weight bias', 'Exercise'), ('Obesity', 'Dysfunctional adipose tissue'), ('Medications', 'Tiredness'), ('Inflammation', 'Insulin resistance'), ('Anticonvulsants', 'Appetite'), ('Inflammation', 'Auto-inflammatory diseases'), ('Accessibility to shops', 'Utilitarian physical activity '), ('Blood fatty acid level', 'Adipose storage of fatty acids'), ('Perceived environmental safety', 'Physical activity'), ('Short sleep duration', 'Physical well-being'), ('Cultural norms around thinness', 'Pressure to be thin'), ('Weight bias', 'Access to health professionals'), ('Public health messaging around thinness', 'Pressure to be thin'), ('Dysfunctional adipose tissue', 'Blood pressure'), ('Dysfunctional adipose tissue', 'Dyslipidemia'), ('Aesthetics', 'Utilitarian physical activity '), ('Obesity', 'Unhealthy weight control practices'), ('Obesity', 'Asthma-like symptoms'), ('Marketing ratio of unhealthy to healthy foods', 'Supportive food environment'), ('Dyslipidemia', 'Atherosclerosis'), ('Physical well-being', 'Mental well-being'), ('Public support and demand for healthy products', 'Cost of unhealthy foods'), ('Musculoskeletal pain', 'Physical well-being'), ('Coronary heart diseases', 'Exercise')]"
2,"[('Culture of eating that promotes healthy choices', 'Obesity'), ('Pressure to be thin', 'Unhealthy weight control practices'), ('Cultural norms around thinness', 'Obesity'), ('Resilience', 'Ability to engage in physical activity'), ('Depression', 'Obesity'), ('Poor body image', 'Unhealthy weight control practices'), ('Weight bias', 'Obesity'), ('Socio-economic status', 'Obesity'), ('Medical perspective that thin is good', 'Obesity'), ('Physical well-being', 'Ability to engage in physical activity'), ('Control', 'Ability to engage in physical activity'), ('Public health messaging around thinness', 'Obesity'), ('Mental well-being', 'Ability to engage in physical activity'), ('Stress', 'Obesity')]",-1,-1,1,1,1,"[('Culture of eating that promotes healthy choices', 'Physical well-being'), ('Weight bias', 'Socio-economic status'), ('Mental well-being', 'Physical well-being'), ('Socio-economic status', 'Stress'), ('Control', 'Mental well-being'), ('Socio-economic status', 'Physical well-being'), ('Public health messaging around thinness', 'Weight bias'), ('Resilience', 'Mental well-being'), ('Medical perspective that thin is good', 'Public health messaging around thinness'), ('Weight bias', 'Depression'), ('Control', 'Stress'), ('Socio-economic status', 'Mental well-being'), ('Medical perspective that thin is good', 'Cultural norms around thinness'), ('Weight bias', 'Mental well-being'), ('Cultural norms around thinness', 'Cultural norms around thinness'), ('Cultural norms around thinness', 'Poor body image'), ('Weight bias', 'Stress'), ('Poor body image', 'Poor body image'), ('Socio-economic status', 'Control'), ('Weight bias', 'Poor body image'), ('Pressure to be thin', 'Poor body image'), ('Depression', 'Stress'), ('Poor body image', 'Depression'), ('Culture of eating that promotes healthy choices', 'Mental well-being'), ('Cultural norms around thinness', 'Pressure to be thin'), ('Public health messaging around thinness', 'Pressure to be thin'), ('Physical well-being', 'Mental well-being')]","[('Medications', 'Balance'), ('Secretion of inflammatory molecules by adipose cells', 'Insulin resistance'), ('Obesity', 'Obstructive sleep apnea'), ('Dyslipidemia', 'Blood pressure'), ('Obesity', 'Gastro-esophageal reflux disease'), ('Auto-inflammatory diseases', 'Inflammation'), ('Atherosclerosis', 'Coronary heart diseases'), ('Release of adipokines', 'Atherosclerosis'), ('Blood mono-unsaturated fatty acid level', 'Secretion of inflammatory molecules by adipose cells'), ('Insulin resistance', 'Fatty acids in the artery walls'), ('Insulin resistance', 'Cells intake of fatty acids'), ('Adipose storage of fatty acids', 'Inflammation'), ('Thoracic and abdominal obesity', 'Airway resistance'), ('Thoracic and abdominal obesity', 'Respiratory muscle fatigue'), ('Unhealthy weight control practices', 'Obesity'), ('Sodium retention', 'Blood pressure'), ('Short sleep duration', 'Pro-inflammatory cytokines'), ('Medications', 'Obesity'), ('Balance', 'Ability to engage in physical activity'), ('Short sleep duration', 'Cortisol'), ('Airway resistance', 'Asthma'), ('Short sleep duration', 'Blood pressure'), ('Fatty acids in the artery walls', 'Atherosclerosis'), ('Dyslipidemia', 'Insulin resistance'), ('Blood glucose level', 'Fatty acids in the artery walls'), ('Respiratory diseases', 'Ability to engage in physical activity'), ('Blood saturated fatty acid level', 'Secretion of inflammatory molecules by adipose cells'), ('Dysfunctional adipose tissue', 'Inflammation'), ('Coordination', 'Ability to engage in physical activity'), ('Obesity', 'Short sleep duration'), ('Inflammation', 'Asthma'), ('Coronary heart diseases', 'Dyspnea'), ('Tiredness', 'Ability to engage in physical activity'), ('Short sleep duration', 'Heart rate'), ('Blood fatty acid level', 'Blood glucose level'), ('Pro-inflammatory cytokines', 'Inflammation'), ('Respiratory muscle fatigue', 'Dyspnea'), ('Heart rate', 'Coronary heart diseases'), ('Medications', 'Coordination'), ('Beta blockers', 'Ability to engage in physical activity'), ('Sodium intake', 'Blood pressure'), ('Airway resistance', 'Asthma-like symptoms'), ('Medications', 'Concentration'), ('Cells intake of fatty acids', 'Adipose storage of fatty acids'), ('Physical pain', 'Ability to engage in physical activity'), ('Concentration', 'Ability to engage in physical activity'), ('Obesity', 'Release of adipokines'), ('Blood glucose level', 'Sodium retention'), ('Stimulants', 'Short sleep duration'), ('Obesity', 'Dysfunctional adipose tissue'), ('Medications', 'Tiredness'), ('Inflammation', 'Insulin resistance'), ('Inflammation', 'Auto-inflammatory diseases'), ('Blood fatty acid level', 'Adipose storage of fatty acids'), ('Dysfunctional adipose tissue', 'Blood pressure'), ('Dysfunctional adipose tissue', 'Dyslipidemia'), ('Obesity', 'Unhealthy weight control practices'), ('Obesity', 'Asthma-like symptoms'), ('Dyslipidemia', 'Atherosclerosis')]","[('Prevalence of walking trails', 'Quality of the sport infrastructure'), ('Medications', 'Balance'), ('Culture of eating that promotes healthy choices', 'Physical well-being'), ('Secretion of inflammatory molecules by adipose cells', 'Insulin resistance'), ('Presence of a vibrant community', 'Control'), ('Obesity', 'Weight bias'), ('Healthy eating', 'Blood mono-unsaturated fatty acid level'), ('Exercise', 'Heart rate'), ('Available time', 'Recreational physical activity'), ('Chronic conditions', 'Depression'), ('Exercise', 'Insulin resistance'), ('Weight bias', 'Socio-economic status'), ('Mental well-being', 'Physical well-being'), ('Obesity', 'Obstructive sleep apnea'), ('Eating disorders', 'Healthy eating'), ('Consumer demand for regulations', 'Marketing of healthy foods'), ('Dyslipidemia', 'Blood pressure'), ('Obesity', 'Gastro-esophageal reflux disease'), ('Perceived environmental safety', 'Mental well-being'), ('Late night TV watching', 'Short sleep duration'), ('Auto-inflammatory diseases', 'Inflammation'), ('Depression', 'Healthy eating'), ('Socio-economic status', 'Stress'), ('Exercise', 'Blood glucose level'), ('Public support and demand for healthy products', 'Marketing of healthy foods'), ('Unhealthy foods are cheaper than healthy ones', 'Supportive food environment'), ('Control', 'Mental well-being'), ('Atherosclerosis', 'Coronary heart diseases'), ('Socio-economic status', 'Physical well-being'), ('Ability to engage in physical activity', 'Physical activity'), ('Public health messaging around thinness', 'Weight bias'), ('Public support and demand for healthy products', 'Availability of healthy foods'), ('Release of adipokines', 'Atherosclerosis'), ('Consumer demand for regulations', 'Marketing of unhealthy foods'), ('Resilience', 'Mental well-being'), ('Blood mono-unsaturated fatty acid level', 'Secretion of inflammatory molecules by adipose cells'), ('Medical perspective that thin is good', 'Public health messaging around thinness'), ('Mental well-being', 'Medications'), ('Sexual difficulties', 'Mental well-being'), ('Insulin resistance', 'Fatty acids in the artery walls'), ('Insulin resistance', 'Cells intake of fatty acids'), ('Sidewalk prevalence and maintenance', 'Utilitarian physical activity '), ('Adipose storage of fatty acids', 'Inflammation'), ('Socio-economic status', 'Exercise'), ('Thoracic and abdominal obesity', 'Airway resistance'), ('Healthy eating', 'Short sleep duration'), ('Perceived environmental safety', 'Physical well-being'), ('Weight bias', 'Depression'), ('Emotional eating', 'Mental well-being'), ('Late night TV watching', 'Healthy eating'), ('Control', 'Stress'), ('Aesthetics', 'Physical well-being'), ('Economic incentives to produce unhealthy food products', 'Cost of unhealthy foods'), ('Supportive food environment', 'Healthy eating'), ('Appetite', 'Physical well-being'), ('Thoracic and abdominal obesity', 'Respiratory muscle fatigue'), ('Cardiovascular diseases', 'Fear of engaging in physical activity'), ('Socio-economic status', 'Mental well-being'), ('Unhealthy weight control practices', 'Obesity'), ('Exercise', 'Blood pressure'), ('Sodium retention', 'Blood pressure'), ('Short sleep duration', 'Pro-inflammatory cytokines'), ('Medications', 'Obesity'), ('Short sleep duration', 'Appetite'), ('Balance', 'Ability to engage in physical activity'), ('Short sleep duration', 'Cortisol'), ('Airway resistance', 'Asthma'), ('Short sleep duration', 'Blood pressure'), ('Medical perspective that thin is good', 'Cultural norms around thinness'), ('Healthy eating', 'Blood glucose level'), ('Mental well-being', 'Anticonvulsants'), ('Fatty acids in the artery walls', 'Atherosclerosis'), ('Dyslipidemia', 'Insulin resistance'), ('Blood glucose level', 'Fatty acids in the artery walls'), ('Respiratory diseases', 'Ability to engage in physical activity'), ('Blood saturated fatty acid level', 'Secretion of inflammatory molecules by adipose cells'), ('Dysfunctional adipose tissue', 'Inflammation'), ('Weight bias', 'Mental well-being'), ('Coordination', 'Ability to engage in physical activity'), ('Cultural norms around thinness', 'Cultural norms around thinness'), ('Cultural norms around thinness', 'Poor body image'), ('Obesity', 'Short sleep duration'), ('Inflammation', 'Asthma'), ('Healthy eating', 'Sodium intake'), ('Cultural norms around thinness', 'Eating disorders'), ('Poor body image', 'Sexual difficulties'), ('Fear of engaging in physical activity', 'Physical activity'), ('Short sleep duration', 'Healthy eating'), ('Coronary heart diseases', 'Dyspnea'), ('Stress', 'Inflammation'), ('Weight bias', 'Stress'), ('Unhealthy weight control practices', 'Eating disorders'), ('Tiredness', 'Ability to engage in physical activity'), ('Short sleep duration', 'Heart rate'), ('Prevalence of bike trails', 'Quality of the sport infrastructure'), ('Exercise', 'Blood fatty acid level'), ('Mental well-being', 'Emotional eating'), ('Poor body image', 'Poor body image'), ('Blood fatty acid level', 'Blood glucose level'), ('Cardiovascular diseases', 'Depression'), ('Pro-inflammatory cytokines', 'Inflammation'), ('Prevalence of green fields', 'Quality of the sport infrastructure'), ('Mental well-being', 'Antipsychotics'), ('Socio-economic status', 'Control'), ('Weight bias', 'Poor body image'), ('Positive experience of sports', 'Recreational physical activity'), ('Public support and demand for healthy products', 'Cost of healthy foods'), ('Socio-economic status', 'Availability of healthy foods'), ('Cardiovascular diseases', 'Physical well-being'), ('Respiratory muscle fatigue', 'Dyspnea'), ('Heart rate', 'Coronary heart diseases'), ('Pressure to be thin', 'Poor body image'), ('Medications', 'Coordination'), ('Beta blockers', 'Ability to engage in physical activity'), ('Antipsychotics', 'Appetite'), ('Sodium intake', 'Blood pressure'), ('Pressure to be thin', 'Unhealthy weight control practices'), ('Airway resistance', 'Asthma-like symptoms'), ('Depression', 'Stress'), ('Medications', 'Concentration'), ('Public support and demand for healthy products', 'Marketing of unhealthy foods'), ('Poor body image', 'Eating disorders'), ('Emotional eating', 'Healthy eating'), ('Obesity', 'Access to health professionals'), ('Obesity', 'Mental well-being'), ('Unhealthy foods are more available than healthy ones', 'Supportive food environment'), ('Healthy eating', 'Blood saturated fatty acid level'), ('Presence of a vibrant community', 'Resilience'), ('Cells intake of fatty acids', 'Adipose storage of fatty acids'), ('Physical activity', 'Physical well-being'), ('Appetite', 'Healthy eating'), ('Aesthetics', 'Stress'), ('Chronic conditions', 'Mental well-being'), ('Weight bias', 'Positive experience of sports'), ('Healthy eating', 'Dyslipidemia'), ('Quality of the sport infrastructure', 'Recreational physical activity'), ('Physical pain', 'Ability to engage in physical activity'), ('Prevalence of green fields', 'Aesthetics'), ('Concentration', 'Ability to engage in physical activity'), ('Aesthetics', 'Mental well-being'), ('Poor body image', 'Depression'), ('Chronic conditions', 'Physical well-being'), ('Obesity', 'Release of adipokines'), ('Blood glucose level', 'Sodium retention'), ('Restrictive covenants', 'Availability of healthy foods'), ('Musculoskeletal pain', 'Mental well-being'), ('Weight bias', 'Unhealthy weight control practices'), ('Physical activity', 'Mental well-being'), ('Access to health professionals', 'Ability to engage in physical activity'), ('Stimulants', 'Short sleep duration'), ('Culture of eating that promotes healthy choices', 'Healthy eating'), ('Culture of eating that promotes healthy choices', 'Mental well-being'), ('Weight bias', 'Exercise'), ('Obesity', 'Dysfunctional adipose tissue'), ('Medications', 'Tiredness'), ('Inflammation', 'Insulin resistance'), ('Anticonvulsants', 'Appetite'), ('Inflammation', 'Auto-inflammatory diseases'), ('Accessibility to shops', 'Utilitarian physical activity '), ('Blood fatty acid level', 'Adipose storage of fatty acids'), ('Perceived environmental safety', 'Physical activity'), ('Short sleep duration', 'Physical well-being'), ('Cultural norms around thinness', 'Pressure to be thin'), ('Weight bias', 'Access to health professionals'), ('Public health messaging around thinness', 'Pressure to be thin'), ('Dysfunctional adipose tissue', 'Blood pressure'), ('Dysfunctional adipose tissue', 'Dyslipidemia'), ('Aesthetics', 'Utilitarian physical activity '), ('Obesity', 'Unhealthy weight control practices'), ('Obesity', 'Asthma-like symptoms'), ('Marketing ratio of unhealthy to healthy foods', 'Supportive food environment'), ('Dyslipidemia', 'Atherosclerosis'), ('Physical well-being', 'Mental well-being'), ('Public support and demand for healthy products', 'Cost of unhealthy foods'), ('Musculoskeletal pain', 'Physical well-being'), ('Coronary heart diseases', 'Exercise')]"
3,"[('Culture of eating that promotes healthy choices', 'Obesity'), ('Pressure to be thin', 'Unhealthy weight control practices'), ('Cultural norms around thinness', 'Obesity'), ('Resilience', 'Ability to engage in physical activity'), ('Depression', 'Obesity'), ('Poor body image', 'Unhealthy weight control practices'), ('Weight bias', 'Obesity'), ('Socio-economic status', 'Obesity'), ('Medical perspective that thin is good', 'Obesity'), ('Physical well-being', 'Ability to engage in physical activity'), ('Control', 'Ability to engage in physical activity'), ('Public health messaging around thinness', 'Obesity'), ('Mental well-being', 'Ability to engage in physical activity'), ('Stress', 'Obesity')]",-1,-1,1,1,1,"[('Culture of eating that promotes healthy choices', 'Physical well-being'), ('Weight bias', 'Socio-economic status'), ('Mental well-being', 'Physical well-being'), ('Socio-economic status', 'Stress'), ('Control', 'Mental well-being'), ('Socio-economic status', 'Physical well-being'), ('Public health messaging around thinness', 'Weight bias'), ('Resilience', 'Mental well-being'), ('Medical perspective that thin is good', 'Public health messaging around thinness'), ('Weight bias', 'Depression'), ('Control', 'Stress'), ('Socio-economic status', 'Mental well-being'), ('Medical perspective that thin is good', 'Cultural norms around thinness'), ('Weight bias', 'Mental well-being'), ('Cultural norms around thinness', 'Cultural norms around thinness'), ('Cultural norms around thinness', 'Poor body image'), ('Weight bias', 'Stress'), ('Poor body image', 'Poor body image'), ('Socio-economic status', 'Control'), ('Weight bias', 'Poor body image'), ('Pressure to be thin', 'Poor body image'), ('Depression', 'Stress'), ('Poor body image', 'Depression'), ('Culture of eating that promotes healthy choices', 'Mental well-being'), ('Cultural norms around thinness', 'Pressure to be thin'), ('Public health messaging around thinness', 'Pressure to be thin'), ('Physical well-being', 'Mental well-being')]","[('Medications', 'Balance'), ('Secretion of inflammatory molecules by adipose cells', 'Insulin resistance'), ('Obesity', 'Obstructive sleep apnea'), ('Dyslipidemia', 'Blood pressure'), ('Obesity', 'Gastro-esophageal reflux disease'), ('Auto-inflammatory diseases', 'Inflammation'), ('Atherosclerosis', 'Coronary heart diseases'), ('Release of adipokines', 'Atherosclerosis'), ('Blood mono-unsaturated fatty acid level', 'Secretion of inflammatory molecules by adipose cells'), ('Insulin resistance', 'Fatty acids in the artery walls'), ('Insulin resistance', 'Cells intake of fatty acids'), ('Adipose storage of fatty acids', 'Inflammation'), ('Thoracic and abdominal obesity', 'Airway resistance'), ('Thoracic and abdominal obesity', 'Respiratory muscle fatigue'), ('Unhealthy weight control practices', 'Obesity'), ('Sodium retention', 'Blood pressure'), ('Short sleep duration', 'Pro-inflammatory cytokines'), ('Medications', 'Obesity'), ('Balance', 'Ability to engage in physical activity'), ('Short sleep duration', 'Cortisol'), ('Airway resistance', 'Asthma'), ('Short sleep duration', 'Blood pressure'), ('Fatty acids in the artery walls', 'Atherosclerosis'), ('Dyslipidemia', 'Insulin resistance'), ('Blood glucose level', 'Fatty acids in the artery walls'), ('Respiratory diseases', 'Ability to engage in physical activity'), ('Blood saturated fatty acid level', 'Secretion of inflammatory molecules by adipose cells'), ('Dysfunctional adipose tissue', 'Inflammation'), ('Coordination', 'Ability to engage in physical activity'), ('Obesity', 'Short sleep duration'), ('Inflammation', 'Asthma'), ('Coronary heart diseases', 'Dyspnea'), ('Tiredness', 'Ability to engage in physical activity'), ('Short sleep duration', 'Heart rate'), ('Blood fatty acid level', 'Blood glucose level'), ('Pro-inflammatory cytokines', 'Inflammation'), ('Respiratory muscle fatigue', 'Dyspnea'), ('Heart rate', 'Coronary heart diseases'), ('Medications', 'Coordination'), ('Beta blockers', 'Ability to engage in physical activity'), ('Sodium intake', 'Blood pressure'), ('Airway resistance', 'Asthma-like symptoms'), ('Medications', 'Concentration'), ('Cells intake of fatty acids', 'Adipose storage of fatty acids'), ('Physical pain', 'Ability to engage in physical activity'), ('Concentration', 'Ability to engage in physical activity'), ('Obesity', 'Release of adipokines'), ('Blood glucose level', 'Sodium retention'), ('Stimulants', 'Short sleep duration'), ('Obesity', 'Dysfunctional adipose tissue'), ('Medications', 'Tiredness'), ('Inflammation', 'Insulin resistance'), ('Inflammation', 'Auto-inflammatory diseases'), ('Blood fatty acid level', 'Adipose storage of fatty acids'), ('Dysfunctional adipose tissue', 'Blood pressure'), ('Dysfunctional adipose tissue', 'Dyslipidemia'), ('Obesity', 'Unhealthy weight control practices'), ('Obesity', 'Asthma-like symptoms'), ('Dyslipidemia', 'Atherosclerosis')]","[('Prevalence of walking trails', 'Quality of the sport infrastructure'), ('Medications', 'Balance'), ('Culture of eating that promotes healthy choices', 'Physical well-being'), ('Secretion of inflammatory molecules by adipose cells', 'Insulin resistance'), ('Presence of a vibrant community', 'Control'), ('Obesity', 'Weight bias'), ('Healthy eating', 'Blood mono-unsaturated fatty acid level'), ('Exercise', 'Heart rate'), ('Available time', 'Recreational physical activity'), ('Chronic conditions', 'Depression'), ('Exercise', 'Insulin resistance'), ('Weight bias', 'Socio-economic status'), ('Mental well-being', 'Physical well-being'), ('Obesity', 'Obstructive sleep apnea'), ('Eating disorders', 'Healthy eating'), ('Consumer demand for regulations', 'Marketing of healthy foods'), ('Dyslipidemia', 'Blood pressure'), ('Obesity', 'Gastro-esophageal reflux disease'), ('Perceived environmental safety', 'Mental well-being'), ('Late night TV watching', 'Short sleep duration'), ('Auto-inflammatory diseases', 'Inflammation'), ('Depression', 'Healthy eating'), ('Socio-economic status', 'Stress'), ('Exercise', 'Blood glucose level'), ('Public support and demand for healthy products', 'Marketing of healthy foods'), ('Unhealthy foods are cheaper than healthy ones', 'Supportive food environment'), ('Control', 'Mental well-being'), ('Atherosclerosis', 'Coronary heart diseases'), ('Socio-economic status', 'Physical well-being'), ('Ability to engage in physical activity', 'Physical activity'), ('Public health messaging around thinness', 'Weight bias'), ('Public support and demand for healthy products', 'Availability of healthy foods'), ('Release of adipokines', 'Atherosclerosis'), ('Consumer demand for regulations', 'Marketing of unhealthy foods'), ('Resilience', 'Mental well-being'), ('Blood mono-unsaturated fatty acid level', 'Secretion of inflammatory molecules by adipose cells'), ('Medical perspective that thin is good', 'Public health messaging around thinness'), ('Mental well-being', 'Medications'), ('Sexual difficulties', 'Mental well-being'), ('Insulin resistance', 'Fatty acids in the artery walls'), ('Insulin resistance', 'Cells intake of fatty acids'), ('Sidewalk prevalence and maintenance', 'Utilitarian physical activity '), ('Adipose storage of fatty acids', 'Inflammation'), ('Socio-economic status', 'Exercise'), ('Thoracic and abdominal obesity', 'Airway resistance'), ('Healthy eating', 'Short sleep duration'), ('Perceived environmental safety', 'Physical well-being'), ('Weight bias', 'Depression'), ('Emotional eating', 'Mental well-being'), ('Late night TV watching', 'Healthy eating'), ('Control', 'Stress'), ('Aesthetics', 'Physical well-being'), ('Economic incentives to produce unhealthy food products', 'Cost of unhealthy foods'), ('Supportive food environment', 'Healthy eating'), ('Appetite', 'Physical well-being'), ('Thoracic and abdominal obesity', 'Respiratory muscle fatigue'), ('Cardiovascular diseases', 'Fear of engaging in physical activity'), ('Socio-economic status', 'Mental well-being'), ('Unhealthy weight control practices', 'Obesity'), ('Exercise', 'Blood pressure'), ('Sodium retention', 'Blood pressure'), ('Short sleep duration', 'Pro-inflammatory cytokines'), ('Medications', 'Obesity'), ('Short sleep duration', 'Appetite'), ('Balance', 'Ability to engage in physical activity'), ('Short sleep duration', 'Cortisol'), ('Airway resistance', 'Asthma'), ('Short sleep duration', 'Blood pressure'), ('Medical perspective that thin is good', 'Cultural norms around thinness'), ('Healthy eating', 'Blood glucose level'), ('Mental well-being', 'Anticonvulsants'), ('Fatty acids in the artery walls', 'Atherosclerosis'), ('Dyslipidemia', 'Insulin resistance'), ('Blood glucose level', 'Fatty acids in the artery walls'), ('Respiratory diseases', 'Ability to engage in physical activity'), ('Blood saturated fatty acid level', 'Secretion of inflammatory molecules by adipose cells'), ('Dysfunctional adipose tissue', 'Inflammation'), ('Weight bias', 'Mental well-being'), ('Coordination', 'Ability to engage in physical activity'), ('Cultural norms around thinness', 'Cultural norms around thinness'), ('Cultural norms around thinness', 'Poor body image'), ('Obesity', 'Short sleep duration'), ('Inflammation', 'Asthma'), ('Healthy eating', 'Sodium intake'), ('Cultural norms around thinness', 'Eating disorders'), ('Poor body image', 'Sexual difficulties'), ('Fear of engaging in physical activity', 'Physical activity'), ('Short sleep duration', 'Healthy eating'), ('Coronary heart diseases', 'Dyspnea'), ('Stress', 'Inflammation'), ('Weight bias', 'Stress'), ('Unhealthy weight control practices', 'Eating disorders'), ('Tiredness', 'Ability to engage in physical activity'), ('Short sleep duration', 'Heart rate'), ('Prevalence of bike trails', 'Quality of the sport infrastructure'), ('Exercise', 'Blood fatty acid level'), ('Mental well-being', 'Emotional eating'), ('Poor body image', 'Poor body image'), ('Blood fatty acid level', 'Blood glucose level'), ('Cardiovascular diseases', 'Depression'), ('Pro-inflammatory cytokines', 'Inflammation'), ('Prevalence of green fields', 'Quality of the sport infrastructure'), ('Mental well-being', 'Antipsychotics'), ('Socio-economic status', 'Control'), ('Weight bias', 'Poor body image'), ('Positive experience of sports', 'Recreational physical activity'), ('Public support and demand for healthy products', 'Cost of healthy foods'), ('Socio-economic status', 'Availability of healthy foods'), ('Cardiovascular diseases', 'Physical well-being'), ('Respiratory muscle fatigue', 'Dyspnea'), ('Heart rate', 'Coronary heart diseases'), ('Pressure to be thin', 'Poor body image'), ('Medications', 'Coordination'), ('Beta blockers', 'Ability to engage in physical activity'), ('Antipsychotics', 'Appetite'), ('Sodium intake', 'Blood pressure'), ('Pressure to be thin', 'Unhealthy weight control practices'), ('Airway resistance', 'Asthma-like symptoms'), ('Depression', 'Stress'), ('Medications', 'Concentration'), ('Public support and demand for healthy products', 'Marketing of unhealthy foods'), ('Poor body image', 'Eating disorders'), ('Emotional eating', 'Healthy eating'), ('Obesity', 'Access to health professionals'), ('Obesity', 'Mental well-being'), ('Unhealthy foods are more available than healthy ones', 'Supportive food environment'), ('Healthy eating', 'Blood saturated fatty acid level'), ('Presence of a vibrant community', 'Resilience'), ('Cells intake of fatty acids', 'Adipose storage of fatty acids'), ('Physical activity', 'Physical well-being'), ('Appetite', 'Healthy eating'), ('Aesthetics', 'Stress'), ('Chronic conditions', 'Mental well-being'), ('Weight bias', 'Positive experience of sports'), ('Healthy eating', 'Dyslipidemia'), ('Quality of the sport infrastructure', 'Recreational physical activity'), ('Physical pain', 'Ability to engage in physical activity'), ('Prevalence of green fields', 'Aesthetics'), ('Concentration', 'Ability to engage in physical activity'), ('Aesthetics', 'Mental well-being'), ('Poor body image', 'Depression'), ('Chronic conditions', 'Physical well-being'), ('Obesity', 'Release of adipokines'), ('Blood glucose level', 'Sodium retention'), ('Restrictive covenants', 'Availability of healthy foods'), ('Musculoskeletal pain', 'Mental well-being'), ('Weight bias', 'Unhealthy weight control practices'), ('Physical activity', 'Mental well-being'), ('Access to health professionals', 'Ability to engage in physical activity'), ('Stimulants', 'Short sleep duration'), ('Culture of eating that promotes healthy choices', 'Healthy eating'), ('Culture of eating that promotes healthy choices', 'Mental well-being'), ('Weight bias', 'Exercise'), ('Obesity', 'Dysfunctional adipose tissue'), ('Medications', 'Tiredness'), ('Inflammation', 'Insulin resistance'), ('Anticonvulsants', 'Appetite'), ('Inflammation', 'Auto-inflammatory diseases'), ('Accessibility to shops', 'Utilitarian physical activity '), ('Blood fatty acid level', 'Adipose storage of fatty acids'), ('Perceived environmental safety', 'Physical activity'), ('Short sleep duration', 'Physical well-being'), ('Cultural norms around thinness', 'Pressure to be thin'), ('Weight bias', 'Access to health professionals'), ('Public health messaging around thinness', 'Pressure to be thin'), ('Dysfunctional adipose tissue', 'Blood pressure'), ('Dysfunctional adipose tissue', 'Dyslipidemia'), ('Aesthetics', 'Utilitarian physical activity '), ('Obesity', 'Unhealthy weight control practices'), ('Obesity', 'Asthma-like symptoms'), ('Marketing ratio of unhealthy to healthy foods', 'Supportive food environment'), ('Dyslipidemia', 'Atherosclerosis'), ('Physical well-being', 'Mental well-being'), ('Public support and demand for healthy products', 'Cost of unhealthy foods'), ('Musculoskeletal pain', 'Physical well-being'), ('Coronary heart diseases', 'Exercise')]"
4,"[('Culture of eating that promotes healthy choices', 'Obesity'), ('Pressure to be thin', 'Unhealthy weight control practices'), ('Cultural norms around thinness', 'Obesity'), ('Resilience', 'Ability to engage in physical activity'), ('Depression', 'Obesity'), ('Poor body image', 'Unhealthy weight control practices'), ('Weight bias', 'Obesity'), ('Socio-economic status', 'Obesity'), ('Medical perspective that thin is good', 'Obesity'), ('Physical well-being', 'Ability to engage in physical activity'), ('Control', 'Ability to engage in physical activity'), ('Public health messaging around thinness', 'Obesity'), ('Mental well-being', 'Ability to engage in physical activity'), ('Stress', 'Obesity')]",-1,-1,1,1,1,"[('Culture of eating that promotes healthy choices', 'Physical well-being'), ('Weight bias', 'Socio-economic status'), ('Mental well-being', 'Physical well-being'), ('Socio-economic status', 'Stress'), ('Control', 'Mental well-being'), ('Socio-economic status', 'Physical well-being'), ('Public health messaging around thinness', 'Weight bias'), ('Resilience', 'Mental well-being'), ('Medical perspective that thin is good', 'Public health messaging around thinness'), ('Weight bias', 'Depression'), ('Control', 'Stress'), ('Socio-economic status', 'Mental well-being'), ('Medical perspective that thin is good', 'Cultural norms around thinness'), ('Weight bias', 'Mental well-being'), ('Cultural norms around thinness', 'Cultural norms around thinness'), ('Cultural norms around thinness', 'Poor body image'), ('Weight bias', 'Stress'), ('Poor body image', 'Poor body image'), ('Socio-economic status', 'Control'), ('Weight bias', 'Poor body image'), ('Pressure to be thin', 'Poor body image'), ('Depression', 'Stress'), ('Poor body image', 'Depression'), ('Culture of eating that promotes healthy choices', 'Mental well-being'), ('Cultural norms around thinness', 'Pressure to be thin'), ('Public health messaging around thinness', 'Pressure to be thin'), ('Physical well-being', 'Mental well-being')]","[('Medications', 'Balance'), ('Secretion of inflammatory molecules by adipose cells', 'Insulin resistance'), ('Obesity', 'Obstructive sleep apnea'), ('Dyslipidemia', 'Blood pressure'), ('Obesity', 'Gastro-esophageal reflux disease'), ('Auto-inflammatory diseases', 'Inflammation'), ('Atherosclerosis', 'Coronary heart diseases'), ('Release of adipokines', 'Atherosclerosis'), ('Blood mono-unsaturated fatty acid level', 'Secretion of inflammatory molecules by adipose cells'), ('Insulin resistance', 'Fatty acids in the artery walls'), ('Insulin resistance', 'Cells intake of fatty acids'), ('Adipose storage of fatty acids', 'Inflammation'), ('Thoracic and abdominal obesity', 'Airway resistance'), ('Thoracic and abdominal obesity', 'Respiratory muscle fatigue'), ('Unhealthy weight control practices', 'Obesity'), ('Sodium retention', 'Blood pressure'), ('Short sleep duration', 'Pro-inflammatory cytokines'), ('Medications', 'Obesity'), ('Balance', 'Ability to engage in physical activity'), ('Short sleep duration', 'Cortisol'), ('Airway resistance', 'Asthma'), ('Short sleep duration', 'Blood pressure'), ('Fatty acids in the artery walls', 'Atherosclerosis'), ('Dyslipidemia', 'Insulin resistance'), ('Blood glucose level', 'Fatty acids in the artery walls'), ('Respiratory diseases', 'Ability to engage in physical activity'), ('Blood saturated fatty acid level', 'Secretion of inflammatory molecules by adipose cells'), ('Dysfunctional adipose tissue', 'Inflammation'), ('Coordination', 'Ability to engage in physical activity'), ('Obesity', 'Short sleep duration'), ('Inflammation', 'Asthma'), ('Coronary heart diseases', 'Dyspnea'), ('Tiredness', 'Ability to engage in physical activity'), ('Short sleep duration', 'Heart rate'), ('Blood fatty acid level', 'Blood glucose level'), ('Pro-inflammatory cytokines', 'Inflammation'), ('Respiratory muscle fatigue', 'Dyspnea'), ('Heart rate', 'Coronary heart diseases'), ('Medications', 'Coordination'), ('Beta blockers', 'Ability to engage in physical activity'), ('Sodium intake', 'Blood pressure'), ('Airway resistance', 'Asthma-like symptoms'), ('Medications', 'Concentration'), ('Cells intake of fatty acids', 'Adipose storage of fatty acids'), ('Physical pain', 'Ability to engage in physical activity'), ('Concentration', 'Ability to engage in physical activity'), ('Obesity', 'Release of adipokines'), ('Blood glucose level', 'Sodium retention'), ('Stimulants', 'Short sleep duration'), ('Obesity', 'Dysfunctional adipose tissue'), ('Medications', 'Tiredness'), ('Inflammation', 'Insulin resistance'), ('Inflammation', 'Auto-inflammatory diseases'), ('Blood fatty acid level', 'Adipose storage of fatty acids'), ('Dysfunctional adipose tissue', 'Blood pressure'), ('Dysfunctional adipose tissue', 'Dyslipidemia'), ('Obesity', 'Unhealthy weight control practices'), ('Obesity', 'Asthma-like symptoms'), ('Dyslipidemia', 'Atherosclerosis')]","[('Prevalence of walking trails', 'Quality of the sport infrastructure'), ('Medications', 'Balance'), ('Culture of eating that promotes healthy choices', 'Physical well-being'), ('Secretion of inflammatory molecules by adipose cells', 'Insulin resistance'), ('Presence of a vibrant community', 'Control'), ('Obesity', 'Weight bias'), ('Healthy eating', 'Blood mono-unsaturated fatty acid level'), ('Exercise', 'Heart rate'), ('Available time', 'Recreational physical activity'), ('Chronic conditions', 'Depression'), ('Exercise', 'Insulin resistance'), ('Weight bias', 'Socio-economic status'), ('Mental well-being', 'Physical well-being'), ('Obesity', 'Obstructive sleep apnea'), ('Eating disorders', 'Healthy eating'), ('Consumer demand for regulations', 'Marketing of healthy foods'), ('Dyslipidemia', 'Blood pressure'), ('Obesity', 'Gastro-esophageal reflux disease'), ('Perceived environmental safety', 'Mental well-being'), ('Late night TV watching', 'Short sleep duration'), ('Auto-inflammatory diseases', 'Inflammation'), ('Depression', 'Healthy eating'), ('Socio-economic status', 'Stress'), ('Exercise', 'Blood glucose level'), ('Public support and demand for healthy products', 'Marketing of healthy foods'), ('Unhealthy foods are cheaper than healthy ones', 'Supportive food environment'), ('Control', 'Mental well-being'), ('Atherosclerosis', 'Coronary heart diseases'), ('Socio-economic status', 'Physical well-being'), ('Ability to engage in physical activity', 'Physical activity'), ('Public health messaging around thinness', 'Weight bias'), ('Public support and demand for healthy products', 'Availability of healthy foods'), ('Release of adipokines', 'Atherosclerosis'), ('Consumer demand for regulations', 'Marketing of unhealthy foods'), ('Resilience', 'Mental well-being'), ('Blood mono-unsaturated fatty acid level', 'Secretion of inflammatory molecules by adipose cells'), ('Medical perspective that thin is good', 'Public health messaging around thinness'), ('Mental well-being', 'Medications'), ('Sexual difficulties', 'Mental well-being'), ('Insulin resistance', 'Fatty acids in the artery walls'), ('Insulin resistance', 'Cells intake of fatty acids'), ('Sidewalk prevalence and maintenance', 'Utilitarian physical activity '), ('Adipose storage of fatty acids', 'Inflammation'), ('Socio-economic status', 'Exercise'), ('Thoracic and abdominal obesity', 'Airway resistance'), ('Healthy eating', 'Short sleep duration'), ('Perceived environmental safety', 'Physical well-being'), ('Weight bias', 'Depression'), ('Emotional eating', 'Mental well-being'), ('Late night TV watching', 'Healthy eating'), ('Control', 'Stress'), ('Aesthetics', 'Physical well-being'), ('Economic incentives to produce unhealthy food products', 'Cost of unhealthy foods'), ('Supportive food environment', 'Healthy eating'), ('Appetite', 'Physical well-being'), ('Thoracic and abdominal obesity', 'Respiratory muscle fatigue'), ('Cardiovascular diseases', 'Fear of engaging in physical activity'), ('Socio-economic status', 'Mental well-being'), ('Unhealthy weight control practices', 'Obesity'), ('Exercise', 'Blood pressure'), ('Sodium retention', 'Blood pressure'), ('Short sleep duration', 'Pro-inflammatory cytokines'), ('Medications', 'Obesity'), ('Short sleep duration', 'Appetite'), ('Balance', 'Ability to engage in physical activity'), ('Short sleep duration', 'Cortisol'), ('Airway resistance', 'Asthma'), ('Short sleep duration', 'Blood pressure'), ('Medical perspective that thin is good', 'Cultural norms around thinness'), ('Healthy eating', 'Blood glucose level'), ('Mental well-being', 'Anticonvulsants'), ('Fatty acids in the artery walls', 'Atherosclerosis'), ('Dyslipidemia', 'Insulin resistance'), ('Blood glucose level', 'Fatty acids in the artery walls'), ('Respiratory diseases', 'Ability to engage in physical activity'), ('Blood saturated fatty acid level', 'Secretion of inflammatory molecules by adipose cells'), ('Dysfunctional adipose tissue', 'Inflammation'), ('Weight bias', 'Mental well-being'), ('Coordination', 'Ability to engage in physical activity'), ('Cultural norms around thinness', 'Cultural norms around thinness'), ('Cultural norms around thinness', 'Poor body image'), ('Obesity', 'Short sleep duration'), ('Inflammation', 'Asthma'), ('Healthy eating', 'Sodium intake'), ('Cultural norms around thinness', 'Eating disorders'), ('Poor body image', 'Sexual difficulties'), ('Fear of engaging in physical activity', 'Physical activity'), ('Short sleep duration', 'Healthy eating'), ('Coronary heart diseases', 'Dyspnea'), ('Stress', 'Inflammation'), ('Weight bias', 'Stress'), ('Unhealthy weight control practices', 'Eating disorders'), ('Tiredness', 'Ability to engage in physical activity'), ('Short sleep duration', 'Heart rate'), ('Prevalence of bike trails', 'Quality of the sport infrastructure'), ('Exercise', 'Blood fatty acid level'), ('Mental well-being', 'Emotional eating'), ('Poor body image', 'Poor body image'), ('Blood fatty acid level', 'Blood glucose level'), ('Cardiovascular diseases', 'Depression'), ('Pro-inflammatory cytokines', 'Inflammation'), ('Prevalence of green fields', 'Quality of the sport infrastructure'), ('Mental well-being', 'Antipsychotics'), ('Socio-economic status', 'Control'), ('Weight bias', 'Poor body image'), ('Positive experience of sports', 'Recreational physical activity'), ('Public support and demand for healthy products', 'Cost of healthy foods'), ('Socio-economic status', 'Availability of healthy foods'), ('Cardiovascular diseases', 'Physical well-being'), ('Respiratory muscle fatigue', 'Dyspnea'), ('Heart rate', 'Coronary heart diseases'), ('Pressure to be thin', 'Poor body image'), ('Medications', 'Coordination'), ('Beta blockers', 'Ability to engage in physical activity'), ('Antipsychotics', 'Appetite'), ('Sodium intake', 'Blood pressure'), ('Pressure to be thin', 'Unhealthy weight control practices'), ('Airway resistance', 'Asthma-like symptoms'), ('Depression', 'Stress'), ('Medications', 'Concentration'), ('Public support and demand for healthy products', 'Marketing of unhealthy foods'), ('Poor body image', 'Eating disorders'), ('Emotional eating', 'Healthy eating'), ('Obesity', 'Access to health professionals'), ('Obesity', 'Mental well-being'), ('Unhealthy foods are more available than healthy ones', 'Supportive food environment'), ('Healthy eating', 'Blood saturated fatty acid level'), ('Presence of a vibrant community', 'Resilience'), ('Cells intake of fatty acids', 'Adipose storage of fatty acids'), ('Physical activity', 'Physical well-being'), ('Appetite', 'Healthy eating'), ('Aesthetics', 'Stress'), ('Chronic conditions', 'Mental well-being'), ('Weight bias', 'Positive experience of sports'), ('Healthy eating', 'Dyslipidemia'), ('Quality of the sport infrastructure', 'Recreational physical activity'), ('Physical pain', 'Ability to engage in physical activity'), ('Prevalence of green fields', 'Aesthetics'), ('Concentration', 'Ability to engage in physical activity'), ('Aesthetics', 'Mental well-being'), ('Poor body image', 'Depression'), ('Chronic conditions', 'Physical well-being'), ('Obesity', 'Release of adipokines'), ('Blood glucose level', 'Sodium retention'), ('Restrictive covenants', 'Availability of healthy foods'), ('Musculoskeletal pain', 'Mental well-being'), ('Weight bias', 'Unhealthy weight control practices'), ('Physical activity', 'Mental well-being'), ('Access to health professionals', 'Ability to engage in physical activity'), ('Stimulants', 'Short sleep duration'), ('Culture of eating that promotes healthy choices', 'Healthy eating'), ('Culture of eating that promotes healthy choices', 'Mental well-being'), ('Weight bias', 'Exercise'), ('Obesity', 'Dysfunctional adipose tissue'), ('Medications', 'Tiredness'), ('Inflammation', 'Insulin resistance'), ('Anticonvulsants', 'Appetite'), ('Inflammation', 'Auto-inflammatory diseases'), ('Accessibility to shops', 'Utilitarian physical activity '), ('Blood fatty acid level', 'Adipose storage of fatty acids'), ('Perceived environmental safety', 'Physical activity'), ('Short sleep duration', 'Physical well-being'), ('Cultural norms around thinness', 'Pressure to be thin'), ('Weight bias', 'Access to health professionals'), ('Public health messaging around thinness', 'Pressure to be thin'), ('Dysfunctional adipose tissue', 'Blood pressure'), ('Dysfunctional adipose tissue', 'Dyslipidemia'), ('Aesthetics', 'Utilitarian physical activity '), ('Obesity', 'Unhealthy weight control practices'), ('Obesity', 'Asthma-like symptoms'), ('Marketing ratio of unhealthy to healthy foods', 'Supportive food environment'), ('Dyslipidemia', 'Atherosclerosis'), ('Physical well-being', 'Mental well-being'), ('Public support and demand for healthy products', 'Cost of unhealthy foods'), ('Musculoskeletal pain', 'Physical well-being'), ('Coronary heart diseases', 'Exercise')]"
0,"[('Weight bias', 'Dysfunctional adipose tissue'), ('Socio-economic status', 'Short sleep duration'), ('Medical perspective that thin is good', 'Unhealthy weight control practices'), ('Mental well-being', 'Pro-inflammatory cytokines'), ('Pressure to be thin', 'Unhealthy weight control practices'), ('Culture of eating that promotes healthy choices', 'Blood glucose level'), ('Public health messaging around thinness', 'Unhealthy weight control practices'), ('Resilience', 'Ability to engage in physical activity'), ('Stress', 'Cortisol'), ('Poor body image', 'Unhealthy weight control practices'), ('Physical well-being', 'Obesity'), ('Control', 'Ability to engage in physical activity'), ('Cultural norms around thinness', 'Unhealthy weight control practices'), ('Depression', 'Pro-inflammatory cytokines')]",-1,-1,1,-1,1,"[('Culture of eating that promotes healthy choices', 'Physical well-being'), ('Weight bias', 'Socio-economic status'), ('Mental well-being', 'Physical well-being'), ('Socio-economic status', 'Stress'), ('Control', 'Mental well-being'), ('Socio-economic status', 'Physical well-being'), ('Public health messaging around thinness', 'Weight bias'), ('Resilience', 'Mental well-being'), ('Medical perspective that thin is good', 'Public health messaging around thinness'), ('Weight bias', 'Depression'), ('Control', 'Stress'), ('Socio-economic status', 'Mental well-being'), ('Medical perspective that thin is good', 'Cultural norms around thinness'), ('Weight bias', 'Mental well-being'), ('Cultural norms around thinness', 'Cultural norms around thinness'), ('Cultural norms around thinness', 'Poor body image'), ('Weight bias', 'Stress'), ('Poor body image', 'Poor body image'), ('Socio-economic status', 'Control'), ('Weight bias', 'Poor body image'), ('Pressure to be thin', 'Poor body image'), ('Depression', 'Stress'), ('Poor body image', 'Depression'), ('Culture of eating that promotes healthy choices', 'Mental well-being'), ('Cultural norms around thinness', 'Pressure to be thin'), ('Public health messaging around thinness', 'Pressure to be thin'), ('Physical well-being', 'Mental well-being')]","[('Medications', 'Balance'), ('Secretion of inflammatory molecules by adipose cells', 'Insulin resistance'), ('Obesity', 'Obstructive sleep apnea'), ('Dyslipidemia', 'Blood pressure'), ('Obesity', 'Gastro-esophageal reflux disease'), ('Auto-inflammatory diseases', 'Inflammation'), ('Atherosclerosis', 'Coronary heart diseases'), ('Release of adipokines', 'Atherosclerosis'), ('Blood mono-unsaturated fatty acid level', 'Secretion of inflammatory molecules by adipose cells'), ('Insulin resistance', 'Fatty acids in the artery walls'), ('Insulin resistance', 'Cells intake of fatty acids'), ('Adipose storage of fatty acids', 'Inflammation'), ('Thoracic and abdominal obesity', 'Airway resistance'), ('Thoracic and abdominal obesity', 'Respiratory muscle fatigue'), ('Unhealthy weight control practices', 'Obesity'), ('Sodium retention', 'Blood pressure'), ('Short sleep duration', 'Pro-inflammatory cytokines'), ('Medications', 'Obesity'), ('Balance', 'Ability to engage in physical activity'), ('Short sleep duration', 'Cortisol'), ('Airway resistance', 'Asthma'), ('Short sleep duration', 'Blood pressure'), ('Fatty acids in the artery walls', 'Atherosclerosis'), ('Dyslipidemia', 'Insulin resistance'), ('Blood glucose level', 'Fatty acids in the artery walls'), ('Respiratory diseases', 'Ability to engage in physical activity'), ('Blood saturated fatty acid level', 'Secretion of inflammatory molecules by adipose cells'), ('Dysfunctional adipose tissue', 'Inflammation'), ('Coordination', 'Ability to engage in physical activity'), ('Obesity', 'Short sleep duration'), ('Inflammation', 'Asthma'), ('Coronary heart diseases', 'Dyspnea'), ('Tiredness', 'Ability to engage in physical activity'), ('Short sleep duration', 'Heart rate'), ('Blood fatty acid level', 'Blood glucose level'), ('Pro-inflammatory cytokines', 'Inflammation'), ('Respiratory muscle fatigue', 'Dyspnea'), ('Heart rate', 'Coronary heart diseases'), ('Medications', 'Coordination'), ('Beta blockers', 'Ability to engage in physical activity'), ('Sodium intake', 'Blood pressure'), ('Airway resistance', 'Asthma-like symptoms'), ('Medications', 'Concentration'), ('Cells intake of fatty acids', 'Adipose storage of fatty acids'), ('Physical pain', 'Ability to engage in physical activity'), ('Concentration', 'Ability to engage in physical activity'), ('Obesity', 'Release of adipokines'), ('Blood glucose level', 'Sodium retention'), ('Stimulants', 'Short sleep duration'), ('Obesity', 'Dysfunctional adipose tissue'), ('Medications', 'Tiredness'), ('Inflammation', 'Insulin resistance'), ('Inflammation', 'Auto-inflammatory diseases'), ('Blood fatty acid level', 'Adipose storage of fatty acids'), ('Dysfunctional adipose tissue', 'Blood pressure'), ('Dysfunctional adipose tissue', 'Dyslipidemia'), ('Obesity', 'Unhealthy weight control practices'), ('Obesity', 'Asthma-like symptoms'), ('Dyslipidemia', 'Atherosclerosis')]","[('Prevalence of walking trails', 'Quality of the sport infrastructure'), ('Medications', 'Balance'), ('Culture of eating that promotes healthy choices', 'Physical well-being'), ('Secretion of inflammatory molecules by adipose cells', 'Insulin resistance'), ('Presence of a vibrant community', 'Control'), ('Obesity', 'Weight bias'), ('Healthy eating', 'Blood mono-unsaturated fatty acid level'), ('Exercise', 'Heart rate'), ('Available time', 'Recreational physical activity'), ('Chronic conditions', 'Depression'), ('Exercise', 'Insulin resistance'), ('Weight bias', 'Socio-economic status'), ('Mental well-being', 'Physical well-being'), ('Obesity', 'Obstructive sleep apnea'), ('Eating disorders', 'Healthy eating'), ('Consumer demand for regulations', 'Marketing of healthy foods'), ('Dyslipidemia', 'Blood pressure'), ('Obesity', 'Gastro-esophageal reflux disease'), ('Perceived environmental safety', 'Mental well-being'), ('Late night TV watching', 'Short sleep duration'), ('Auto-inflammatory diseases', 'Inflammation'), ('Depression', 'Healthy eating'), ('Socio-economic status', 'Stress'), ('Exercise', 'Blood glucose level'), ('Public support and demand for healthy products', 'Marketing of healthy foods'), ('Unhealthy foods are cheaper than healthy ones', 'Supportive food environment'), ('Control', 'Mental well-being'), ('Atherosclerosis', 'Coronary heart diseases'), ('Socio-economic status', 'Physical well-being'), ('Ability to engage in physical activity', 'Physical activity'), ('Public health messaging around thinness', 'Weight bias'), ('Public support and demand for healthy products', 'Availability of healthy foods'), ('Release of adipokines', 'Atherosclerosis'), ('Consumer demand for regulations', 'Marketing of unhealthy foods'), ('Resilience', 'Mental well-being'), ('Blood mono-unsaturated fatty acid level', 'Secretion of inflammatory molecules by adipose cells'), ('Medical perspective that thin is good', 'Public health messaging around thinness'), ('Mental well-being', 'Medications'), ('Sexual difficulties', 'Mental well-being'), ('Insulin resistance', 'Fatty acids in the artery walls'), ('Insulin resistance', 'Cells intake of fatty acids'), ('Sidewalk prevalence and maintenance', 'Utilitarian physical activity '), ('Adipose storage of fatty acids', 'Inflammation'), ('Socio-economic status', 'Exercise'), ('Thoracic and abdominal obesity', 'Airway resistance'), ('Healthy eating', 'Short sleep duration'), ('Perceived environmental safety', 'Physical well-being'), ('Weight bias', 'Depression'), ('Emotional eating', 'Mental well-being'), ('Late night TV watching', 'Healthy eating'), ('Control', 'Stress'), ('Aesthetics', 'Physical well-being'), ('Economic incentives to produce unhealthy food products', 'Cost of unhealthy foods'), ('Supportive food environment', 'Healthy eating'), ('Appetite', 'Physical well-being'), ('Thoracic and abdominal obesity', 'Respiratory muscle fatigue'), ('Cardiovascular diseases', 'Fear of engaging in physical activity'), ('Socio-economic status', 'Mental well-being'), ('Unhealthy weight control practices', 'Obesity'), ('Exercise', 'Blood pressure'), ('Sodium retention', 'Blood pressure'), ('Short sleep duration', 'Pro-inflammatory cytokines'), ('Medications', 'Obesity'), ('Short sleep duration', 'Appetite'), ('Balance', 'Ability to engage in physical activity'), ('Short sleep duration', 'Cortisol'), ('Airway resistance', 'Asthma'), ('Short sleep duration', 'Blood pressure'), ('Medical perspective that thin is good', 'Cultural norms around thinness'), ('Healthy eating', 'Blood glucose level'), ('Mental well-being', 'Anticonvulsants'), ('Fatty acids in the artery walls', 'Atherosclerosis'), ('Dyslipidemia', 'Insulin resistance'), ('Blood glucose level', 'Fatty acids in the artery walls'), ('Respiratory diseases', 'Ability to engage in physical activity'), ('Blood saturated fatty acid level', 'Secretion of inflammatory molecules by adipose cells'), ('Dysfunctional adipose tissue', 'Inflammation'), ('Weight bias', 'Mental well-being'), ('Coordination', 'Ability to engage in physical activity'), ('Cultural norms around thinness', 'Cultural norms around thinness'), ('Cultural norms around thinness', 'Poor body image'), ('Obesity', 'Short sleep duration'), ('Inflammation', 'Asthma'), ('Healthy eating', 'Sodium intake'), ('Cultural norms around thinness', 'Eating disorders'), ('Poor body image', 'Sexual difficulties'), ('Fear of engaging in physical activity', 'Physical activity'), ('Short sleep duration', 'Healthy eating'), ('Coronary heart diseases', 'Dyspnea'), ('Stress', 'Inflammation'), ('Weight bias', 'Stress'), ('Unhealthy weight control practices', 'Eating disorders'), ('Tiredness', 'Ability to engage in physical activity'), ('Short sleep duration', 'Heart rate'), ('Prevalence of bike trails', 'Quality of the sport infrastructure'), ('Exercise', 'Blood fatty acid level'), ('Mental well-being', 'Emotional eating'), ('Poor body image', 'Poor body image'), ('Blood fatty acid level', 'Blood glucose level'), ('Cardiovascular diseases', 'Depression'), ('Pro-inflammatory cytokines', 'Inflammation'), ('Prevalence of green fields', 'Quality of the sport infrastructure'), ('Mental well-being', 'Antipsychotics'), ('Socio-economic status', 'Control'), ('Weight bias', 'Poor body image'), ('Positive experience of sports', 'Recreational physical activity'), ('Public support and demand for healthy products', 'Cost of healthy foods'), ('Socio-economic status', 'Availability of healthy foods'), ('Cardiovascular diseases', 'Physical well-being'), ('Respiratory muscle fatigue', 'Dyspnea'), ('Heart rate', 'Coronary heart diseases'), ('Pressure to be thin', 'Poor body image'), ('Medications', 'Coordination'), ('Beta blockers', 'Ability to engage in physical activity'), ('Antipsychotics', 'Appetite'), ('Sodium intake', 'Blood pressure'), ('Pressure to be thin', 'Unhealthy weight control practices'), ('Airway resistance', 'Asthma-like symptoms'), ('Depression', 'Stress'), ('Medications', 'Concentration'), ('Public support and demand for healthy products', 'Marketing of unhealthy foods'), ('Poor body image', 'Eating disorders'), ('Emotional eating', 'Healthy eating'), ('Obesity', 'Access to health professionals'), ('Obesity', 'Mental well-being'), ('Unhealthy foods are more available than healthy ones', 'Supportive food environment'), ('Healthy eating', 'Blood saturated fatty acid level'), ('Presence of a vibrant community', 'Resilience'), ('Cells intake of fatty acids', 'Adipose storage of fatty acids'), ('Physical activity', 'Physical well-being'), ('Appetite', 'Healthy eating'), ('Aesthetics', 'Stress'), ('Chronic conditions', 'Mental well-being'), ('Weight bias', 'Positive experience of sports'), ('Healthy eating', 'Dyslipidemia'), ('Quality of the sport infrastructure', 'Recreational physical activity'), ('Physical pain', 'Ability to engage in physical activity'), ('Prevalence of green fields', 'Aesthetics'), ('Concentration', 'Ability to engage in physical activity'), ('Aesthetics', 'Mental well-being'), ('Poor body image', 'Depression'), ('Chronic conditions', 'Physical well-being'), ('Obesity', 'Release of adipokines'), ('Blood glucose level', 'Sodium retention'), ('Restrictive covenants', 'Availability of healthy foods'), ('Musculoskeletal pain', 'Mental well-being'), ('Weight bias', 'Unhealthy weight control practices'), ('Physical activity', 'Mental well-being'), ('Access to health professionals', 'Ability to engage in physical activity'), ('Stimulants', 'Short sleep duration'), ('Culture of eating that promotes healthy choices', 'Healthy eating'), ('Culture of eating that promotes healthy choices', 'Mental well-being'), ('Weight bias', 'Exercise'), ('Obesity', 'Dysfunctional adipose tissue'), ('Medications', 'Tiredness'), ('Inflammation', 'Insulin resistance'), ('Anticonvulsants', 'Appetite'), ('Inflammation', 'Auto-inflammatory diseases'), ('Accessibility to shops', 'Utilitarian physical activity '), ('Blood fatty acid level', 'Adipose storage of fatty acids'), ('Perceived environmental safety', 'Physical activity'), ('Short sleep duration', 'Physical well-being'), ('Cultural norms around thinness', 'Pressure to be thin'), ('Weight bias', 'Access to health professionals'), ('Public health messaging around thinness', 'Pressure to be thin'), ('Dysfunctional adipose tissue', 'Blood pressure'), ('Dysfunctional adipose tissue', 'Dyslipidemia'), ('Aesthetics', 'Utilitarian physical activity '), ('Obesity', 'Unhealthy weight control practices'), ('Obesity', 'Asthma-like symptoms'), ('Marketing ratio of unhealthy to healthy foods', 'Supportive food environment'), ('Dyslipidemia', 'Atherosclerosis'), ('Physical well-being', 'Mental well-being'), ('Public support and demand for healthy products', 'Cost of unhealthy foods'), ('Musculoskeletal pain', 'Physical well-being'), ('Coronary heart diseases', 'Exercise')]"
1,"[('Weight bias', 'Dysfunctional adipose tissue'), ('Socio-economic status', 'Short sleep duration'), ('Medical perspective that thin is good', 'Unhealthy weight control practices'), ('Mental well-being', 'Pro-inflammatory cytokines'), ('Pressure to be thin', 'Unhealthy weight control practices'), ('Culture of eating that promotes healthy choices', 'Blood glucose level'), ('Public health messaging around thinness', 'Unhealthy weight control practices'), ('Resilience', 'Ability to engage in physical activity'), ('Stress', 'Cortisol'), ('Poor body image', 'Unhealthy weight control practices'), ('Physical well-being', 'Obesity'), ('Control', 'Ability to engage in physical activity'), ('Cultural norms around thinness', 'Unhealthy weight control practices'), ('Depression', 'Pro-inflammatory cytokines')]",-1,-1,1,-1,1,"[('Culture of eating that promotes healthy choices', 'Physical well-being'), ('Weight bias', 'Socio-economic status'), ('Mental well-being', 'Physical well-being'), ('Socio-economic status', 'Stress'), ('Control', 'Mental well-being'), ('Socio-economic status', 'Physical well-being'), ('Public health messaging around thinness', 'Weight bias'), ('Resilience', 'Mental well-being'), ('Medical perspective that thin is good', 'Public health messaging around thinness'), ('Weight bias', 'Depression'), ('Control', 'Stress'), ('Socio-economic status', 'Mental well-being'), ('Medical perspective that thin is good', 'Cultural norms around thinness'), ('Weight bias', 'Mental well-being'), ('Cultural norms around thinness', 'Cultural norms around thinness'), ('Cultural norms around thinness', 'Poor body image'), ('Weight bias', 'Stress'), ('Poor body image', 'Poor body image'), ('Socio-economic status', 'Control'), ('Weight bias', 'Poor body image'), ('Pressure to be thin', 'Poor body image'), ('Depression', 'Stress'), ('Poor body image', 'Depression'), ('Culture of eating that promotes healthy choices', 'Mental well-being'), ('Cultural norms around thinness', 'Pressure to be thin'), ('Public health messaging around thinness', 'Pressure to be thin'), ('Physical well-being', 'Mental well-being')]","[('Medications', 'Balance'), ('Secretion of inflammatory molecules by adipose cells', 'Insulin resistance'), ('Obesity', 'Obstructive sleep apnea'), ('Dyslipidemia', 'Blood pressure'), ('Obesity', 'Gastro-esophageal reflux disease'), ('Auto-inflammatory diseases', 'Inflammation'), ('Atherosclerosis', 'Coronary heart diseases'), ('Release of adipokines', 'Atherosclerosis'), ('Blood mono-unsaturated fatty acid level', 'Secretion of inflammatory molecules by adipose cells'), ('Insulin resistance', 'Fatty acids in the artery walls'), ('Insulin resistance', 'Cells intake of fatty acids'), ('Adipose storage of fatty acids', 'Inflammation'), ('Thoracic and abdominal obesity', 'Airway resistance'), ('Thoracic and abdominal obesity', 'Respiratory muscle fatigue'), ('Unhealthy weight control practices', 'Obesity'), ('Sodium retention', 'Blood pressure'), ('Short sleep duration', 'Pro-inflammatory cytokines'), ('Medications', 'Obesity'), ('Balance', 'Ability to engage in physical activity'), ('Short sleep duration', 'Cortisol'), ('Airway resistance', 'Asthma'), ('Short sleep duration', 'Blood pressure'), ('Fatty acids in the artery walls', 'Atherosclerosis'), ('Dyslipidemia', 'Insulin resistance'), ('Blood glucose level', 'Fatty acids in the artery walls'), ('Respiratory diseases', 'Ability to engage in physical activity'), ('Blood saturated fatty acid level', 'Secretion of inflammatory molecules by adipose cells'), ('Dysfunctional adipose tissue', 'Inflammation'), ('Coordination', 'Ability to engage in physical activity'), ('Obesity', 'Short sleep duration'), ('Inflammation', 'Asthma'), ('Coronary heart diseases', 'Dyspnea'), ('Tiredness', 'Ability to engage in physical activity'), ('Short sleep duration', 'Heart rate'), ('Blood fatty acid level', 'Blood glucose level'), ('Pro-inflammatory cytokines', 'Inflammation'), ('Respiratory muscle fatigue', 'Dyspnea'), ('Heart rate', 'Coronary heart diseases'), ('Medications', 'Coordination'), ('Beta blockers', 'Ability to engage in physical activity'), ('Sodium intake', 'Blood pressure'), ('Airway resistance', 'Asthma-like symptoms'), ('Medications', 'Concentration'), ('Cells intake of fatty acids', 'Adipose storage of fatty acids'), ('Physical pain', 'Ability to engage in physical activity'), ('Concentration', 'Ability to engage in physical activity'), ('Obesity', 'Release of adipokines'), ('Blood glucose level', 'Sodium retention'), ('Stimulants', 'Short sleep duration'), ('Obesity', 'Dysfunctional adipose tissue'), ('Medications', 'Tiredness'), ('Inflammation', 'Insulin resistance'), ('Inflammation', 'Auto-inflammatory diseases'), ('Blood fatty acid level', 'Adipose storage of fatty acids'), ('Dysfunctional adipose tissue', 'Blood pressure'), ('Dysfunctional adipose tissue', 'Dyslipidemia'), ('Obesity', 'Unhealthy weight control practices'), ('Obesity', 'Asthma-like symptoms'), ('Dyslipidemia', 'Atherosclerosis')]","[('Prevalence of walking trails', 'Quality of the sport infrastructure'), ('Medications', 'Balance'), ('Culture of eating that promotes healthy choices', 'Physical well-being'), ('Secretion of inflammatory molecules by adipose cells', 'Insulin resistance'), ('Presence of a vibrant community', 'Control'), ('Obesity', 'Weight bias'), ('Healthy eating', 'Blood mono-unsaturated fatty acid level'), ('Exercise', 'Heart rate'), ('Available time', 'Recreational physical activity'), ('Chronic conditions', 'Depression'), ('Exercise', 'Insulin resistance'), ('Weight bias', 'Socio-economic status'), ('Mental well-being', 'Physical well-being'), ('Obesity', 'Obstructive sleep apnea'), ('Eating disorders', 'Healthy eating'), ('Consumer demand for regulations', 'Marketing of healthy foods'), ('Dyslipidemia', 'Blood pressure'), ('Obesity', 'Gastro-esophageal reflux disease'), ('Perceived environmental safety', 'Mental well-being'), ('Late night TV watching', 'Short sleep duration'), ('Auto-inflammatory diseases', 'Inflammation'), ('Depression', 'Healthy eating'), ('Socio-economic status', 'Stress'), ('Exercise', 'Blood glucose level'), ('Public support and demand for healthy products', 'Marketing of healthy foods'), ('Unhealthy foods are cheaper than healthy ones', 'Supportive food environment'), ('Control', 'Mental well-being'), ('Atherosclerosis', 'Coronary heart diseases'), ('Socio-economic status', 'Physical well-being'), ('Ability to engage in physical activity', 'Physical activity'), ('Public health messaging around thinness', 'Weight bias'), ('Public support and demand for healthy products', 'Availability of healthy foods'), ('Release of adipokines', 'Atherosclerosis'), ('Consumer demand for regulations', 'Marketing of unhealthy foods'), ('Resilience', 'Mental well-being'), ('Blood mono-unsaturated fatty acid level', 'Secretion of inflammatory molecules by adipose cells'), ('Medical perspective that thin is good', 'Public health messaging around thinness'), ('Mental well-being', 'Medications'), ('Sexual difficulties', 'Mental well-being'), ('Insulin resistance', 'Fatty acids in the artery walls'), ('Insulin resistance', 'Cells intake of fatty acids'), ('Sidewalk prevalence and maintenance', 'Utilitarian physical activity '), ('Adipose storage of fatty acids', 'Inflammation'), ('Socio-economic status', 'Exercise'), ('Thoracic and abdominal obesity', 'Airway resistance'), ('Healthy eating', 'Short sleep duration'), ('Perceived environmental safety', 'Physical well-being'), ('Weight bias', 'Depression'), ('Emotional eating', 'Mental well-being'), ('Late night TV watching', 'Healthy eating'), ('Control', 'Stress'), ('Aesthetics', 'Physical well-being'), ('Economic incentives to produce unhealthy food products', 'Cost of unhealthy foods'), ('Supportive food environment', 'Healthy eating'), ('Appetite', 'Physical well-being'), ('Thoracic and abdominal obesity', 'Respiratory muscle fatigue'), ('Cardiovascular diseases', 'Fear of engaging in physical activity'), ('Socio-economic status', 'Mental well-being'), ('Unhealthy weight control practices', 'Obesity'), ('Exercise', 'Blood pressure'), ('Sodium retention', 'Blood pressure'), ('Short sleep duration', 'Pro-inflammatory cytokines'), ('Medications', 'Obesity'), ('Short sleep duration', 'Appetite'), ('Balance', 'Ability to engage in physical activity'), ('Short sleep duration', 'Cortisol'), ('Airway resistance', 'Asthma'), ('Short sleep duration', 'Blood pressure'), ('Medical perspective that thin is good', 'Cultural norms around thinness'), ('Healthy eating', 'Blood glucose level'), ('Mental well-being', 'Anticonvulsants'), ('Fatty acids in the artery walls', 'Atherosclerosis'), ('Dyslipidemia', 'Insulin resistance'), ('Blood glucose level', 'Fatty acids in the artery walls'), ('Respiratory diseases', 'Ability to engage in physical activity'), ('Blood saturated fatty acid level', 'Secretion of inflammatory molecules by adipose cells'), ('Dysfunctional adipose tissue', 'Inflammation'), ('Weight bias', 'Mental well-being'), ('Coordination', 'Ability to engage in physical activity'), ('Cultural norms around thinness', 'Cultural norms around thinness'), ('Cultural norms around thinness', 'Poor body image'), ('Obesity', 'Short sleep duration'), ('Inflammation', 'Asthma'), ('Healthy eating', 'Sodium intake'), ('Cultural norms around thinness', 'Eating disorders'), ('Poor body image', 'Sexual difficulties'), ('Fear of engaging in physical activity', 'Physical activity'), ('Short sleep duration', 'Healthy eating'), ('Coronary heart diseases', 'Dyspnea'), ('Stress', 'Inflammation'), ('Weight bias', 'Stress'), ('Unhealthy weight control practices', 'Eating disorders'), ('Tiredness', 'Ability to engage in physical activity'), ('Short sleep duration', 'Heart rate'), ('Prevalence of bike trails', 'Quality of the sport infrastructure'), ('Exercise', 'Blood fatty acid level'), ('Mental well-being', 'Emotional eating'), ('Poor body image', 'Poor body image'), ('Blood fatty acid level', 'Blood glucose level'), ('Cardiovascular diseases', 'Depression'), ('Pro-inflammatory cytokines', 'Inflammation'), ('Prevalence of green fields', 'Quality of the sport infrastructure'), ('Mental well-being', 'Antipsychotics'), ('Socio-economic status', 'Control'), ('Weight bias', 'Poor body image'), ('Positive experience of sports', 'Recreational physical activity'), ('Public support and demand for healthy products', 'Cost of healthy foods'), ('Socio-economic status', 'Availability of healthy foods'), ('Cardiovascular diseases', 'Physical well-being'), ('Respiratory muscle fatigue', 'Dyspnea'), ('Heart rate', 'Coronary heart diseases'), ('Pressure to be thin', 'Poor body image'), ('Medications', 'Coordination'), ('Beta blockers', 'Ability to engage in physical activity'), ('Antipsychotics', 'Appetite'), ('Sodium intake', 'Blood pressure'), ('Pressure to be thin', 'Unhealthy weight control practices'), ('Airway resistance', 'Asthma-like symptoms'), ('Depression', 'Stress'), ('Medications', 'Concentration'), ('Public support and demand for healthy products', 'Marketing of unhealthy foods'), ('Poor body image', 'Eating disorders'), ('Emotional eating', 'Healthy eating'), ('Obesity', 'Access to health professionals'), ('Obesity', 'Mental well-being'), ('Unhealthy foods are more available than healthy ones', 'Supportive food environment'), ('Healthy eating', 'Blood saturated fatty acid level'), ('Presence of a vibrant community', 'Resilience'), ('Cells intake of fatty acids', 'Adipose storage of fatty acids'), ('Physical activity', 'Physical well-being'), ('Appetite', 'Healthy eating'), ('Aesthetics', 'Stress'), ('Chronic conditions', 'Mental well-being'), ('Weight bias', 'Positive experience of sports'), ('Healthy eating', 'Dyslipidemia'), ('Quality of the sport infrastructure', 'Recreational physical activity'), ('Physical pain', 'Ability to engage in physical activity'), ('Prevalence of green fields', 'Aesthetics'), ('Concentration', 'Ability to engage in physical activity'), ('Aesthetics', 'Mental well-being'), ('Poor body image', 'Depression'), ('Chronic conditions', 'Physical well-being'), ('Obesity', 'Release of adipokines'), ('Blood glucose level', 'Sodium retention'), ('Restrictive covenants', 'Availability of healthy foods'), ('Musculoskeletal pain', 'Mental well-being'), ('Weight bias', 'Unhealthy weight control practices'), ('Physical activity', 'Mental well-being'), ('Access to health professionals', 'Ability to engage in physical activity'), ('Stimulants', 'Short sleep duration'), ('Culture of eating that promotes healthy choices', 'Healthy eating'), ('Culture of eating that promotes healthy choices', 'Mental well-being'), ('Weight bias', 'Exercise'), ('Obesity', 'Dysfunctional adipose tissue'), ('Medications', 'Tiredness'), ('Inflammation', 'Insulin resistance'), ('Anticonvulsants', 'Appetite'), ('Inflammation', 'Auto-inflammatory diseases'), ('Accessibility to shops', 'Utilitarian physical activity '), ('Blood fatty acid level', 'Adipose storage of fatty acids'), ('Perceived environmental safety', 'Physical activity'), ('Short sleep duration', 'Physical well-being'), ('Cultural norms around thinness', 'Pressure to be thin'), ('Weight bias', 'Access to health professionals'), ('Public health messaging around thinness', 'Pressure to be thin'), ('Dysfunctional adipose tissue', 'Blood pressure'), ('Dysfunctional adipose tissue', 'Dyslipidemia'), ('Aesthetics', 'Utilitarian physical activity '), ('Obesity', 'Unhealthy weight control practices'), ('Obesity', 'Asthma-like symptoms'), ('Marketing ratio of unhealthy to healthy foods', 'Supportive food environment'), ('Dyslipidemia', 'Atherosclerosis'), ('Physical well-being', 'Mental well-being'), ('Public support and demand for healthy products', 'Cost of unhealthy foods'), ('Musculoskeletal pain', 'Physical well-being'), ('Coronary heart diseases', 'Exercise')]"
2,"[('Weight bias', 'Dysfunctional adipose tissue'), ('Socio-economic status', 'Short sleep duration'), ('Medical perspective that thin is good', 'Unhealthy weight control practices'), ('Mental well-being', 'Pro-inflammatory cytokines'), ('Pressure to be thin', 'Unhealthy weight control practices'), ('Culture of eating that promotes healthy choices', 'Blood glucose level'), ('Public health messaging around thinness', 'Unhealthy weight control practices'), ('Resilience', 'Ability to engage in physical activity'), ('Stress', 'Cortisol'), ('Poor body image', 'Unhealthy weight control practices'), ('Physical well-being', 'Obesity'), ('Control', 'Ability to engage in physical activity'), ('Cultural norms around thinness', 'Unhealthy weight control practices'), ('Depression', 'Pro-inflammatory cytokines')]",-1,-1,1,-1,1,"[('Culture of eating that promotes healthy choices', 'Physical well-being'), ('Weight bias', 'Socio-economic status'), ('Mental well-being', 'Physical well-being'), ('Socio-economic status', 'Stress'), ('Control', 'Mental well-being'), ('Socio-economic status', 'Physical well-being'), ('Public health messaging around thinness', 'Weight bias'), ('Resilience', 'Mental well-being'), ('Medical perspective that thin is good', 'Public health messaging around thinness'), ('Weight bias', 'Depression'), ('Control', 'Stress'), ('Socio-economic status', 'Mental well-being'), ('Medical perspective that thin is good', 'Cultural norms around thinness'), ('Weight bias', 'Mental well-being'), ('Cultural norms around thinness', 'Cultural norms around thinness'), ('Cultural norms around thinness', 'Poor body image'), ('Weight bias', 'Stress'), ('Poor body image', 'Poor body image'), ('Socio-economic status', 'Control'), ('Weight bias', 'Poor body image'), ('Pressure to be thin', 'Poor body image'), ('Depression', 'Stress'), ('Poor body image', 'Depression'), ('Culture of eating that promotes healthy choices', 'Mental well-being'), ('Cultural norms around thinness', 'Pressure to be thin'), ('Public health messaging around thinness', 'Pressure to be thin'), ('Physical well-being', 'Mental well-being')]","[('Medications', 'Balance'), ('Secretion of inflammatory molecules by adipose cells', 'Insulin resistance'), ('Obesity', 'Obstructive sleep apnea'), ('Dyslipidemia', 'Blood pressure'), ('Obesity', 'Gastro-esophageal reflux disease'), ('Auto-inflammatory diseases', 'Inflammation'), ('Atherosclerosis', 'Coronary heart diseases'), ('Release of adipokines', 'Atherosclerosis'), ('Blood mono-unsaturated fatty acid level', 'Secretion of inflammatory molecules by adipose cells'), ('Insulin resistance', 'Fatty acids in the artery walls'), ('Insulin resistance', 'Cells intake of fatty acids'), ('Adipose storage of fatty acids', 'Inflammation'), ('Thoracic and abdominal obesity', 'Airway resistance'), ('Thoracic and abdominal obesity', 'Respiratory muscle fatigue'), ('Unhealthy weight control practices', 'Obesity'), ('Sodium retention', 'Blood pressure'), ('Short sleep duration', 'Pro-inflammatory cytokines'), ('Medications', 'Obesity'), ('Balance', 'Ability to engage in physical activity'), ('Short sleep duration', 'Cortisol'), ('Airway resistance', 'Asthma'), ('Short sleep duration', 'Blood pressure'), ('Fatty acids in the artery walls', 'Atherosclerosis'), ('Dyslipidemia', 'Insulin resistance'), ('Blood glucose level', 'Fatty acids in the artery walls'), ('Respiratory diseases', 'Ability to engage in physical activity'), ('Blood saturated fatty acid level', 'Secretion of inflammatory molecules by adipose cells'), ('Dysfunctional adipose tissue', 'Inflammation'), ('Coordination', 'Ability to engage in physical activity'), ('Obesity', 'Short sleep duration'), ('Inflammation', 'Asthma'), ('Coronary heart diseases', 'Dyspnea'), ('Tiredness', 'Ability to engage in physical activity'), ('Short sleep duration', 'Heart rate'), ('Blood fatty acid level', 'Blood glucose level'), ('Pro-inflammatory cytokines', 'Inflammation'), ('Respiratory muscle fatigue', 'Dyspnea'), ('Heart rate', 'Coronary heart diseases'), ('Medications', 'Coordination'), ('Beta blockers', 'Ability to engage in physical activity'), ('Sodium intake', 'Blood pressure'), ('Airway resistance', 'Asthma-like symptoms'), ('Medications', 'Concentration'), ('Cells intake of fatty acids', 'Adipose storage of fatty acids'), ('Physical pain', 'Ability to engage in physical activity'), ('Concentration', 'Ability to engage in physical activity'), ('Obesity', 'Release of adipokines'), ('Blood glucose level', 'Sodium retention'), ('Stimulants', 'Short sleep duration'), ('Obesity', 'Dysfunctional adipose tissue'), ('Medications', 'Tiredness'), ('Inflammation', 'Insulin resistance'), ('Inflammation', 'Auto-inflammatory diseases'), ('Blood fatty acid level', 'Adipose storage of fatty acids'), ('Dysfunctional adipose tissue', 'Blood pressure'), ('Dysfunctional adipose tissue', 'Dyslipidemia'), ('Obesity', 'Unhealthy weight control practices'), ('Obesity', 'Asthma-like symptoms'), ('Dyslipidemia', 'Atherosclerosis')]","[('Prevalence of walking trails', 'Quality of the sport infrastructure'), ('Medications', 'Balance'), ('Culture of eating that promotes healthy choices', 'Physical well-being'), ('Secretion of inflammatory molecules by adipose cells', 'Insulin resistance'), ('Presence of a vibrant community', 'Control'), ('Obesity', 'Weight bias'), ('Healthy eating', 'Blood mono-unsaturated fatty acid level'), ('Exercise', 'Heart rate'), ('Available time', 'Recreational physical activity'), ('Chronic conditions', 'Depression'), ('Exercise', 'Insulin resistance'), ('Weight bias', 'Socio-economic status'), ('Mental well-being', 'Physical well-being'), ('Obesity', 'Obstructive sleep apnea'), ('Eating disorders', 'Healthy eating'), ('Consumer demand for regulations', 'Marketing of healthy foods'), ('Dyslipidemia', 'Blood pressure'), ('Obesity', 'Gastro-esophageal reflux disease'), ('Perceived environmental safety', 'Mental well-being'), ('Late night TV watching', 'Short sleep duration'), ('Auto-inflammatory diseases', 'Inflammation'), ('Depression', 'Healthy eating'), ('Socio-economic status', 'Stress'), ('Exercise', 'Blood glucose level'), ('Public support and demand for healthy products', 'Marketing of healthy foods'), ('Unhealthy foods are cheaper than healthy ones', 'Supportive food environment'), ('Control', 'Mental well-being'), ('Atherosclerosis', 'Coronary heart diseases'), ('Socio-economic status', 'Physical well-being'), ('Ability to engage in physical activity', 'Physical activity'), ('Public health messaging around thinness', 'Weight bias'), ('Public support and demand for healthy products', 'Availability of healthy foods'), ('Release of adipokines', 'Atherosclerosis'), ('Consumer demand for regulations', 'Marketing of unhealthy foods'), ('Resilience', 'Mental well-being'), ('Blood mono-unsaturated fatty acid level', 'Secretion of inflammatory molecules by adipose cells'), ('Medical perspective that thin is good', 'Public health messaging around thinness'), ('Mental well-being', 'Medications'), ('Sexual difficulties', 'Mental well-being'), ('Insulin resistance', 'Fatty acids in the artery walls'), ('Insulin resistance', 'Cells intake of fatty acids'), ('Sidewalk prevalence and maintenance', 'Utilitarian physical activity '), ('Adipose storage of fatty acids', 'Inflammation'), ('Socio-economic status', 'Exercise'), ('Thoracic and abdominal obesity', 'Airway resistance'), ('Healthy eating', 'Short sleep duration'), ('Perceived environmental safety', 'Physical well-being'), ('Weight bias', 'Depression'), ('Emotional eating', 'Mental well-being'), ('Late night TV watching', 'Healthy eating'), ('Control', 'Stress'), ('Aesthetics', 'Physical well-being'), ('Economic incentives to produce unhealthy food products', 'Cost of unhealthy foods'), ('Supportive food environment', 'Healthy eating'), ('Appetite', 'Physical well-being'), ('Thoracic and abdominal obesity', 'Respiratory muscle fatigue'), ('Cardiovascular diseases', 'Fear of engaging in physical activity'), ('Socio-economic status', 'Mental well-being'), ('Unhealthy weight control practices', 'Obesity'), ('Exercise', 'Blood pressure'), ('Sodium retention', 'Blood pressure'), ('Short sleep duration', 'Pro-inflammatory cytokines'), ('Medications', 'Obesity'), ('Short sleep duration', 'Appetite'), ('Balance', 'Ability to engage in physical activity'), ('Short sleep duration', 'Cortisol'), ('Airway resistance', 'Asthma'), ('Short sleep duration', 'Blood pressure'), ('Medical perspective that thin is good', 'Cultural norms around thinness'), ('Healthy eating', 'Blood glucose level'), ('Mental well-being', 'Anticonvulsants'), ('Fatty acids in the artery walls', 'Atherosclerosis'), ('Dyslipidemia', 'Insulin resistance'), ('Blood glucose level', 'Fatty acids in the artery walls'), ('Respiratory diseases', 'Ability to engage in physical activity'), ('Blood saturated fatty acid level', 'Secretion of inflammatory molecules by adipose cells'), ('Dysfunctional adipose tissue', 'Inflammation'), ('Weight bias', 'Mental well-being'), ('Coordination', 'Ability to engage in physical activity'), ('Cultural norms around thinness', 'Cultural norms around thinness'), ('Cultural norms around thinness', 'Poor body image'), ('Obesity', 'Short sleep duration'), ('Inflammation', 'Asthma'), ('Healthy eating', 'Sodium intake'), ('Cultural norms around thinness', 'Eating disorders'), ('Poor body image', 'Sexual difficulties'), ('Fear of engaging in physical activity', 'Physical activity'), ('Short sleep duration', 'Healthy eating'), ('Coronary heart diseases', 'Dyspnea'), ('Stress', 'Inflammation'), ('Weight bias', 'Stress'), ('Unhealthy weight control practices', 'Eating disorders'), ('Tiredness', 'Ability to engage in physical activity'), ('Short sleep duration', 'Heart rate'), ('Prevalence of bike trails', 'Quality of the sport infrastructure'), ('Exercise', 'Blood fatty acid level'), ('Mental well-being', 'Emotional eating'), ('Poor body image', 'Poor body image'), ('Blood fatty acid level', 'Blood glucose level'), ('Cardiovascular diseases', 'Depression'), ('Pro-inflammatory cytokines', 'Inflammation'), ('Prevalence of green fields', 'Quality of the sport infrastructure'), ('Mental well-being', 'Antipsychotics'), ('Socio-economic status', 'Control'), ('Weight bias', 'Poor body image'), ('Positive experience of sports', 'Recreational physical activity'), ('Public support and demand for healthy products', 'Cost of healthy foods'), ('Socio-economic status', 'Availability of healthy foods'), ('Cardiovascular diseases', 'Physical well-being'), ('Respiratory muscle fatigue', 'Dyspnea'), ('Heart rate', 'Coronary heart diseases'), ('Pressure to be thin', 'Poor body image'), ('Medications', 'Coordination'), ('Beta blockers', 'Ability to engage in physical activity'), ('Antipsychotics', 'Appetite'), ('Sodium intake', 'Blood pressure'), ('Pressure to be thin', 'Unhealthy weight control practices'), ('Airway resistance', 'Asthma-like symptoms'), ('Depression', 'Stress'), ('Medications', 'Concentration'), ('Public support and demand for healthy products', 'Marketing of unhealthy foods'), ('Poor body image', 'Eating disorders'), ('Emotional eating', 'Healthy eating'), ('Obesity', 'Access to health professionals'), ('Obesity', 'Mental well-being'), ('Unhealthy foods are more available than healthy ones', 'Supportive food environment'), ('Healthy eating', 'Blood saturated fatty acid level'), ('Presence of a vibrant community', 'Resilience'), ('Cells intake of fatty acids', 'Adipose storage of fatty acids'), ('Physical activity', 'Physical well-being'), ('Appetite', 'Healthy eating'), ('Aesthetics', 'Stress'), ('Chronic conditions', 'Mental well-being'), ('Weight bias', 'Positive experience of sports'), ('Healthy eating', 'Dyslipidemia'), ('Quality of the sport infrastructure', 'Recreational physical activity'), ('Physical pain', 'Ability to engage in physical activity'), ('Prevalence of green fields', 'Aesthetics'), ('Concentration', 'Ability to engage in physical activity'), ('Aesthetics', 'Mental well-being'), ('Poor body image', 'Depression'), ('Chronic conditions', 'Physical well-being'), ('Obesity', 'Release of adipokines'), ('Blood glucose level', 'Sodium retention'), ('Restrictive covenants', 'Availability of healthy foods'), ('Musculoskeletal pain', 'Mental well-being'), ('Weight bias', 'Unhealthy weight control practices'), ('Physical activity', 'Mental well-being'), ('Access to health professionals', 'Ability to engage in physical activity'), ('Stimulants', 'Short sleep duration'), ('Culture of eating that promotes healthy choices', 'Healthy eating'), ('Culture of eating that promotes healthy choices', 'Mental well-being'), ('Weight bias', 'Exercise'), ('Obesity', 'Dysfunctional adipose tissue'), ('Medications', 'Tiredness'), ('Inflammation', 'Insulin resistance'), ('Anticonvulsants', 'Appetite'), ('Inflammation', 'Auto-inflammatory diseases'), ('Accessibility to shops', 'Utilitarian physical activity '), ('Blood fatty acid level', 'Adipose storage of fatty acids'), ('Perceived environmental safety', 'Physical activity'), ('Short sleep duration', 'Physical well-being'), ('Cultural norms around thinness', 'Pressure to be thin'), ('Weight bias', 'Access to health professionals'), ('Public health messaging around thinness', 'Pressure to be thin'), ('Dysfunctional adipose tissue', 'Blood pressure'), ('Dysfunctional adipose tissue', 'Dyslipidemia'), ('Aesthetics', 'Utilitarian physical activity '), ('Obesity', 'Unhealthy weight control practices'), ('Obesity', 'Asthma-like symptoms'), ('Marketing ratio of unhealthy to healthy foods', 'Supportive food environment'), ('Dyslipidemia', 'Atherosclerosis'), ('Physical well-being', 'Mental well-being'), ('Public support and demand for healthy products', 'Cost of unhealthy foods'), ('Musculoskeletal pain', 'Physical well-being'), ('Coronary heart diseases', 'Exercise')]"
3,"[('Weight bias', 'Dysfunctional adipose tissue'), ('Socio-economic status', 'Short sleep duration'), ('Medical perspective that thin is good', 'Unhealthy weight control practices'), ('Mental well-being', 'Pro-inflammatory cytokines'), ('Pressure to be thin', 'Unhealthy weight control practices'), ('Culture of eating that promotes healthy choices', 'Blood glucose level'), ('Public health messaging around thinness', 'Unhealthy weight control practices'), ('Resilience', 'Ability to engage in physical activity'), ('Stress', 'Cortisol'), ('Poor body image', 'Unhealthy weight control practices'), ('Physical well-being', 'Obesity'), ('Control', 'Ability to engage in physical activity'), ('Cultural norms around thinness', 'Unhealthy weight control practices'), ('Depression', 'Pro-inflammatory cytokines')]",-1,-1,1,-1,1,"[('Culture of eating that promotes healthy choices', 'Physical well-being'), ('Weight bias', 'Socio-economic status'), ('Mental well-being', 'Physical well-being'), ('Socio-economic status', 'Stress'), ('Control', 'Mental well-being'), ('Socio-economic status', 'Physical well-being'), ('Public health messaging around thinness', 'Weight bias'), ('Resilience', 'Mental well-being'), ('Medical perspective that thin is good', 'Public health messaging around thinness'), ('Weight bias', 'Depression'), ('Control', 'Stress'), ('Socio-economic status', 'Mental well-being'), ('Medical perspective that thin is good', 'Cultural norms around thinness'), ('Weight bias', 'Mental well-being'), ('Cultural norms around thinness', 'Cultural norms around thinness'), ('Cultural norms around thinness', 'Poor body image'), ('Weight bias', 'Stress'), ('Poor body image', 'Poor body image'), ('Socio-economic status', 'Control'), ('Weight bias', 'Poor body image'), ('Pressure to be thin', 'Poor body image'), ('Depression', 'Stress'), ('Poor body image', 'Depression'), ('Culture of eating that promotes healthy choices', 'Mental well-being'), ('Cultural norms around thinness', 'Pressure to be thin'), ('Public health messaging around thinness', 'Pressure to be thin'), ('Physical well-being', 'Mental well-being')]","[('Medications', 'Balance'), ('Secretion of inflammatory molecules by adipose cells', 'Insulin resistance'), ('Obesity', 'Obstructive sleep apnea'), ('Dyslipidemia', 'Blood pressure'), ('Obesity', 'Gastro-esophageal reflux disease'), ('Auto-inflammatory diseases', 'Inflammation'), ('Atherosclerosis', 'Coronary heart diseases'), ('Release of adipokines', 'Atherosclerosis'), ('Blood mono-unsaturated fatty acid level', 'Secretion of inflammatory molecules by adipose cells'), ('Insulin resistance', 'Fatty acids in the artery walls'), ('Insulin resistance', 'Cells intake of fatty acids'), ('Adipose storage of fatty acids', 'Inflammation'), ('Thoracic and abdominal obesity', 'Airway resistance'), ('Thoracic and abdominal obesity', 'Respiratory muscle fatigue'), ('Unhealthy weight control practices', 'Obesity'), ('Sodium retention', 'Blood pressure'), ('Short sleep duration', 'Pro-inflammatory cytokines'), ('Medications', 'Obesity'), ('Balance', 'Ability to engage in physical activity'), ('Short sleep duration', 'Cortisol'), ('Airway resistance', 'Asthma'), ('Short sleep duration', 'Blood pressure'), ('Fatty acids in the artery walls', 'Atherosclerosis'), ('Dyslipidemia', 'Insulin resistance'), ('Blood glucose level', 'Fatty acids in the artery walls'), ('Respiratory diseases', 'Ability to engage in physical activity'), ('Blood saturated fatty acid level', 'Secretion of inflammatory molecules by adipose cells'), ('Dysfunctional adipose tissue', 'Inflammation'), ('Coordination', 'Ability to engage in physical activity'), ('Obesity', 'Short sleep duration'), ('Inflammation', 'Asthma'), ('Coronary heart diseases', 'Dyspnea'), ('Tiredness', 'Ability to engage in physical activity'), ('Short sleep duration', 'Heart rate'), ('Blood fatty acid level', 'Blood glucose level'), ('Pro-inflammatory cytokines', 'Inflammation'), ('Respiratory muscle fatigue', 'Dyspnea'), ('Heart rate', 'Coronary heart diseases'), ('Medications', 'Coordination'), ('Beta blockers', 'Ability to engage in physical activity'), ('Sodium intake', 'Blood pressure'), ('Airway resistance', 'Asthma-like symptoms'), ('Medications', 'Concentration'), ('Cells intake of fatty acids', 'Adipose storage of fatty acids'), ('Physical pain', 'Ability to engage in physical activity'), ('Concentration', 'Ability to engage in physical activity'), ('Obesity', 'Release of adipokines'), ('Blood glucose level', 'Sodium retention'), ('Stimulants', 'Short sleep duration'), ('Obesity', 'Dysfunctional adipose tissue'), ('Medications', 'Tiredness'), ('Inflammation', 'Insulin resistance'), ('Inflammation', 'Auto-inflammatory diseases'), ('Blood fatty acid level', 'Adipose storage of fatty acids'), ('Dysfunctional adipose tissue', 'Blood pressure'), ('Dysfunctional adipose tissue', 'Dyslipidemia'), ('Obesity', 'Unhealthy weight control practices'), ('Obesity', 'Asthma-like symptoms'), ('Dyslipidemia', 'Atherosclerosis')]","[('Prevalence of walking trails', 'Quality of the sport infrastructure'), ('Medications', 'Balance'), ('Culture of eating that promotes healthy choices', 'Physical well-being'), ('Secretion of inflammatory molecules by adipose cells', 'Insulin resistance'), ('Presence of a vibrant community', 'Control'), ('Obesity', 'Weight bias'), ('Healthy eating', 'Blood mono-unsaturated fatty acid level'), ('Exercise', 'Heart rate'), ('Available time', 'Recreational physical activity'), ('Chronic conditions', 'Depression'), ('Exercise', 'Insulin resistance'), ('Weight bias', 'Socio-economic status'), ('Mental well-being', 'Physical well-being'), ('Obesity', 'Obstructive sleep apnea'), ('Eating disorders', 'Healthy eating'), ('Consumer demand for regulations', 'Marketing of healthy foods'), ('Dyslipidemia', 'Blood pressure'), ('Obesity', 'Gastro-esophageal reflux disease'), ('Perceived environmental safety', 'Mental well-being'), ('Late night TV watching', 'Short sleep duration'), ('Auto-inflammatory diseases', 'Inflammation'), ('Depression', 'Healthy eating'), ('Socio-economic status', 'Stress'), ('Exercise', 'Blood glucose level'), ('Public support and demand for healthy products', 'Marketing of healthy foods'), ('Unhealthy foods are cheaper than healthy ones', 'Supportive food environment'), ('Control', 'Mental well-being'), ('Atherosclerosis', 'Coronary heart diseases'), ('Socio-economic status', 'Physical well-being'), ('Ability to engage in physical activity', 'Physical activity'), ('Public health messaging around thinness', 'Weight bias'), ('Public support and demand for healthy products', 'Availability of healthy foods'), ('Release of adipokines', 'Atherosclerosis'), ('Consumer demand for regulations', 'Marketing of unhealthy foods'), ('Resilience', 'Mental well-being'), ('Blood mono-unsaturated fatty acid level', 'Secretion of inflammatory molecules by adipose cells'), ('Medical perspective that thin is good', 'Public health messaging around thinness'), ('Mental well-being', 'Medications'), ('Sexual difficulties', 'Mental well-being'), ('Insulin resistance', 'Fatty acids in the artery walls'), ('Insulin resistance', 'Cells intake of fatty acids'), ('Sidewalk prevalence and maintenance', 'Utilitarian physical activity '), ('Adipose storage of fatty acids', 'Inflammation'), ('Socio-economic status', 'Exercise'), ('Thoracic and abdominal obesity', 'Airway resistance'), ('Healthy eating', 'Short sleep duration'), ('Perceived environmental safety', 'Physical well-being'), ('Weight bias', 'Depression'), ('Emotional eating', 'Mental well-being'), ('Late night TV watching', 'Healthy eating'), ('Control', 'Stress'), ('Aesthetics', 'Physical well-being'), ('Economic incentives to produce unhealthy food products', 'Cost of unhealthy foods'), ('Supportive food environment', 'Healthy eating'), ('Appetite', 'Physical well-being'), ('Thoracic and abdominal obesity', 'Respiratory muscle fatigue'), ('Cardiovascular diseases', 'Fear of engaging in physical activity'), ('Socio-economic status', 'Mental well-being'), ('Unhealthy weight control practices', 'Obesity'), ('Exercise', 'Blood pressure'), ('Sodium retention', 'Blood pressure'), ('Short sleep duration', 'Pro-inflammatory cytokines'), ('Medications', 'Obesity'), ('Short sleep duration', 'Appetite'), ('Balance', 'Ability to engage in physical activity'), ('Short sleep duration', 'Cortisol'), ('Airway resistance', 'Asthma'), ('Short sleep duration', 'Blood pressure'), ('Medical perspective that thin is good', 'Cultural norms around thinness'), ('Healthy eating', 'Blood glucose level'), ('Mental well-being', 'Anticonvulsants'), ('Fatty acids in the artery walls', 'Atherosclerosis'), ('Dyslipidemia', 'Insulin resistance'), ('Blood glucose level', 'Fatty acids in the artery walls'), ('Respiratory diseases', 'Ability to engage in physical activity'), ('Blood saturated fatty acid level', 'Secretion of inflammatory molecules by adipose cells'), ('Dysfunctional adipose tissue', 'Inflammation'), ('Weight bias', 'Mental well-being'), ('Coordination', 'Ability to engage in physical activity'), ('Cultural norms around thinness', 'Cultural norms around thinness'), ('Cultural norms around thinness', 'Poor body image'), ('Obesity', 'Short sleep duration'), ('Inflammation', 'Asthma'), ('Healthy eating', 'Sodium intake'), ('Cultural norms around thinness', 'Eating disorders'), ('Poor body image', 'Sexual difficulties'), ('Fear of engaging in physical activity', 'Physical activity'), ('Short sleep duration', 'Healthy eating'), ('Coronary heart diseases', 'Dyspnea'), ('Stress', 'Inflammation'), ('Weight bias', 'Stress'), ('Unhealthy weight control practices', 'Eating disorders'), ('Tiredness', 'Ability to engage in physical activity'), ('Short sleep duration', 'Heart rate'), ('Prevalence of bike trails', 'Quality of the sport infrastructure'), ('Exercise', 'Blood fatty acid level'), ('Mental well-being', 'Emotional eating'), ('Poor body image', 'Poor body image'), ('Blood fatty acid level', 'Blood glucose level'), ('Cardiovascular diseases', 'Depression'), ('Pro-inflammatory cytokines', 'Inflammation'), ('Prevalence of green fields', 'Quality of the sport infrastructure'), ('Mental well-being', 'Antipsychotics'), ('Socio-economic status', 'Control'), ('Weight bias', 'Poor body image'), ('Positive experience of sports', 'Recreational physical activity'), ('Public support and demand for healthy products', 'Cost of healthy foods'), ('Socio-economic status', 'Availability of healthy foods'), ('Cardiovascular diseases', 'Physical well-being'), ('Respiratory muscle fatigue', 'Dyspnea'), ('Heart rate', 'Coronary heart diseases'), ('Pressure to be thin', 'Poor body image'), ('Medications', 'Coordination'), ('Beta blockers', 'Ability to engage in physical activity'), ('Antipsychotics', 'Appetite'), ('Sodium intake', 'Blood pressure'), ('Pressure to be thin', 'Unhealthy weight control practices'), ('Airway resistance', 'Asthma-like symptoms'), ('Depression', 'Stress'), ('Medications', 'Concentration'), ('Public support and demand for healthy products', 'Marketing of unhealthy foods'), ('Poor body image', 'Eating disorders'), ('Emotional eating', 'Healthy eating'), ('Obesity', 'Access to health professionals'), ('Obesity', 'Mental well-being'), ('Unhealthy foods are more available than healthy ones', 'Supportive food environment'), ('Healthy eating', 'Blood saturated fatty acid level'), ('Presence of a vibrant community', 'Resilience'), ('Cells intake of fatty acids', 'Adipose storage of fatty acids'), ('Physical activity', 'Physical well-being'), ('Appetite', 'Healthy eating'), ('Aesthetics', 'Stress'), ('Chronic conditions', 'Mental well-being'), ('Weight bias', 'Positive experience of sports'), ('Healthy eating', 'Dyslipidemia'), ('Quality of the sport infrastructure', 'Recreational physical activity'), ('Physical pain', 'Ability to engage in physical activity'), ('Prevalence of green fields', 'Aesthetics'), ('Concentration', 'Ability to engage in physical activity'), ('Aesthetics', 'Mental well-being'), ('Poor body image', 'Depression'), ('Chronic conditions', 'Physical well-being'), ('Obesity', 'Release of adipokines'), ('Blood glucose level', 'Sodium retention'), ('Restrictive covenants', 'Availability of healthy foods'), ('Musculoskeletal pain', 'Mental well-being'), ('Weight bias', 'Unhealthy weight control practices'), ('Physical activity', 'Mental well-being'), ('Access to health professionals', 'Ability to engage in physical activity'), ('Stimulants', 'Short sleep duration'), ('Culture of eating that promotes healthy choices', 'Healthy eating'), ('Culture of eating that promotes healthy choices', 'Mental well-being'), ('Weight bias', 'Exercise'), ('Obesity', 'Dysfunctional adipose tissue'), ('Medications', 'Tiredness'), ('Inflammation', 'Insulin resistance'), ('Anticonvulsants', 'Appetite'), ('Inflammation', 'Auto-inflammatory diseases'), ('Accessibility to shops', 'Utilitarian physical activity '), ('Blood fatty acid level', 'Adipose storage of fatty acids'), ('Perceived environmental safety', 'Physical activity'), ('Short sleep duration', 'Physical well-being'), ('Cultural norms around thinness', 'Pressure to be thin'), ('Weight bias', 'Access to health professionals'), ('Public health messaging around thinness', 'Pressure to be thin'), ('Dysfunctional adipose tissue', 'Blood pressure'), ('Dysfunctional adipose tissue', 'Dyslipidemia'), ('Aesthetics', 'Utilitarian physical activity '), ('Obesity', 'Unhealthy weight control practices'), ('Obesity', 'Asthma-like symptoms'), ('Marketing ratio of unhealthy to healthy foods', 'Supportive food environment'), ('Dyslipidemia', 'Atherosclerosis'), ('Physical well-being', 'Mental well-being'), ('Public support and demand for healthy products', 'Cost of unhealthy foods'), ('Musculoskeletal pain', 'Physical well-being'), ('Coronary heart diseases', 'Exercise')]"
4,"[('Weight bias', 'Dysfunctional adipose tissue'), ('Socio-economic status', 'Short sleep duration'), ('Medical perspective that thin is good', 'Unhealthy weight control practices'), ('Mental well-being', 'Pro-inflammatory cytokines'), ('Pressure to be thin', 'Unhealthy weight control practices'), ('Culture of eating that promotes healthy choices', 'Blood glucose level'), ('Public health messaging around thinness', 'Unhealthy weight control practices'), ('Resilience', 'Ability to engage in physical activity'), ('Stress', 'Cortisol'), ('Poor body image', 'Unhealthy weight control practices'), ('Physical well-being', 'Obesity'), ('Control', 'Ability to engage in physical activity'), ('Cultural norms around thinness', 'Unhealthy weight control practices'), ('Depression', 'Pro-inflammatory cytokines')]",-1,-1,1,-1,1,"[('Culture of eating that promotes healthy choices', 'Physical well-being'), ('Weight bias', 'Socio-economic status'), ('Mental well-being', 'Physical well-being'), ('Socio-economic status', 'Stress'), ('Control', 'Mental well-being'), ('Socio-economic status', 'Physical well-being'), ('Public health messaging around thinness', 'Weight bias'), ('Resilience', 'Mental well-being'), ('Medical perspective that thin is good', 'Public health messaging around thinness'), ('Weight bias', 'Depression'), ('Control', 'Stress'), ('Socio-economic status', 'Mental well-being'), ('Medical perspective that thin is good', 'Cultural norms around thinness'), ('Weight bias', 'Mental well-being'), ('Cultural norms around thinness', 'Cultural norms around thinness'), ('Cultural norms around thinness', 'Poor body image'), ('Weight bias', 'Stress'), ('Poor body image', 'Poor body image'), ('Socio-economic status', 'Control'), ('Weight bias', 'Poor body image'), ('Pressure to be thin', 'Poor body image'), ('Depression', 'Stress'), ('Poor body image', 'Depression'), ('Culture of eating that promotes healthy choices', 'Mental well-being'), ('Cultural norms around thinness', 'Pressure to be thin'), ('Public health messaging around thinness', 'Pressure to be thin'), ('Physical well-being', 'Mental well-being')]","[('Medications', 'Balance'), ('Secretion of inflammatory molecules by adipose cells', 'Insulin resistance'), ('Obesity', 'Obstructive sleep apnea'), ('Dyslipidemia', 'Blood pressure'), ('Obesity', 'Gastro-esophageal reflux disease'), ('Auto-inflammatory diseases', 'Inflammation'), ('Atherosclerosis', 'Coronary heart diseases'), ('Release of adipokines', 'Atherosclerosis'), ('Blood mono-unsaturated fatty acid level', 'Secretion of inflammatory molecules by adipose cells'), ('Insulin resistance', 'Fatty acids in the artery walls'), ('Insulin resistance', 'Cells intake of fatty acids'), ('Adipose storage of fatty acids', 'Inflammation'), ('Thoracic and abdominal obesity', 'Airway resistance'), ('Thoracic and abdominal obesity', 'Respiratory muscle fatigue'), ('Unhealthy weight control practices', 'Obesity'), ('Sodium retention', 'Blood pressure'), ('Short sleep duration', 'Pro-inflammatory cytokines'), ('Medications', 'Obesity'), ('Balance', 'Ability to engage in physical activity'), ('Short sleep duration', 'Cortisol'), ('Airway resistance', 'Asthma'), ('Short sleep duration', 'Blood pressure'), ('Fatty acids in the artery walls', 'Atherosclerosis'), ('Dyslipidemia', 'Insulin resistance'), ('Blood glucose level', 'Fatty acids in the artery walls'), ('Respiratory diseases', 'Ability to engage in physical activity'), ('Blood saturated fatty acid level', 'Secretion of inflammatory molecules by adipose cells'), ('Dysfunctional adipose tissue', 'Inflammation'), ('Coordination', 'Ability to engage in physical activity'), ('Obesity', 'Short sleep duration'), ('Inflammation', 'Asthma'), ('Coronary heart diseases', 'Dyspnea'), ('Tiredness', 'Ability to engage in physical activity'), ('Short sleep duration', 'Heart rate'), ('Blood fatty acid level', 'Blood glucose level'), ('Pro-inflammatory cytokines', 'Inflammation'), ('Respiratory muscle fatigue', 'Dyspnea'), ('Heart rate', 'Coronary heart diseases'), ('Medications', 'Coordination'), ('Beta blockers', 'Ability to engage in physical activity'), ('Sodium intake', 'Blood pressure'), ('Airway resistance', 'Asthma-like symptoms'), ('Medications', 'Concentration'), ('Cells intake of fatty acids', 'Adipose storage of fatty acids'), ('Physical pain', 'Ability to engage in physical activity'), ('Concentration', 'Ability to engage in physical activity'), ('Obesity', 'Release of adipokines'), ('Blood glucose level', 'Sodium retention'), ('Stimulants', 'Short sleep duration'), ('Obesity', 'Dysfunctional adipose tissue'), ('Medications', 'Tiredness'), ('Inflammation', 'Insulin resistance'), ('Inflammation', 'Auto-inflammatory diseases'), ('Blood fatty acid level', 'Adipose storage of fatty acids'), ('Dysfunctional adipose tissue', 'Blood pressure'), ('Dysfunctional adipose tissue', 'Dyslipidemia'), ('Obesity', 'Unhealthy weight control practices'), ('Obesity', 'Asthma-like symptoms'), ('Dyslipidemia', 'Atherosclerosis')]","[('Prevalence of walking trails', 'Quality of the sport infrastructure'), ('Medications', 'Balance'), ('Culture of eating that promotes healthy choices', 'Physical well-being'), ('Secretion of inflammatory molecules by adipose cells', 'Insulin resistance'), ('Presence of a vibrant community', 'Control'), ('Obesity', 'Weight bias'), ('Healthy eating', 'Blood mono-unsaturated fatty acid level'), ('Exercise', 'Heart rate'), ('Available time', 'Recreational physical activity'), ('Chronic conditions', 'Depression'), ('Exercise', 'Insulin resistance'), ('Weight bias', 'Socio-economic status'), ('Mental well-being', 'Physical well-being'), ('Obesity', 'Obstructive sleep apnea'), ('Eating disorders', 'Healthy eating'), ('Consumer demand for regulations', 'Marketing of healthy foods'), ('Dyslipidemia', 'Blood pressure'), ('Obesity', 'Gastro-esophageal reflux disease'), ('Perceived environmental safety', 'Mental well-being'), ('Late night TV watching', 'Short sleep duration'), ('Auto-inflammatory diseases', 'Inflammation'), ('Depression', 'Healthy eating'), ('Socio-economic status', 'Stress'), ('Exercise', 'Blood glucose level'), ('Public support and demand for healthy products', 'Marketing of healthy foods'), ('Unhealthy foods are cheaper than healthy ones', 'Supportive food environment'), ('Control', 'Mental well-being'), ('Atherosclerosis', 'Coronary heart diseases'), ('Socio-economic status', 'Physical well-being'), ('Ability to engage in physical activity', 'Physical activity'), ('Public health messaging around thinness', 'Weight bias'), ('Public support and demand for healthy products', 'Availability of healthy foods'), ('Release of adipokines', 'Atherosclerosis'), ('Consumer demand for regulations', 'Marketing of unhealthy foods'), ('Resilience', 'Mental well-being'), ('Blood mono-unsaturated fatty acid level', 'Secretion of inflammatory molecules by adipose cells'), ('Medical perspective that thin is good', 'Public health messaging around thinness'), ('Mental well-being', 'Medications'), ('Sexual difficulties', 'Mental well-being'), ('Insulin resistance', 'Fatty acids in the artery walls'), ('Insulin resistance', 'Cells intake of fatty acids'), ('Sidewalk prevalence and maintenance', 'Utilitarian physical activity '), ('Adipose storage of fatty acids', 'Inflammation'), ('Socio-economic status', 'Exercise'), ('Thoracic and abdominal obesity', 'Airway resistance'), ('Healthy eating', 'Short sleep duration'), ('Perceived environmental safety', 'Physical well-being'), ('Weight bias', 'Depression'), ('Emotional eating', 'Mental well-being'), ('Late night TV watching', 'Healthy eating'), ('Control', 'Stress'), ('Aesthetics', 'Physical well-being'), ('Economic incentives to produce unhealthy food products', 'Cost of unhealthy foods'), ('Supportive food environment', 'Healthy eating'), ('Appetite', 'Physical well-being'), ('Thoracic and abdominal obesity', 'Respiratory muscle fatigue'), ('Cardiovascular diseases', 'Fear of engaging in physical activity'), ('Socio-economic status', 'Mental well-being'), ('Unhealthy weight control practices', 'Obesity'), ('Exercise', 'Blood pressure'), ('Sodium retention', 'Blood pressure'), ('Short sleep duration', 'Pro-inflammatory cytokines'), ('Medications', 'Obesity'), ('Short sleep duration', 'Appetite'), ('Balance', 'Ability to engage in physical activity'), ('Short sleep duration', 'Cortisol'), ('Airway resistance', 'Asthma'), ('Short sleep duration', 'Blood pressure'), ('Medical perspective that thin is good', 'Cultural norms around thinness'), ('Healthy eating', 'Blood glucose level'), ('Mental well-being', 'Anticonvulsants'), ('Fatty acids in the artery walls', 'Atherosclerosis'), ('Dyslipidemia', 'Insulin resistance'), ('Blood glucose level', 'Fatty acids in the artery walls'), ('Respiratory diseases', 'Ability to engage in physical activity'), ('Blood saturated fatty acid level', 'Secretion of inflammatory molecules by adipose cells'), ('Dysfunctional adipose tissue', 'Inflammation'), ('Weight bias', 'Mental well-being'), ('Coordination', 'Ability to engage in physical activity'), ('Cultural norms around thinness', 'Cultural norms around thinness'), ('Cultural norms around thinness', 'Poor body image'), ('Obesity', 'Short sleep duration'), ('Inflammation', 'Asthma'), ('Healthy eating', 'Sodium intake'), ('Cultural norms around thinness', 'Eating disorders'), ('Poor body image', 'Sexual difficulties'), ('Fear of engaging in physical activity', 'Physical activity'), ('Short sleep duration', 'Healthy eating'), ('Coronary heart diseases', 'Dyspnea'), ('Stress', 'Inflammation'), ('Weight bias', 'Stress'), ('Unhealthy weight control practices', 'Eating disorders'), ('Tiredness', 'Ability to engage in physical activity'), ('Short sleep duration', 'Heart rate'), ('Prevalence of bike trails', 'Quality of the sport infrastructure'), ('Exercise', 'Blood fatty acid level'), ('Mental well-being', 'Emotional eating'), ('Poor body image', 'Poor body image'), ('Blood fatty acid level', 'Blood glucose level'), ('Cardiovascular diseases', 'Depression'), ('Pro-inflammatory cytokines', 'Inflammation'), ('Prevalence of green fields', 'Quality of the sport infrastructure'), ('Mental well-being', 'Antipsychotics'), ('Socio-economic status', 'Control'), ('Weight bias', 'Poor body image'), ('Positive experience of sports', 'Recreational physical activity'), ('Public support and demand for healthy products', 'Cost of healthy foods'), ('Socio-economic status', 'Availability of healthy foods'), ('Cardiovascular diseases', 'Physical well-being'), ('Respiratory muscle fatigue', 'Dyspnea'), ('Heart rate', 'Coronary heart diseases'), ('Pressure to be thin', 'Poor body image'), ('Medications', 'Coordination'), ('Beta blockers', 'Ability to engage in physical activity'), ('Antipsychotics', 'Appetite'), ('Sodium intake', 'Blood pressure'), ('Pressure to be thin', 'Unhealthy weight control practices'), ('Airway resistance', 'Asthma-like symptoms'), ('Depression', 'Stress'), ('Medications', 'Concentration'), ('Public support and demand for healthy products', 'Marketing of unhealthy foods'), ('Poor body image', 'Eating disorders'), ('Emotional eating', 'Healthy eating'), ('Obesity', 'Access to health professionals'), ('Obesity', 'Mental well-being'), ('Unhealthy foods are more available than healthy ones', 'Supportive food environment'), ('Healthy eating', 'Blood saturated fatty acid level'), ('Presence of a vibrant community', 'Resilience'), ('Cells intake of fatty acids', 'Adipose storage of fatty acids'), ('Physical activity', 'Physical well-being'), ('Appetite', 'Healthy eating'), ('Aesthetics', 'Stress'), ('Chronic conditions', 'Mental well-being'), ('Weight bias', 'Positive experience of sports'), ('Healthy eating', 'Dyslipidemia'), ('Quality of the sport infrastructure', 'Recreational physical activity'), ('Physical pain', 'Ability to engage in physical activity'), ('Prevalence of green fields', 'Aesthetics'), ('Concentration', 'Ability to engage in physical activity'), ('Aesthetics', 'Mental well-being'), ('Poor body image', 'Depression'), ('Chronic conditions', 'Physical well-being'), ('Obesity', 'Release of adipokines'), ('Blood glucose level', 'Sodium retention'), ('Restrictive covenants', 'Availability of healthy foods'), ('Musculoskeletal pain', 'Mental well-being'), ('Weight bias', 'Unhealthy weight control practices'), ('Physical activity', 'Mental well-being'), ('Access to health professionals', 'Ability to engage in physical activity'), ('Stimulants', 'Short sleep duration'), ('Culture of eating that promotes healthy choices', 'Healthy eating'), ('Culture of eating that promotes healthy choices', 'Mental well-being'), ('Weight bias', 'Exercise'), ('Obesity', 'Dysfunctional adipose tissue'), ('Medications', 'Tiredness'), ('Inflammation', 'Insulin resistance'), ('Anticonvulsants', 'Appetite'), ('Inflammation', 'Auto-inflammatory diseases'), ('Accessibility to shops', 'Utilitarian physical activity '), ('Blood fatty acid level', 'Adipose storage of fatty acids'), ('Perceived environmental safety', 'Physical activity'), ('Short sleep duration', 'Physical well-being'), ('Cultural norms around thinness', 'Pressure to be thin'), ('Weight bias', 'Access to health professionals'), ('Public health messaging around thinness', 'Pressure to be thin'), ('Dysfunctional adipose tissue', 'Blood pressure'), ('Dysfunctional adipose tissue', 'Dyslipidemia'), ('Aesthetics', 'Utilitarian physical activity '), ('Obesity', 'Unhealthy weight control practices'), ('Obesity', 'Asthma-like symptoms'), ('Marketing ratio of unhealthy to healthy foods', 'Supportive food environment'), ('Dyslipidemia', 'Atherosclerosis'), ('Physical well-being', 'Mental well-being'), ('Public support and demand for healthy products', 'Cost of unhealthy foods'), ('Musculoskeletal pain', 'Physical well-being'), ('Coronary heart diseases', 'Exercise')]"
0,"[('Resilience', 'Blood pressure'), ('Depression', 'Blood glucose level'), ('Medical perspective that thin is good', 'Blood glucose level'), ('Public health messaging around thinness', 'Blood pressure'), ('Control', 'Blood glucose level'), ('Physical well-being', 'Blood pressure'), ('Culture of eating that promotes healthy choices', 'Blood pressure'), ('Poor body image', 'Blood pressure'), ('Mental well-being', 'Ability to engage in physical activity'), ('Depression', 'Inflammation'), ('Cultural norms around thinness', 'Blood glucose level'), ('Depression', 'Blood pressure'), ('Medical perspective that thin is good', 'Blood pressure'), ('Control', 'Blood pressure'), ('Pressure to be thin', 'Blood glucose level'), ('Mental well-being', 'Blood glucose level'), ('Stress', 'Blood glucose level'), ('Depression', 'Short sleep duration'), ('Cultural norms around thinness', 'Blood pressure'), ('Stress', 'Inflammation'), ('Resilience', 'Balance'), ('Weight bias', 'Blood glucose level'), ('Pressure to be thin', 'Blood pressure'), ('Socio-economic status', 'Blood glucose level'), ('Mental well-being', 'Blood pressure'), ('Stress', 'Blood pressure'), ('Poor body image', 'Unhealthy weight control practices'), ('Physical well-being', 'Ability to engage in physical activity'), ('Socio-economic status', 'Medications'), ('Resilience', 'Blood glucose level'), ('Weight bias', 'Blood pressure'), ('Stress', 'Short sleep duration'), ('Socio-economic status', 'Blood pressure'), ('Physical well-being', 'Blood glucose level'), ('Public health messaging around thinness', 'Blood glucose level'), ('Control', 'Balance'), ('Culture of eating that promotes healthy choices', 'Blood glucose level'), ('Poor body image', 'Blood glucose level')]",-1,-1,1,1,-1,"[('Culture of eating that promotes healthy choices', 'Physical well-being'), ('Weight bias', 'Socio-economic status'), ('Mental well-being', 'Physical well-being'), ('Socio-economic status', 'Stress'), ('Control', 'Mental well-being'), ('Socio-economic status', 'Physical well-being'), ('Public health messaging around thinness', 'Weight bias'), ('Resilience', 'Mental well-being'), ('Medical perspective that thin is good', 'Public health messaging around thinness'), ('Weight bias', 'Depression'), ('Control', 'Stress'), ('Socio-economic status', 'Mental well-being'), ('Medical perspective that thin is good', 'Cultural norms around thinness'), ('Weight bias', 'Mental well-being'), ('Cultural norms around thinness', 'Cultural norms around thinness'), ('Cultural norms around thinness', 'Poor body image'), ('Weight bias', 'Stress'), ('Poor body image', 'Poor body image'), ('Socio-economic status', 'Control'), ('Weight bias', 'Poor body image'), ('Pressure to be thin', 'Poor body image'), ('Depression', 'Stress'), ('Poor body image', 'Depression'), ('Culture of eating that promotes healthy choices', 'Mental well-being'), ('Cultural norms around thinness', 'Pressure to be thin'), ('Public health messaging around thinness', 'Pressure to be thin'), ('Physical well-being', 'Mental well-being')]","[('Medications', 'Balance'), ('Secretion of inflammatory molecules by adipose cells', 'Insulin resistance'), ('Obesity', 'Obstructive sleep apnea'), ('Dyslipidemia', 'Blood pressure'), ('Obesity', 'Gastro-esophageal reflux disease'), ('Auto-inflammatory diseases', 'Inflammation'), ('Atherosclerosis', 'Coronary heart diseases'), ('Release of adipokines', 'Atherosclerosis'), ('Blood mono-unsaturated fatty acid level', 'Secretion of inflammatory molecules by adipose cells'), ('Insulin resistance', 'Fatty acids in the artery walls'), ('Insulin resistance', 'Cells intake of fatty acids'), ('Adipose storage of fatty acids', 'Inflammation'), ('Thoracic and abdominal obesity', 'Airway resistance'), ('Thoracic and abdominal obesity', 'Respiratory muscle fatigue'), ('Unhealthy weight control practices', 'Obesity'), ('Sodium retention', 'Blood pressure'), ('Short sleep duration', 'Pro-inflammatory cytokines'), ('Medications', 'Obesity'), ('Balance', 'Ability to engage in physical activity'), ('Short sleep duration', 'Cortisol'), ('Airway resistance', 'Asthma'), ('Short sleep duration', 'Blood pressure'), ('Fatty acids in the artery walls', 'Atherosclerosis'), ('Dyslipidemia', 'Insulin resistance'), ('Blood glucose level', 'Fatty acids in the artery walls'), ('Respiratory diseases', 'Ability to engage in physical activity'), ('Blood saturated fatty acid level', 'Secretion of inflammatory molecules by adipose cells'), ('Dysfunctional adipose tissue', 'Inflammation'), ('Coordination', 'Ability to engage in physical activity'), ('Obesity', 'Short sleep duration'), ('Inflammation', 'Asthma'), ('Coronary heart diseases', 'Dyspnea'), ('Tiredness', 'Ability to engage in physical activity'), ('Short sleep duration', 'Heart rate'), ('Blood fatty acid level', 'Blood glucose level'), ('Pro-inflammatory cytokines', 'Inflammation'), ('Respiratory muscle fatigue', 'Dyspnea'), ('Heart rate', 'Coronary heart diseases'), ('Medications', 'Coordination'), ('Beta blockers', 'Ability to engage in physical activity'), ('Sodium intake', 'Blood pressure'), ('Airway resistance', 'Asthma-like symptoms'), ('Medications', 'Concentration'), ('Cells intake of fatty acids', 'Adipose storage of fatty acids'), ('Physical pain', 'Ability to engage in physical activity'), ('Concentration', 'Ability to engage in physical activity'), ('Obesity', 'Release of adipokines'), ('Blood glucose level', 'Sodium retention'), ('Stimulants', 'Short sleep duration'), ('Obesity', 'Dysfunctional adipose tissue'), ('Medications', 'Tiredness'), ('Inflammation', 'Insulin resistance'), ('Inflammation', 'Auto-inflammatory diseases'), ('Blood fatty acid level', 'Adipose storage of fatty acids'), ('Dysfunctional adipose tissue', 'Blood pressure'), ('Dysfunctional adipose tissue', 'Dyslipidemia'), ('Obesity', 'Unhealthy weight control practices'), ('Obesity', 'Asthma-like symptoms'), ('Dyslipidemia', 'Atherosclerosis')]","[('Prevalence of walking trails', 'Quality of the sport infrastructure'), ('Medications', 'Balance'), ('Culture of eating that promotes healthy choices', 'Physical well-being'), ('Secretion of inflammatory molecules by adipose cells', 'Insulin resistance'), ('Presence of a vibrant community', 'Control'), ('Obesity', 'Weight bias'), ('Healthy eating', 'Blood mono-unsaturated fatty acid level'), ('Exercise', 'Heart rate'), ('Available time', 'Recreational physical activity'), ('Chronic conditions', 'Depression'), ('Exercise', 'Insulin resistance'), ('Weight bias', 'Socio-economic status'), ('Mental well-being', 'Physical well-being'), ('Obesity', 'Obstructive sleep apnea'), ('Eating disorders', 'Healthy eating'), ('Consumer demand for regulations', 'Marketing of healthy foods'), ('Dyslipidemia', 'Blood pressure'), ('Obesity', 'Gastro-esophageal reflux disease'), ('Perceived environmental safety', 'Mental well-being'), ('Late night TV watching', 'Short sleep duration'), ('Auto-inflammatory diseases', 'Inflammation'), ('Depression', 'Healthy eating'), ('Socio-economic status', 'Stress'), ('Exercise', 'Blood glucose level'), ('Public support and demand for healthy products', 'Marketing of healthy foods'), ('Unhealthy foods are cheaper than healthy ones', 'Supportive food environment'), ('Control', 'Mental well-being'), ('Atherosclerosis', 'Coronary heart diseases'), ('Socio-economic status', 'Physical well-being'), ('Ability to engage in physical activity', 'Physical activity'), ('Public health messaging around thinness', 'Weight bias'), ('Public support and demand for healthy products', 'Availability of healthy foods'), ('Release of adipokines', 'Atherosclerosis'), ('Consumer demand for regulations', 'Marketing of unhealthy foods'), ('Resilience', 'Mental well-being'), ('Blood mono-unsaturated fatty acid level', 'Secretion of inflammatory molecules by adipose cells'), ('Medical perspective that thin is good', 'Public health messaging around thinness'), ('Mental well-being', 'Medications'), ('Sexual difficulties', 'Mental well-being'), ('Insulin resistance', 'Fatty acids in the artery walls'), ('Insulin resistance', 'Cells intake of fatty acids'), ('Sidewalk prevalence and maintenance', 'Utilitarian physical activity '), ('Adipose storage of fatty acids', 'Inflammation'), ('Socio-economic status', 'Exercise'), ('Thoracic and abdominal obesity', 'Airway resistance'), ('Healthy eating', 'Short sleep duration'), ('Perceived environmental safety', 'Physical well-being'), ('Weight bias', 'Depression'), ('Emotional eating', 'Mental well-being'), ('Late night TV watching', 'Healthy eating'), ('Control', 'Stress'), ('Aesthetics', 'Physical well-being'), ('Economic incentives to produce unhealthy food products', 'Cost of unhealthy foods'), ('Supportive food environment', 'Healthy eating'), ('Appetite', 'Physical well-being'), ('Thoracic and abdominal obesity', 'Respiratory muscle fatigue'), ('Cardiovascular diseases', 'Fear of engaging in physical activity'), ('Socio-economic status', 'Mental well-being'), ('Unhealthy weight control practices', 'Obesity'), ('Exercise', 'Blood pressure'), ('Sodium retention', 'Blood pressure'), ('Short sleep duration', 'Pro-inflammatory cytokines'), ('Medications', 'Obesity'), ('Short sleep duration', 'Appetite'), ('Balance', 'Ability to engage in physical activity'), ('Short sleep duration', 'Cortisol'), ('Airway resistance', 'Asthma'), ('Short sleep duration', 'Blood pressure'), ('Medical perspective that thin is good', 'Cultural norms around thinness'), ('Healthy eating', 'Blood glucose level'), ('Mental well-being', 'Anticonvulsants'), ('Fatty acids in the artery walls', 'Atherosclerosis'), ('Dyslipidemia', 'Insulin resistance'), ('Blood glucose level', 'Fatty acids in the artery walls'), ('Respiratory diseases', 'Ability to engage in physical activity'), ('Blood saturated fatty acid level', 'Secretion of inflammatory molecules by adipose cells'), ('Dysfunctional adipose tissue', 'Inflammation'), ('Weight bias', 'Mental well-being'), ('Coordination', 'Ability to engage in physical activity'), ('Cultural norms around thinness', 'Cultural norms around thinness'), ('Cultural norms around thinness', 'Poor body image'), ('Obesity', 'Short sleep duration'), ('Inflammation', 'Asthma'), ('Healthy eating', 'Sodium intake'), ('Cultural norms around thinness', 'Eating disorders'), ('Poor body image', 'Sexual difficulties'), ('Fear of engaging in physical activity', 'Physical activity'), ('Short sleep duration', 'Healthy eating'), ('Coronary heart diseases', 'Dyspnea'), ('Stress', 'Inflammation'), ('Weight bias', 'Stress'), ('Unhealthy weight control practices', 'Eating disorders'), ('Tiredness', 'Ability to engage in physical activity'), ('Short sleep duration', 'Heart rate'), ('Prevalence of bike trails', 'Quality of the sport infrastructure'), ('Exercise', 'Blood fatty acid level'), ('Mental well-being', 'Emotional eating'), ('Poor body image', 'Poor body image'), ('Blood fatty acid level', 'Blood glucose level'), ('Cardiovascular diseases', 'Depression'), ('Pro-inflammatory cytokines', 'Inflammation'), ('Prevalence of green fields', 'Quality of the sport infrastructure'), ('Mental well-being', 'Antipsychotics'), ('Socio-economic status', 'Control'), ('Weight bias', 'Poor body image'), ('Positive experience of sports', 'Recreational physical activity'), ('Public support and demand for healthy products', 'Cost of healthy foods'), ('Socio-economic status', 'Availability of healthy foods'), ('Cardiovascular diseases', 'Physical well-being'), ('Respiratory muscle fatigue', 'Dyspnea'), ('Heart rate', 'Coronary heart diseases'), ('Pressure to be thin', 'Poor body image'), ('Medications', 'Coordination'), ('Beta blockers', 'Ability to engage in physical activity'), ('Antipsychotics', 'Appetite'), ('Sodium intake', 'Blood pressure'), ('Pressure to be thin', 'Unhealthy weight control practices'), ('Airway resistance', 'Asthma-like symptoms'), ('Depression', 'Stress'), ('Medications', 'Concentration'), ('Public support and demand for healthy products', 'Marketing of unhealthy foods'), ('Poor body image', 'Eating disorders'), ('Emotional eating', 'Healthy eating'), ('Obesity', 'Access to health professionals'), ('Obesity', 'Mental well-being'), ('Unhealthy foods are more available than healthy ones', 'Supportive food environment'), ('Healthy eating', 'Blood saturated fatty acid level'), ('Presence of a vibrant community', 'Resilience'), ('Cells intake of fatty acids', 'Adipose storage of fatty acids'), ('Physical activity', 'Physical well-being'), ('Appetite', 'Healthy eating'), ('Aesthetics', 'Stress'), ('Chronic conditions', 'Mental well-being'), ('Weight bias', 'Positive experience of sports'), ('Healthy eating', 'Dyslipidemia'), ('Quality of the sport infrastructure', 'Recreational physical activity'), ('Physical pain', 'Ability to engage in physical activity'), ('Prevalence of green fields', 'Aesthetics'), ('Concentration', 'Ability to engage in physical activity'), ('Aesthetics', 'Mental well-being'), ('Poor body image', 'Depression'), ('Chronic conditions', 'Physical well-being'), ('Obesity', 'Release of adipokines'), ('Blood glucose level', 'Sodium retention'), ('Restrictive covenants', 'Availability of healthy foods'), ('Musculoskeletal pain', 'Mental well-being'), ('Weight bias', 'Unhealthy weight control practices'), ('Physical activity', 'Mental well-being'), ('Access to health professionals', 'Ability to engage in physical activity'), ('Stimulants', 'Short sleep duration'), ('Culture of eating that promotes healthy choices', 'Healthy eating'), ('Culture of eating that promotes healthy choices', 'Mental well-being'), ('Weight bias', 'Exercise'), ('Obesity', 'Dysfunctional adipose tissue'), ('Medications', 'Tiredness'), ('Inflammation', 'Insulin resistance'), ('Anticonvulsants', 'Appetite'), ('Inflammation', 'Auto-inflammatory diseases'), ('Accessibility to shops', 'Utilitarian physical activity '), ('Blood fatty acid level', 'Adipose storage of fatty acids'), ('Perceived environmental safety', 'Physical activity'), ('Short sleep duration', 'Physical well-being'), ('Cultural norms around thinness', 'Pressure to be thin'), ('Weight bias', 'Access to health professionals'), ('Public health messaging around thinness', 'Pressure to be thin'), ('Dysfunctional adipose tissue', 'Blood pressure'), ('Dysfunctional adipose tissue', 'Dyslipidemia'), ('Aesthetics', 'Utilitarian physical activity '), ('Obesity', 'Unhealthy weight control practices'), ('Obesity', 'Asthma-like symptoms'), ('Marketing ratio of unhealthy to healthy foods', 'Supportive food environment'), ('Dyslipidemia', 'Atherosclerosis'), ('Physical well-being', 'Mental well-being'), ('Public support and demand for healthy products', 'Cost of unhealthy foods'), ('Musculoskeletal pain', 'Physical well-being'), ('Coronary heart diseases', 'Exercise')]"
1,"[('Resilience', 'Blood pressure'), ('Depression', 'Blood glucose level'), ('Medical perspective that thin is good', 'Blood glucose level'), ('Public health messaging around thinness', 'Blood pressure'), ('Control', 'Blood glucose level'), ('Physical well-being', 'Blood pressure'), ('Culture of eating that promotes healthy choices', 'Blood pressure'), ('Poor body image', 'Blood pressure'), ('Mental well-being', 'Ability to engage in physical activity'), ('Depression', 'Inflammation'), ('Cultural norms around thinness', 'Blood glucose level'), ('Depression', 'Blood pressure'), ('Medical perspective that thin is good', 'Blood pressure'), ('Control', 'Blood pressure'), ('Pressure to be thin', 'Blood glucose level'), ('Mental well-being', 'Blood glucose level'), ('Stress', 'Blood glucose level'), ('Depression', 'Short sleep duration'), ('Cultural norms around thinness', 'Blood pressure'), ('Stress', 'Inflammation'), ('Resilience', 'Balance'), ('Weight bias', 'Blood glucose level'), ('Pressure to be thin', 'Blood pressure'), ('Socio-economic status', 'Blood glucose level'), ('Mental well-being', 'Blood pressure'), ('Stress', 'Blood pressure'), ('Poor body image', 'Unhealthy weight control practices'), ('Physical well-being', 'Ability to engage in physical activity'), ('Socio-economic status', 'Medications'), ('Resilience', 'Blood glucose level'), ('Weight bias', 'Blood pressure'), ('Stress', 'Short sleep duration'), ('Socio-economic status', 'Blood pressure'), ('Physical well-being', 'Blood glucose level'), ('Public health messaging around thinness', 'Blood glucose level'), ('Control', 'Balance'), ('Culture of eating that promotes healthy choices', 'Blood glucose level'), ('Poor body image', 'Blood glucose level')]",-1,-1,1,1,-1,"[('Culture of eating that promotes healthy choices', 'Physical well-being'), ('Weight bias', 'Socio-economic status'), ('Mental well-being', 'Physical well-being'), ('Socio-economic status', 'Stress'), ('Control', 'Mental well-being'), ('Socio-economic status', 'Physical well-being'), ('Public health messaging around thinness', 'Weight bias'), ('Resilience', 'Mental well-being'), ('Medical perspective that thin is good', 'Public health messaging around thinness'), ('Weight bias', 'Depression'), ('Control', 'Stress'), ('Socio-economic status', 'Mental well-being'), ('Medical perspective that thin is good', 'Cultural norms around thinness'), ('Weight bias', 'Mental well-being'), ('Cultural norms around thinness', 'Cultural norms around thinness'), ('Cultural norms around thinness', 'Poor body image'), ('Weight bias', 'Stress'), ('Poor body image', 'Poor body image'), ('Socio-economic status', 'Control'), ('Weight bias', 'Poor body image'), ('Pressure to be thin', 'Poor body image'), ('Depression', 'Stress'), ('Poor body image', 'Depression'), ('Culture of eating that promotes healthy choices', 'Mental well-being'), ('Cultural norms around thinness', 'Pressure to be thin'), ('Public health messaging around thinness', 'Pressure to be thin'), ('Physical well-being', 'Mental well-being')]","[('Medications', 'Balance'), ('Secretion of inflammatory molecules by adipose cells', 'Insulin resistance'), ('Obesity', 'Obstructive sleep apnea'), ('Dyslipidemia', 'Blood pressure'), ('Obesity', 'Gastro-esophageal reflux disease'), ('Auto-inflammatory diseases', 'Inflammation'), ('Atherosclerosis', 'Coronary heart diseases'), ('Release of adipokines', 'Atherosclerosis'), ('Blood mono-unsaturated fatty acid level', 'Secretion of inflammatory molecules by adipose cells'), ('Insulin resistance', 'Fatty acids in the artery walls'), ('Insulin resistance', 'Cells intake of fatty acids'), ('Adipose storage of fatty acids', 'Inflammation'), ('Thoracic and abdominal obesity', 'Airway resistance'), ('Thoracic and abdominal obesity', 'Respiratory muscle fatigue'), ('Unhealthy weight control practices', 'Obesity'), ('Sodium retention', 'Blood pressure'), ('Short sleep duration', 'Pro-inflammatory cytokines'), ('Medications', 'Obesity'), ('Balance', 'Ability to engage in physical activity'), ('Short sleep duration', 'Cortisol'), ('Airway resistance', 'Asthma'), ('Short sleep duration', 'Blood pressure'), ('Fatty acids in the artery walls', 'Atherosclerosis'), ('Dyslipidemia', 'Insulin resistance'), ('Blood glucose level', 'Fatty acids in the artery walls'), ('Respiratory diseases', 'Ability to engage in physical activity'), ('Blood saturated fatty acid level', 'Secretion of inflammatory molecules by adipose cells'), ('Dysfunctional adipose tissue', 'Inflammation'), ('Coordination', 'Ability to engage in physical activity'), ('Obesity', 'Short sleep duration'), ('Inflammation', 'Asthma'), ('Coronary heart diseases', 'Dyspnea'), ('Tiredness', 'Ability to engage in physical activity'), ('Short sleep duration', 'Heart rate'), ('Blood fatty acid level', 'Blood glucose level'), ('Pro-inflammatory cytokines', 'Inflammation'), ('Respiratory muscle fatigue', 'Dyspnea'), ('Heart rate', 'Coronary heart diseases'), ('Medications', 'Coordination'), ('Beta blockers', 'Ability to engage in physical activity'), ('Sodium intake', 'Blood pressure'), ('Airway resistance', 'Asthma-like symptoms'), ('Medications', 'Concentration'), ('Cells intake of fatty acids', 'Adipose storage of fatty acids'), ('Physical pain', 'Ability to engage in physical activity'), ('Concentration', 'Ability to engage in physical activity'), ('Obesity', 'Release of adipokines'), ('Blood glucose level', 'Sodium retention'), ('Stimulants', 'Short sleep duration'), ('Obesity', 'Dysfunctional adipose tissue'), ('Medications', 'Tiredness'), ('Inflammation', 'Insulin resistance'), ('Inflammation', 'Auto-inflammatory diseases'), ('Blood fatty acid level', 'Adipose storage of fatty acids'), ('Dysfunctional adipose tissue', 'Blood pressure'), ('Dysfunctional adipose tissue', 'Dyslipidemia'), ('Obesity', 'Unhealthy weight control practices'), ('Obesity', 'Asthma-like symptoms'), ('Dyslipidemia', 'Atherosclerosis')]","[('Prevalence of walking trails', 'Quality of the sport infrastructure'), ('Medications', 'Balance'), ('Culture of eating that promotes healthy choices', 'Physical well-being'), ('Secretion of inflammatory molecules by adipose cells', 'Insulin resistance'), ('Presence of a vibrant community', 'Control'), ('Obesity', 'Weight bias'), ('Healthy eating', 'Blood mono-unsaturated fatty acid level'), ('Exercise', 'Heart rate'), ('Available time', 'Recreational physical activity'), ('Chronic conditions', 'Depression'), ('Exercise', 'Insulin resistance'), ('Weight bias', 'Socio-economic status'), ('Mental well-being', 'Physical well-being'), ('Obesity', 'Obstructive sleep apnea'), ('Eating disorders', 'Healthy eating'), ('Consumer demand for regulations', 'Marketing of healthy foods'), ('Dyslipidemia', 'Blood pressure'), ('Obesity', 'Gastro-esophageal reflux disease'), ('Perceived environmental safety', 'Mental well-being'), ('Late night TV watching', 'Short sleep duration'), ('Auto-inflammatory diseases', 'Inflammation'), ('Depression', 'Healthy eating'), ('Socio-economic status', 'Stress'), ('Exercise', 'Blood glucose level'), ('Public support and demand for healthy products', 'Marketing of healthy foods'), ('Unhealthy foods are cheaper than healthy ones', 'Supportive food environment'), ('Control', 'Mental well-being'), ('Atherosclerosis', 'Coronary heart diseases'), ('Socio-economic status', 'Physical well-being'), ('Ability to engage in physical activity', 'Physical activity'), ('Public health messaging around thinness', 'Weight bias'), ('Public support and demand for healthy products', 'Availability of healthy foods'), ('Release of adipokines', 'Atherosclerosis'), ('Consumer demand for regulations', 'Marketing of unhealthy foods'), ('Resilience', 'Mental well-being'), ('Blood mono-unsaturated fatty acid level', 'Secretion of inflammatory molecules by adipose cells'), ('Medical perspective that thin is good', 'Public health messaging around thinness'), ('Mental well-being', 'Medications'), ('Sexual difficulties', 'Mental well-being'), ('Insulin resistance', 'Fatty acids in the artery walls'), ('Insulin resistance', 'Cells intake of fatty acids'), ('Sidewalk prevalence and maintenance', 'Utilitarian physical activity '), ('Adipose storage of fatty acids', 'Inflammation'), ('Socio-economic status', 'Exercise'), ('Thoracic and abdominal obesity', 'Airway resistance'), ('Healthy eating', 'Short sleep duration'), ('Perceived environmental safety', 'Physical well-being'), ('Weight bias', 'Depression'), ('Emotional eating', 'Mental well-being'), ('Late night TV watching', 'Healthy eating'), ('Control', 'Stress'), ('Aesthetics', 'Physical well-being'), ('Economic incentives to produce unhealthy food products', 'Cost of unhealthy foods'), ('Supportive food environment', 'Healthy eating'), ('Appetite', 'Physical well-being'), ('Thoracic and abdominal obesity', 'Respiratory muscle fatigue'), ('Cardiovascular diseases', 'Fear of engaging in physical activity'), ('Socio-economic status', 'Mental well-being'), ('Unhealthy weight control practices', 'Obesity'), ('Exercise', 'Blood pressure'), ('Sodium retention', 'Blood pressure'), ('Short sleep duration', 'Pro-inflammatory cytokines'), ('Medications', 'Obesity'), ('Short sleep duration', 'Appetite'), ('Balance', 'Ability to engage in physical activity'), ('Short sleep duration', 'Cortisol'), ('Airway resistance', 'Asthma'), ('Short sleep duration', 'Blood pressure'), ('Medical perspective that thin is good', 'Cultural norms around thinness'), ('Healthy eating', 'Blood glucose level'), ('Mental well-being', 'Anticonvulsants'), ('Fatty acids in the artery walls', 'Atherosclerosis'), ('Dyslipidemia', 'Insulin resistance'), ('Blood glucose level', 'Fatty acids in the artery walls'), ('Respiratory diseases', 'Ability to engage in physical activity'), ('Blood saturated fatty acid level', 'Secretion of inflammatory molecules by adipose cells'), ('Dysfunctional adipose tissue', 'Inflammation'), ('Weight bias', 'Mental well-being'), ('Coordination', 'Ability to engage in physical activity'), ('Cultural norms around thinness', 'Cultural norms around thinness'), ('Cultural norms around thinness', 'Poor body image'), ('Obesity', 'Short sleep duration'), ('Inflammation', 'Asthma'), ('Healthy eating', 'Sodium intake'), ('Cultural norms around thinness', 'Eating disorders'), ('Poor body image', 'Sexual difficulties'), ('Fear of engaging in physical activity', 'Physical activity'), ('Short sleep duration', 'Healthy eating'), ('Coronary heart diseases', 'Dyspnea'), ('Stress', 'Inflammation'), ('Weight bias', 'Stress'), ('Unhealthy weight control practices', 'Eating disorders'), ('Tiredness', 'Ability to engage in physical activity'), ('Short sleep duration', 'Heart rate'), ('Prevalence of bike trails', 'Quality of the sport infrastructure'), ('Exercise', 'Blood fatty acid level'), ('Mental well-being', 'Emotional eating'), ('Poor body image', 'Poor body image'), ('Blood fatty acid level', 'Blood glucose level'), ('Cardiovascular diseases', 'Depression'), ('Pro-inflammatory cytokines', 'Inflammation'), ('Prevalence of green fields', 'Quality of the sport infrastructure'), ('Mental well-being', 'Antipsychotics'), ('Socio-economic status', 'Control'), ('Weight bias', 'Poor body image'), ('Positive experience of sports', 'Recreational physical activity'), ('Public support and demand for healthy products', 'Cost of healthy foods'), ('Socio-economic status', 'Availability of healthy foods'), ('Cardiovascular diseases', 'Physical well-being'), ('Respiratory muscle fatigue', 'Dyspnea'), ('Heart rate', 'Coronary heart diseases'), ('Pressure to be thin', 'Poor body image'), ('Medications', 'Coordination'), ('Beta blockers', 'Ability to engage in physical activity'), ('Antipsychotics', 'Appetite'), ('Sodium intake', 'Blood pressure'), ('Pressure to be thin', 'Unhealthy weight control practices'), ('Airway resistance', 'Asthma-like symptoms'), ('Depression', 'Stress'), ('Medications', 'Concentration'), ('Public support and demand for healthy products', 'Marketing of unhealthy foods'), ('Poor body image', 'Eating disorders'), ('Emotional eating', 'Healthy eating'), ('Obesity', 'Access to health professionals'), ('Obesity', 'Mental well-being'), ('Unhealthy foods are more available than healthy ones', 'Supportive food environment'), ('Healthy eating', 'Blood saturated fatty acid level'), ('Presence of a vibrant community', 'Resilience'), ('Cells intake of fatty acids', 'Adipose storage of fatty acids'), ('Physical activity', 'Physical well-being'), ('Appetite', 'Healthy eating'), ('Aesthetics', 'Stress'), ('Chronic conditions', 'Mental well-being'), ('Weight bias', 'Positive experience of sports'), ('Healthy eating', 'Dyslipidemia'), ('Quality of the sport infrastructure', 'Recreational physical activity'), ('Physical pain', 'Ability to engage in physical activity'), ('Prevalence of green fields', 'Aesthetics'), ('Concentration', 'Ability to engage in physical activity'), ('Aesthetics', 'Mental well-being'), ('Poor body image', 'Depression'), ('Chronic conditions', 'Physical well-being'), ('Obesity', 'Release of adipokines'), ('Blood glucose level', 'Sodium retention'), ('Restrictive covenants', 'Availability of healthy foods'), ('Musculoskeletal pain', 'Mental well-being'), ('Weight bias', 'Unhealthy weight control practices'), ('Physical activity', 'Mental well-being'), ('Access to health professionals', 'Ability to engage in physical activity'), ('Stimulants', 'Short sleep duration'), ('Culture of eating that promotes healthy choices', 'Healthy eating'), ('Culture of eating that promotes healthy choices', 'Mental well-being'), ('Weight bias', 'Exercise'), ('Obesity', 'Dysfunctional adipose tissue'), ('Medications', 'Tiredness'), ('Inflammation', 'Insulin resistance'), ('Anticonvulsants', 'Appetite'), ('Inflammation', 'Auto-inflammatory diseases'), ('Accessibility to shops', 'Utilitarian physical activity '), ('Blood fatty acid level', 'Adipose storage of fatty acids'), ('Perceived environmental safety', 'Physical activity'), ('Short sleep duration', 'Physical well-being'), ('Cultural norms around thinness', 'Pressure to be thin'), ('Weight bias', 'Access to health professionals'), ('Public health messaging around thinness', 'Pressure to be thin'), ('Dysfunctional adipose tissue', 'Blood pressure'), ('Dysfunctional adipose tissue', 'Dyslipidemia'), ('Aesthetics', 'Utilitarian physical activity '), ('Obesity', 'Unhealthy weight control practices'), ('Obesity', 'Asthma-like symptoms'), ('Marketing ratio of unhealthy to healthy foods', 'Supportive food environment'), ('Dyslipidemia', 'Atherosclerosis'), ('Physical well-being', 'Mental well-being'), ('Public support and demand for healthy products', 'Cost of unhealthy foods'), ('Musculoskeletal pain', 'Physical well-being'), ('Coronary heart diseases', 'Exercise')]"
2,"[('Resilience', 'Blood pressure'), ('Depression', 'Blood glucose level'), ('Medical perspective that thin is good', 'Blood glucose level'), ('Public health messaging around thinness', 'Blood pressure'), ('Control', 'Blood glucose level'), ('Physical well-being', 'Blood pressure'), ('Culture of eating that promotes healthy choices', 'Blood pressure'), ('Poor body image', 'Blood pressure'), ('Mental well-being', 'Ability to engage in physical activity'), ('Depression', 'Inflammation'), ('Cultural norms around thinness', 'Blood glucose level'), ('Depression', 'Blood pressure'), ('Medical perspective that thin is good', 'Blood pressure'), ('Control', 'Blood pressure'), ('Pressure to be thin', 'Blood glucose level'), ('Mental well-being', 'Blood glucose level'), ('Stress', 'Blood glucose level'), ('Depression', 'Short sleep duration'), ('Cultural norms around thinness', 'Blood pressure'), ('Stress', 'Inflammation'), ('Resilience', 'Balance'), ('Weight bias', 'Blood glucose level'), ('Pressure to be thin', 'Blood pressure'), ('Socio-economic status', 'Blood glucose level'), ('Mental well-being', 'Blood pressure'), ('Stress', 'Blood pressure'), ('Poor body image', 'Unhealthy weight control practices'), ('Physical well-being', 'Ability to engage in physical activity'), ('Socio-economic status', 'Medications'), ('Resilience', 'Blood glucose level'), ('Weight bias', 'Blood pressure'), ('Stress', 'Short sleep duration'), ('Socio-economic status', 'Blood pressure'), ('Physical well-being', 'Blood glucose level'), ('Public health messaging around thinness', 'Blood glucose level'), ('Control', 'Balance'), ('Culture of eating that promotes healthy choices', 'Blood glucose level'), ('Poor body image', 'Blood glucose level')]",-1,-1,1,1,-1,"[('Culture of eating that promotes healthy choices', 'Physical well-being'), ('Weight bias', 'Socio-economic status'), ('Mental well-being', 'Physical well-being'), ('Socio-economic status', 'Stress'), ('Control', 'Mental well-being'), ('Socio-economic status', 'Physical well-being'), ('Public health messaging around thinness', 'Weight bias'), ('Resilience', 'Mental well-being'), ('Medical perspective that thin is good', 'Public health messaging around thinness'), ('Weight bias', 'Depression'), ('Control', 'Stress'), ('Socio-economic status', 'Mental well-being'), ('Medical perspective that thin is good', 'Cultural norms around thinness'), ('Weight bias', 'Mental well-being'), ('Cultural norms around thinness', 'Cultural norms around thinness'), ('Cultural norms around thinness', 'Poor body image'), ('Weight bias', 'Stress'), ('Poor body image', 'Poor body image'), ('Socio-economic status', 'Control'), ('Weight bias', 'Poor body image'), ('Pressure to be thin', 'Poor body image'), ('Depression', 'Stress'), ('Poor body image', 'Depression'), ('Culture of eating that promotes healthy choices', 'Mental well-being'), ('Cultural norms around thinness', 'Pressure to be thin'), ('Public health messaging around thinness', 'Pressure to be thin'), ('Physical well-being', 'Mental well-being')]","[('Medications', 'Balance'), ('Secretion of inflammatory molecules by adipose cells', 'Insulin resistance'), ('Obesity', 'Obstructive sleep apnea'), ('Dyslipidemia', 'Blood pressure'), ('Obesity', 'Gastro-esophageal reflux disease'), ('Auto-inflammatory diseases', 'Inflammation'), ('Atherosclerosis', 'Coronary heart diseases'), ('Release of adipokines', 'Atherosclerosis'), ('Blood mono-unsaturated fatty acid level', 'Secretion of inflammatory molecules by adipose cells'), ('Insulin resistance', 'Fatty acids in the artery walls'), ('Insulin resistance', 'Cells intake of fatty acids'), ('Adipose storage of fatty acids', 'Inflammation'), ('Thoracic and abdominal obesity', 'Airway resistance'), ('Thoracic and abdominal obesity', 'Respiratory muscle fatigue'), ('Unhealthy weight control practices', 'Obesity'), ('Sodium retention', 'Blood pressure'), ('Short sleep duration', 'Pro-inflammatory cytokines'), ('Medications', 'Obesity'), ('Balance', 'Ability to engage in physical activity'), ('Short sleep duration', 'Cortisol'), ('Airway resistance', 'Asthma'), ('Short sleep duration', 'Blood pressure'), ('Fatty acids in the artery walls', 'Atherosclerosis'), ('Dyslipidemia', 'Insulin resistance'), ('Blood glucose level', 'Fatty acids in the artery walls'), ('Respiratory diseases', 'Ability to engage in physical activity'), ('Blood saturated fatty acid level', 'Secretion of inflammatory molecules by adipose cells'), ('Dysfunctional adipose tissue', 'Inflammation'), ('Coordination', 'Ability to engage in physical activity'), ('Obesity', 'Short sleep duration'), ('Inflammation', 'Asthma'), ('Coronary heart diseases', 'Dyspnea'), ('Tiredness', 'Ability to engage in physical activity'), ('Short sleep duration', 'Heart rate'), ('Blood fatty acid level', 'Blood glucose level'), ('Pro-inflammatory cytokines', 'Inflammation'), ('Respiratory muscle fatigue', 'Dyspnea'), ('Heart rate', 'Coronary heart diseases'), ('Medications', 'Coordination'), ('Beta blockers', 'Ability to engage in physical activity'), ('Sodium intake', 'Blood pressure'), ('Airway resistance', 'Asthma-like symptoms'), ('Medications', 'Concentration'), ('Cells intake of fatty acids', 'Adipose storage of fatty acids'), ('Physical pain', 'Ability to engage in physical activity'), ('Concentration', 'Ability to engage in physical activity'), ('Obesity', 'Release of adipokines'), ('Blood glucose level', 'Sodium retention'), ('Stimulants', 'Short sleep duration'), ('Obesity', 'Dysfunctional adipose tissue'), ('Medications', 'Tiredness'), ('Inflammation', 'Insulin resistance'), ('Inflammation', 'Auto-inflammatory diseases'), ('Blood fatty acid level', 'Adipose storage of fatty acids'), ('Dysfunctional adipose tissue', 'Blood pressure'), ('Dysfunctional adipose tissue', 'Dyslipidemia'), ('Obesity', 'Unhealthy weight control practices'), ('Obesity', 'Asthma-like symptoms'), ('Dyslipidemia', 'Atherosclerosis')]","[('Prevalence of walking trails', 'Quality of the sport infrastructure'), ('Medications', 'Balance'), ('Culture of eating that promotes healthy choices', 'Physical well-being'), ('Secretion of inflammatory molecules by adipose cells', 'Insulin resistance'), ('Presence of a vibrant community', 'Control'), ('Obesity', 'Weight bias'), ('Healthy eating', 'Blood mono-unsaturated fatty acid level'), ('Exercise', 'Heart rate'), ('Available time', 'Recreational physical activity'), ('Chronic conditions', 'Depression'), ('Exercise', 'Insulin resistance'), ('Weight bias', 'Socio-economic status'), ('Mental well-being', 'Physical well-being'), ('Obesity', 'Obstructive sleep apnea'), ('Eating disorders', 'Healthy eating'), ('Consumer demand for regulations', 'Marketing of healthy foods'), ('Dyslipidemia', 'Blood pressure'), ('Obesity', 'Gastro-esophageal reflux disease'), ('Perceived environmental safety', 'Mental well-being'), ('Late night TV watching', 'Short sleep duration'), ('Auto-inflammatory diseases', 'Inflammation'), ('Depression', 'Healthy eating'), ('Socio-economic status', 'Stress'), ('Exercise', 'Blood glucose level'), ('Public support and demand for healthy products', 'Marketing of healthy foods'), ('Unhealthy foods are cheaper than healthy ones', 'Supportive food environment'), ('Control', 'Mental well-being'), ('Atherosclerosis', 'Coronary heart diseases'), ('Socio-economic status', 'Physical well-being'), ('Ability to engage in physical activity', 'Physical activity'), ('Public health messaging around thinness', 'Weight bias'), ('Public support and demand for healthy products', 'Availability of healthy foods'), ('Release of adipokines', 'Atherosclerosis'), ('Consumer demand for regulations', 'Marketing of unhealthy foods'), ('Resilience', 'Mental well-being'), ('Blood mono-unsaturated fatty acid level', 'Secretion of inflammatory molecules by adipose cells'), ('Medical perspective that thin is good', 'Public health messaging around thinness'), ('Mental well-being', 'Medications'), ('Sexual difficulties', 'Mental well-being'), ('Insulin resistance', 'Fatty acids in the artery walls'), ('Insulin resistance', 'Cells intake of fatty acids'), ('Sidewalk prevalence and maintenance', 'Utilitarian physical activity '), ('Adipose storage of fatty acids', 'Inflammation'), ('Socio-economic status', 'Exercise'), ('Thoracic and abdominal obesity', 'Airway resistance'), ('Healthy eating', 'Short sleep duration'), ('Perceived environmental safety', 'Physical well-being'), ('Weight bias', 'Depression'), ('Emotional eating', 'Mental well-being'), ('Late night TV watching', 'Healthy eating'), ('Control', 'Stress'), ('Aesthetics', 'Physical well-being'), ('Economic incentives to produce unhealthy food products', 'Cost of unhealthy foods'), ('Supportive food environment', 'Healthy eating'), ('Appetite', 'Physical well-being'), ('Thoracic and abdominal obesity', 'Respiratory muscle fatigue'), ('Cardiovascular diseases', 'Fear of engaging in physical activity'), ('Socio-economic status', 'Mental well-being'), ('Unhealthy weight control practices', 'Obesity'), ('Exercise', 'Blood pressure'), ('Sodium retention', 'Blood pressure'), ('Short sleep duration', 'Pro-inflammatory cytokines'), ('Medications', 'Obesity'), ('Short sleep duration', 'Appetite'), ('Balance', 'Ability to engage in physical activity'), ('Short sleep duration', 'Cortisol'), ('Airway resistance', 'Asthma'), ('Short sleep duration', 'Blood pressure'), ('Medical perspective that thin is good', 'Cultural norms around thinness'), ('Healthy eating', 'Blood glucose level'), ('Mental well-being', 'Anticonvulsants'), ('Fatty acids in the artery walls', 'Atherosclerosis'), ('Dyslipidemia', 'Insulin resistance'), ('Blood glucose level', 'Fatty acids in the artery walls'), ('Respiratory diseases', 'Ability to engage in physical activity'), ('Blood saturated fatty acid level', 'Secretion of inflammatory molecules by adipose cells'), ('Dysfunctional adipose tissue', 'Inflammation'), ('Weight bias', 'Mental well-being'), ('Coordination', 'Ability to engage in physical activity'), ('Cultural norms around thinness', 'Cultural norms around thinness'), ('Cultural norms around thinness', 'Poor body image'), ('Obesity', 'Short sleep duration'), ('Inflammation', 'Asthma'), ('Healthy eating', 'Sodium intake'), ('Cultural norms around thinness', 'Eating disorders'), ('Poor body image', 'Sexual difficulties'), ('Fear of engaging in physical activity', 'Physical activity'), ('Short sleep duration', 'Healthy eating'), ('Coronary heart diseases', 'Dyspnea'), ('Stress', 'Inflammation'), ('Weight bias', 'Stress'), ('Unhealthy weight control practices', 'Eating disorders'), ('Tiredness', 'Ability to engage in physical activity'), ('Short sleep duration', 'Heart rate'), ('Prevalence of bike trails', 'Quality of the sport infrastructure'), ('Exercise', 'Blood fatty acid level'), ('Mental well-being', 'Emotional eating'), ('Poor body image', 'Poor body image'), ('Blood fatty acid level', 'Blood glucose level'), ('Cardiovascular diseases', 'Depression'), ('Pro-inflammatory cytokines', 'Inflammation'), ('Prevalence of green fields', 'Quality of the sport infrastructure'), ('Mental well-being', 'Antipsychotics'), ('Socio-economic status', 'Control'), ('Weight bias', 'Poor body image'), ('Positive experience of sports', 'Recreational physical activity'), ('Public support and demand for healthy products', 'Cost of healthy foods'), ('Socio-economic status', 'Availability of healthy foods'), ('Cardiovascular diseases', 'Physical well-being'), ('Respiratory muscle fatigue', 'Dyspnea'), ('Heart rate', 'Coronary heart diseases'), ('Pressure to be thin', 'Poor body image'), ('Medications', 'Coordination'), ('Beta blockers', 'Ability to engage in physical activity'), ('Antipsychotics', 'Appetite'), ('Sodium intake', 'Blood pressure'), ('Pressure to be thin', 'Unhealthy weight control practices'), ('Airway resistance', 'Asthma-like symptoms'), ('Depression', 'Stress'), ('Medications', 'Concentration'), ('Public support and demand for healthy products', 'Marketing of unhealthy foods'), ('Poor body image', 'Eating disorders'), ('Emotional eating', 'Healthy eating'), ('Obesity', 'Access to health professionals'), ('Obesity', 'Mental well-being'), ('Unhealthy foods are more available than healthy ones', 'Supportive food environment'), ('Healthy eating', 'Blood saturated fatty acid level'), ('Presence of a vibrant community', 'Resilience'), ('Cells intake of fatty acids', 'Adipose storage of fatty acids'), ('Physical activity', 'Physical well-being'), ('Appetite', 'Healthy eating'), ('Aesthetics', 'Stress'), ('Chronic conditions', 'Mental well-being'), ('Weight bias', 'Positive experience of sports'), ('Healthy eating', 'Dyslipidemia'), ('Quality of the sport infrastructure', 'Recreational physical activity'), ('Physical pain', 'Ability to engage in physical activity'), ('Prevalence of green fields', 'Aesthetics'), ('Concentration', 'Ability to engage in physical activity'), ('Aesthetics', 'Mental well-being'), ('Poor body image', 'Depression'), ('Chronic conditions', 'Physical well-being'), ('Obesity', 'Release of adipokines'), ('Blood glucose level', 'Sodium retention'), ('Restrictive covenants', 'Availability of healthy foods'), ('Musculoskeletal pain', 'Mental well-being'), ('Weight bias', 'Unhealthy weight control practices'), ('Physical activity', 'Mental well-being'), ('Access to health professionals', 'Ability to engage in physical activity'), ('Stimulants', 'Short sleep duration'), ('Culture of eating that promotes healthy choices', 'Healthy eating'), ('Culture of eating that promotes healthy choices', 'Mental well-being'), ('Weight bias', 'Exercise'), ('Obesity', 'Dysfunctional adipose tissue'), ('Medications', 'Tiredness'), ('Inflammation', 'Insulin resistance'), ('Anticonvulsants', 'Appetite'), ('Inflammation', 'Auto-inflammatory diseases'), ('Accessibility to shops', 'Utilitarian physical activity '), ('Blood fatty acid level', 'Adipose storage of fatty acids'), ('Perceived environmental safety', 'Physical activity'), ('Short sleep duration', 'Physical well-being'), ('Cultural norms around thinness', 'Pressure to be thin'), ('Weight bias', 'Access to health professionals'), ('Public health messaging around thinness', 'Pressure to be thin'), ('Dysfunctional adipose tissue', 'Blood pressure'), ('Dysfunctional adipose tissue', 'Dyslipidemia'), ('Aesthetics', 'Utilitarian physical activity '), ('Obesity', 'Unhealthy weight control practices'), ('Obesity', 'Asthma-like symptoms'), ('Marketing ratio of unhealthy to healthy foods', 'Supportive food environment'), ('Dyslipidemia', 'Atherosclerosis'), ('Physical well-being', 'Mental well-being'), ('Public support and demand for healthy products', 'Cost of unhealthy foods'), ('Musculoskeletal pain', 'Physical well-being'), ('Coronary heart diseases', 'Exercise')]"
3,"[('Resilience', 'Blood pressure'), ('Depression', 'Blood glucose level'), ('Medical perspective that thin is good', 'Blood glucose level'), ('Public health messaging around thinness', 'Blood pressure'), ('Control', 'Blood glucose level'), ('Physical well-being', 'Blood pressure'), ('Culture of eating that promotes healthy choices', 'Blood pressure'), ('Poor body image', 'Blood pressure'), ('Mental well-being', 'Ability to engage in physical activity'), ('Depression', 'Inflammation'), ('Cultural norms around thinness', 'Blood glucose level'), ('Depression', 'Blood pressure'), ('Medical perspective that thin is good', 'Blood pressure'), ('Control', 'Blood pressure'), ('Pressure to be thin', 'Blood glucose level'), ('Mental well-being', 'Blood glucose level'), ('Stress', 'Blood glucose level'), ('Depression', 'Short sleep duration'), ('Cultural norms around thinness', 'Blood pressure'), ('Stress', 'Inflammation'), ('Resilience', 'Balance'), ('Weight bias', 'Blood glucose level'), ('Pressure to be thin', 'Blood pressure'), ('Socio-economic status', 'Blood glucose level'), ('Mental well-being', 'Blood pressure'), ('Stress', 'Blood pressure'), ('Poor body image', 'Unhealthy weight control practices'), ('Physical well-being', 'Ability to engage in physical activity'), ('Socio-economic status', 'Medications'), ('Resilience', 'Blood glucose level'), ('Weight bias', 'Blood pressure'), ('Stress', 'Short sleep duration'), ('Socio-economic status', 'Blood pressure'), ('Physical well-being', 'Blood glucose level'), ('Public health messaging around thinness', 'Blood glucose level'), ('Control', 'Balance'), ('Culture of eating that promotes healthy choices', 'Blood glucose level'), ('Poor body image', 'Blood glucose level')]",-1,-1,1,1,-1,"[('Culture of eating that promotes healthy choices', 'Physical well-being'), ('Weight bias', 'Socio-economic status'), ('Mental well-being', 'Physical well-being'), ('Socio-economic status', 'Stress'), ('Control', 'Mental well-being'), ('Socio-economic status', 'Physical well-being'), ('Public health messaging around thinness', 'Weight bias'), ('Resilience', 'Mental well-being'), ('Medical perspective that thin is good', 'Public health messaging around thinness'), ('Weight bias', 'Depression'), ('Control', 'Stress'), ('Socio-economic status', 'Mental well-being'), ('Medical perspective that thin is good', 'Cultural norms around thinness'), ('Weight bias', 'Mental well-being'), ('Cultural norms around thinness', 'Cultural norms around thinness'), ('Cultural norms around thinness', 'Poor body image'), ('Weight bias', 'Stress'), ('Poor body image', 'Poor body image'), ('Socio-economic status', 'Control'), ('Weight bias', 'Poor body image'), ('Pressure to be thin', 'Poor body image'), ('Depression', 'Stress'), ('Poor body image', 'Depression'), ('Culture of eating that promotes healthy choices', 'Mental well-being'), ('Cultural norms around thinness', 'Pressure to be thin'), ('Public health messaging around thinness', 'Pressure to be thin'), ('Physical well-being', 'Mental well-being')]","[('Medications', 'Balance'), ('Secretion of inflammatory molecules by adipose cells', 'Insulin resistance'), ('Obesity', 'Obstructive sleep apnea'), ('Dyslipidemia', 'Blood pressure'), ('Obesity', 'Gastro-esophageal reflux disease'), ('Auto-inflammatory diseases', 'Inflammation'), ('Atherosclerosis', 'Coronary heart diseases'), ('Release of adipokines', 'Atherosclerosis'), ('Blood mono-unsaturated fatty acid level', 'Secretion of inflammatory molecules by adipose cells'), ('Insulin resistance', 'Fatty acids in the artery walls'), ('Insulin resistance', 'Cells intake of fatty acids'), ('Adipose storage of fatty acids', 'Inflammation'), ('Thoracic and abdominal obesity', 'Airway resistance'), ('Thoracic and abdominal obesity', 'Respiratory muscle fatigue'), ('Unhealthy weight control practices', 'Obesity'), ('Sodium retention', 'Blood pressure'), ('Short sleep duration', 'Pro-inflammatory cytokines'), ('Medications', 'Obesity'), ('Balance', 'Ability to engage in physical activity'), ('Short sleep duration', 'Cortisol'), ('Airway resistance', 'Asthma'), ('Short sleep duration', 'Blood pressure'), ('Fatty acids in the artery walls', 'Atherosclerosis'), ('Dyslipidemia', 'Insulin resistance'), ('Blood glucose level', 'Fatty acids in the artery walls'), ('Respiratory diseases', 'Ability to engage in physical activity'), ('Blood saturated fatty acid level', 'Secretion of inflammatory molecules by adipose cells'), ('Dysfunctional adipose tissue', 'Inflammation'), ('Coordination', 'Ability to engage in physical activity'), ('Obesity', 'Short sleep duration'), ('Inflammation', 'Asthma'), ('Coronary heart diseases', 'Dyspnea'), ('Tiredness', 'Ability to engage in physical activity'), ('Short sleep duration', 'Heart rate'), ('Blood fatty acid level', 'Blood glucose level'), ('Pro-inflammatory cytokines', 'Inflammation'), ('Respiratory muscle fatigue', 'Dyspnea'), ('Heart rate', 'Coronary heart diseases'), ('Medications', 'Coordination'), ('Beta blockers', 'Ability to engage in physical activity'), ('Sodium intake', 'Blood pressure'), ('Airway resistance', 'Asthma-like symptoms'), ('Medications', 'Concentration'), ('Cells intake of fatty acids', 'Adipose storage of fatty acids'), ('Physical pain', 'Ability to engage in physical activity'), ('Concentration', 'Ability to engage in physical activity'), ('Obesity', 'Release of adipokines'), ('Blood glucose level', 'Sodium retention'), ('Stimulants', 'Short sleep duration'), ('Obesity', 'Dysfunctional adipose tissue'), ('Medications', 'Tiredness'), ('Inflammation', 'Insulin resistance'), ('Inflammation', 'Auto-inflammatory diseases'), ('Blood fatty acid level', 'Adipose storage of fatty acids'), ('Dysfunctional adipose tissue', 'Blood pressure'), ('Dysfunctional adipose tissue', 'Dyslipidemia'), ('Obesity', 'Unhealthy weight control practices'), ('Obesity', 'Asthma-like symptoms'), ('Dyslipidemia', 'Atherosclerosis')]","[('Prevalence of walking trails', 'Quality of the sport infrastructure'), ('Medications', 'Balance'), ('Culture of eating that promotes healthy choices', 'Physical well-being'), ('Secretion of inflammatory molecules by adipose cells', 'Insulin resistance'), ('Presence of a vibrant community', 'Control'), ('Obesity', 'Weight bias'), ('Healthy eating', 'Blood mono-unsaturated fatty acid level'), ('Exercise', 'Heart rate'), ('Available time', 'Recreational physical activity'), ('Chronic conditions', 'Depression'), ('Exercise', 'Insulin resistance'), ('Weight bias', 'Socio-economic status'), ('Mental well-being', 'Physical well-being'), ('Obesity', 'Obstructive sleep apnea'), ('Eating disorders', 'Healthy eating'), ('Consumer demand for regulations', 'Marketing of healthy foods'), ('Dyslipidemia', 'Blood pressure'), ('Obesity', 'Gastro-esophageal reflux disease'), ('Perceived environmental safety', 'Mental well-being'), ('Late night TV watching', 'Short sleep duration'), ('Auto-inflammatory diseases', 'Inflammation'), ('Depression', 'Healthy eating'), ('Socio-economic status', 'Stress'), ('Exercise', 'Blood glucose level'), ('Public support and demand for healthy products', 'Marketing of healthy foods'), ('Unhealthy foods are cheaper than healthy ones', 'Supportive food environment'), ('Control', 'Mental well-being'), ('Atherosclerosis', 'Coronary heart diseases'), ('Socio-economic status', 'Physical well-being'), ('Ability to engage in physical activity', 'Physical activity'), ('Public health messaging around thinness', 'Weight bias'), ('Public support and demand for healthy products', 'Availability of healthy foods'), ('Release of adipokines', 'Atherosclerosis'), ('Consumer demand for regulations', 'Marketing of unhealthy foods'), ('Resilience', 'Mental well-being'), ('Blood mono-unsaturated fatty acid level', 'Secretion of inflammatory molecules by adipose cells'), ('Medical perspective that thin is good', 'Public health messaging around thinness'), ('Mental well-being', 'Medications'), ('Sexual difficulties', 'Mental well-being'), ('Insulin resistance', 'Fatty acids in the artery walls'), ('Insulin resistance', 'Cells intake of fatty acids'), ('Sidewalk prevalence and maintenance', 'Utilitarian physical activity '), ('Adipose storage of fatty acids', 'Inflammation'), ('Socio-economic status', 'Exercise'), ('Thoracic and abdominal obesity', 'Airway resistance'), ('Healthy eating', 'Short sleep duration'), ('Perceived environmental safety', 'Physical well-being'), ('Weight bias', 'Depression'), ('Emotional eating', 'Mental well-being'), ('Late night TV watching', 'Healthy eating'), ('Control', 'Stress'), ('Aesthetics', 'Physical well-being'), ('Economic incentives to produce unhealthy food products', 'Cost of unhealthy foods'), ('Supportive food environment', 'Healthy eating'), ('Appetite', 'Physical well-being'), ('Thoracic and abdominal obesity', 'Respiratory muscle fatigue'), ('Cardiovascular diseases', 'Fear of engaging in physical activity'), ('Socio-economic status', 'Mental well-being'), ('Unhealthy weight control practices', 'Obesity'), ('Exercise', 'Blood pressure'), ('Sodium retention', 'Blood pressure'), ('Short sleep duration', 'Pro-inflammatory cytokines'), ('Medications', 'Obesity'), ('Short sleep duration', 'Appetite'), ('Balance', 'Ability to engage in physical activity'), ('Short sleep duration', 'Cortisol'), ('Airway resistance', 'Asthma'), ('Short sleep duration', 'Blood pressure'), ('Medical perspective that thin is good', 'Cultural norms around thinness'), ('Healthy eating', 'Blood glucose level'), ('Mental well-being', 'Anticonvulsants'), ('Fatty acids in the artery walls', 'Atherosclerosis'), ('Dyslipidemia', 'Insulin resistance'), ('Blood glucose level', 'Fatty acids in the artery walls'), ('Respiratory diseases', 'Ability to engage in physical activity'), ('Blood saturated fatty acid level', 'Secretion of inflammatory molecules by adipose cells'), ('Dysfunctional adipose tissue', 'Inflammation'), ('Weight bias', 'Mental well-being'), ('Coordination', 'Ability to engage in physical activity'), ('Cultural norms around thinness', 'Cultural norms around thinness'), ('Cultural norms around thinness', 'Poor body image'), ('Obesity', 'Short sleep duration'), ('Inflammation', 'Asthma'), ('Healthy eating', 'Sodium intake'), ('Cultural norms around thinness', 'Eating disorders'), ('Poor body image', 'Sexual difficulties'), ('Fear of engaging in physical activity', 'Physical activity'), ('Short sleep duration', 'Healthy eating'), ('Coronary heart diseases', 'Dyspnea'), ('Stress', 'Inflammation'), ('Weight bias', 'Stress'), ('Unhealthy weight control practices', 'Eating disorders'), ('Tiredness', 'Ability to engage in physical activity'), ('Short sleep duration', 'Heart rate'), ('Prevalence of bike trails', 'Quality of the sport infrastructure'), ('Exercise', 'Blood fatty acid level'), ('Mental well-being', 'Emotional eating'), ('Poor body image', 'Poor body image'), ('Blood fatty acid level', 'Blood glucose level'), ('Cardiovascular diseases', 'Depression'), ('Pro-inflammatory cytokines', 'Inflammation'), ('Prevalence of green fields', 'Quality of the sport infrastructure'), ('Mental well-being', 'Antipsychotics'), ('Socio-economic status', 'Control'), ('Weight bias', 'Poor body image'), ('Positive experience of sports', 'Recreational physical activity'), ('Public support and demand for healthy products', 'Cost of healthy foods'), ('Socio-economic status', 'Availability of healthy foods'), ('Cardiovascular diseases', 'Physical well-being'), ('Respiratory muscle fatigue', 'Dyspnea'), ('Heart rate', 'Coronary heart diseases'), ('Pressure to be thin', 'Poor body image'), ('Medications', 'Coordination'), ('Beta blockers', 'Ability to engage in physical activity'), ('Antipsychotics', 'Appetite'), ('Sodium intake', 'Blood pressure'), ('Pressure to be thin', 'Unhealthy weight control practices'), ('Airway resistance', 'Asthma-like symptoms'), ('Depression', 'Stress'), ('Medications', 'Concentration'), ('Public support and demand for healthy products', 'Marketing of unhealthy foods'), ('Poor body image', 'Eating disorders'), ('Emotional eating', 'Healthy eating'), ('Obesity', 'Access to health professionals'), ('Obesity', 'Mental well-being'), ('Unhealthy foods are more available than healthy ones', 'Supportive food environment'), ('Healthy eating', 'Blood saturated fatty acid level'), ('Presence of a vibrant community', 'Resilience'), ('Cells intake of fatty acids', 'Adipose storage of fatty acids'), ('Physical activity', 'Physical well-being'), ('Appetite', 'Healthy eating'), ('Aesthetics', 'Stress'), ('Chronic conditions', 'Mental well-being'), ('Weight bias', 'Positive experience of sports'), ('Healthy eating', 'Dyslipidemia'), ('Quality of the sport infrastructure', 'Recreational physical activity'), ('Physical pain', 'Ability to engage in physical activity'), ('Prevalence of green fields', 'Aesthetics'), ('Concentration', 'Ability to engage in physical activity'), ('Aesthetics', 'Mental well-being'), ('Poor body image', 'Depression'), ('Chronic conditions', 'Physical well-being'), ('Obesity', 'Release of adipokines'), ('Blood glucose level', 'Sodium retention'), ('Restrictive covenants', 'Availability of healthy foods'), ('Musculoskeletal pain', 'Mental well-being'), ('Weight bias', 'Unhealthy weight control practices'), ('Physical activity', 'Mental well-being'), ('Access to health professionals', 'Ability to engage in physical activity'), ('Stimulants', 'Short sleep duration'), ('Culture of eating that promotes healthy choices', 'Healthy eating'), ('Culture of eating that promotes healthy choices', 'Mental well-being'), ('Weight bias', 'Exercise'), ('Obesity', 'Dysfunctional adipose tissue'), ('Medications', 'Tiredness'), ('Inflammation', 'Insulin resistance'), ('Anticonvulsants', 'Appetite'), ('Inflammation', 'Auto-inflammatory diseases'), ('Accessibility to shops', 'Utilitarian physical activity '), ('Blood fatty acid level', 'Adipose storage of fatty acids'), ('Perceived environmental safety', 'Physical activity'), ('Short sleep duration', 'Physical well-being'), ('Cultural norms around thinness', 'Pressure to be thin'), ('Weight bias', 'Access to health professionals'), ('Public health messaging around thinness', 'Pressure to be thin'), ('Dysfunctional adipose tissue', 'Blood pressure'), ('Dysfunctional adipose tissue', 'Dyslipidemia'), ('Aesthetics', 'Utilitarian physical activity '), ('Obesity', 'Unhealthy weight control practices'), ('Obesity', 'Asthma-like symptoms'), ('Marketing ratio of unhealthy to healthy foods', 'Supportive food environment'), ('Dyslipidemia', 'Atherosclerosis'), ('Physical well-being', 'Mental well-being'), ('Public support and demand for healthy products', 'Cost of unhealthy foods'), ('Musculoskeletal pain', 'Physical well-being'), ('Coronary heart diseases', 'Exercise')]"
4,"[('Resilience', 'Blood pressure'), ('Depression', 'Blood glucose level'), ('Medical perspective that thin is good', 'Blood glucose level'), ('Public health messaging around thinness', 'Blood pressure'), ('Control', 'Blood glucose level'), ('Physical well-being', 'Blood pressure'), ('Culture of eating that promotes healthy choices', 'Blood pressure'), ('Poor body image', 'Blood pressure'), ('Mental well-being', 'Ability to engage in physical activity'), ('Depression', 'Inflammation'), ('Cultural norms around thinness', 'Blood glucose level'), ('Depression', 'Blood pressure'), ('Medical perspective that thin is good', 'Blood pressure'), ('Control', 'Blood pressure'), ('Pressure to be thin', 'Blood glucose level'), ('Mental well-being', 'Blood glucose level'), ('Stress', 'Blood glucose level'), ('Depression', 'Short sleep duration'), ('Cultural norms around thinness', 'Blood pressure'), ('Stress', 'Inflammation'), ('Resilience', 'Balance'), ('Weight bias', 'Blood glucose level'), ('Pressure to be thin', 'Blood pressure'), ('Socio-economic status', 'Blood glucose level'), ('Mental well-being', 'Blood pressure'), ('Stress', 'Blood pressure'), ('Poor body image', 'Unhealthy weight control practices'), ('Physical well-being', 'Ability to engage in physical activity'), ('Socio-economic status', 'Medications'), ('Resilience', 'Blood glucose level'), ('Weight bias', 'Blood pressure'), ('Stress', 'Short sleep duration'), ('Socio-economic status', 'Blood pressure'), ('Physical well-being', 'Blood glucose level'), ('Public health messaging around thinness', 'Blood glucose level'), ('Control', 'Balance'), ('Culture of eating that promotes healthy choices', 'Blood glucose level'), ('Poor body image', 'Blood glucose level')]",-1,-1,1,1,-1,"[('Culture of eating that promotes healthy choices', 'Physical well-being'), ('Weight bias', 'Socio-economic status'), ('Mental well-being', 'Physical well-being'), ('Socio-economic status', 'Stress'), ('Control', 'Mental well-being'), ('Socio-economic status', 'Physical well-being'), ('Public health messaging around thinness', 'Weight bias'), ('Resilience', 'Mental well-being'), ('Medical perspective that thin is good', 'Public health messaging around thinness'), ('Weight bias', 'Depression'), ('Control', 'Stress'), ('Socio-economic status', 'Mental well-being'), ('Medical perspective that thin is good', 'Cultural norms around thinness'), ('Weight bias', 'Mental well-being'), ('Cultural norms around thinness', 'Cultural norms around thinness'), ('Cultural norms around thinness', 'Poor body image'), ('Weight bias', 'Stress'), ('Poor body image', 'Poor body image'), ('Socio-economic status', 'Control'), ('Weight bias', 'Poor body image'), ('Pressure to be thin', 'Poor body image'), ('Depression', 'Stress'), ('Poor body image', 'Depression'), ('Culture of eating that promotes healthy choices', 'Mental well-being'), ('Cultural norms around thinness', 'Pressure to be thin'), ('Public health messaging around thinness', 'Pressure to be thin'), ('Physical well-being', 'Mental well-being')]","[('Medications', 'Balance'), ('Secretion of inflammatory molecules by adipose cells', 'Insulin resistance'), ('Obesity', 'Obstructive sleep apnea'), ('Dyslipidemia', 'Blood pressure'), ('Obesity', 'Gastro-esophageal reflux disease'), ('Auto-inflammatory diseases', 'Inflammation'), ('Atherosclerosis', 'Coronary heart diseases'), ('Release of adipokines', 'Atherosclerosis'), ('Blood mono-unsaturated fatty acid level', 'Secretion of inflammatory molecules by adipose cells'), ('Insulin resistance', 'Fatty acids in the artery walls'), ('Insulin resistance', 'Cells intake of fatty acids'), ('Adipose storage of fatty acids', 'Inflammation'), ('Thoracic and abdominal obesity', 'Airway resistance'), ('Thoracic and abdominal obesity', 'Respiratory muscle fatigue'), ('Unhealthy weight control practices', 'Obesity'), ('Sodium retention', 'Blood pressure'), ('Short sleep duration', 'Pro-inflammatory cytokines'), ('Medications', 'Obesity'), ('Balance', 'Ability to engage in physical activity'), ('Short sleep duration', 'Cortisol'), ('Airway resistance', 'Asthma'), ('Short sleep duration', 'Blood pressure'), ('Fatty acids in the artery walls', 'Atherosclerosis'), ('Dyslipidemia', 'Insulin resistance'), ('Blood glucose level', 'Fatty acids in the artery walls'), ('Respiratory diseases', 'Ability to engage in physical activity'), ('Blood saturated fatty acid level', 'Secretion of inflammatory molecules by adipose cells'), ('Dysfunctional adipose tissue', 'Inflammation'), ('Coordination', 'Ability to engage in physical activity'), ('Obesity', 'Short sleep duration'), ('Inflammation', 'Asthma'), ('Coronary heart diseases', 'Dyspnea'), ('Tiredness', 'Ability to engage in physical activity'), ('Short sleep duration', 'Heart rate'), ('Blood fatty acid level', 'Blood glucose level'), ('Pro-inflammatory cytokines', 'Inflammation'), ('Respiratory muscle fatigue', 'Dyspnea'), ('Heart rate', 'Coronary heart diseases'), ('Medications', 'Coordination'), ('Beta blockers', 'Ability to engage in physical activity'), ('Sodium intake', 'Blood pressure'), ('Airway resistance', 'Asthma-like symptoms'), ('Medications', 'Concentration'), ('Cells intake of fatty acids', 'Adipose storage of fatty acids'), ('Physical pain', 'Ability to engage in physical activity'), ('Concentration', 'Ability to engage in physical activity'), ('Obesity', 'Release of adipokines'), ('Blood glucose level', 'Sodium retention'), ('Stimulants', 'Short sleep duration'), ('Obesity', 'Dysfunctional adipose tissue'), ('Medications', 'Tiredness'), ('Inflammation', 'Insulin resistance'), ('Inflammation', 'Auto-inflammatory diseases'), ('Blood fatty acid level', 'Adipose storage of fatty acids'), ('Dysfunctional adipose tissue', 'Blood pressure'), ('Dysfunctional adipose tissue', 'Dyslipidemia'), ('Obesity', 'Unhealthy weight control practices'), ('Obesity', 'Asthma-like symptoms'), ('Dyslipidemia', 'Atherosclerosis')]","[('Prevalence of walking trails', 'Quality of the sport infrastructure'), ('Medications', 'Balance'), ('Culture of eating that promotes healthy choices', 'Physical well-being'), ('Secretion of inflammatory molecules by adipose cells', 'Insulin resistance'), ('Presence of a vibrant community', 'Control'), ('Obesity', 'Weight bias'), ('Healthy eating', 'Blood mono-unsaturated fatty acid level'), ('Exercise', 'Heart rate'), ('Available time', 'Recreational physical activity'), ('Chronic conditions', 'Depression'), ('Exercise', 'Insulin resistance'), ('Weight bias', 'Socio-economic status'), ('Mental well-being', 'Physical well-being'), ('Obesity', 'Obstructive sleep apnea'), ('Eating disorders', 'Healthy eating'), ('Consumer demand for regulations', 'Marketing of healthy foods'), ('Dyslipidemia', 'Blood pressure'), ('Obesity', 'Gastro-esophageal reflux disease'), ('Perceived environmental safety', 'Mental well-being'), ('Late night TV watching', 'Short sleep duration'), ('Auto-inflammatory diseases', 'Inflammation'), ('Depression', 'Healthy eating'), ('Socio-economic status', 'Stress'), ('Exercise', 'Blood glucose level'), ('Public support and demand for healthy products', 'Marketing of healthy foods'), ('Unhealthy foods are cheaper than healthy ones', 'Supportive food environment'), ('Control', 'Mental well-being'), ('Atherosclerosis', 'Coronary heart diseases'), ('Socio-economic status', 'Physical well-being'), ('Ability to engage in physical activity', 'Physical activity'), ('Public health messaging around thinness', 'Weight bias'), ('Public support and demand for healthy products', 'Availability of healthy foods'), ('Release of adipokines', 'Atherosclerosis'), ('Consumer demand for regulations', 'Marketing of unhealthy foods'), ('Resilience', 'Mental well-being'), ('Blood mono-unsaturated fatty acid level', 'Secretion of inflammatory molecules by adipose cells'), ('Medical perspective that thin is good', 'Public health messaging around thinness'), ('Mental well-being', 'Medications'), ('Sexual difficulties', 'Mental well-being'), ('Insulin resistance', 'Fatty acids in the artery walls'), ('Insulin resistance', 'Cells intake of fatty acids'), ('Sidewalk prevalence and maintenance', 'Utilitarian physical activity '), ('Adipose storage of fatty acids', 'Inflammation'), ('Socio-economic status', 'Exercise'), ('Thoracic and abdominal obesity', 'Airway resistance'), ('Healthy eating', 'Short sleep duration'), ('Perceived environmental safety', 'Physical well-being'), ('Weight bias', 'Depression'), ('Emotional eating', 'Mental well-being'), ('Late night TV watching', 'Healthy eating'), ('Control', 'Stress'), ('Aesthetics', 'Physical well-being'), ('Economic incentives to produce unhealthy food products', 'Cost of unhealthy foods'), ('Supportive food environment', 'Healthy eating'), ('Appetite', 'Physical well-being'), ('Thoracic and abdominal obesity', 'Respiratory muscle fatigue'), ('Cardiovascular diseases', 'Fear of engaging in physical activity'), ('Socio-economic status', 'Mental well-being'), ('Unhealthy weight control practices', 'Obesity'), ('Exercise', 'Blood pressure'), ('Sodium retention', 'Blood pressure'), ('Short sleep duration', 'Pro-inflammatory cytokines'), ('Medications', 'Obesity'), ('Short sleep duration', 'Appetite'), ('Balance', 'Ability to engage in physical activity'), ('Short sleep duration', 'Cortisol'), ('Airway resistance', 'Asthma'), ('Short sleep duration', 'Blood pressure'), ('Medical perspective that thin is good', 'Cultural norms around thinness'), ('Healthy eating', 'Blood glucose level'), ('Mental well-being', 'Anticonvulsants'), ('Fatty acids in the artery walls', 'Atherosclerosis'), ('Dyslipidemia', 'Insulin resistance'), ('Blood glucose level', 'Fatty acids in the artery walls'), ('Respiratory diseases', 'Ability to engage in physical activity'), ('Blood saturated fatty acid level', 'Secretion of inflammatory molecules by adipose cells'), ('Dysfunctional adipose tissue', 'Inflammation'), ('Weight bias', 'Mental well-being'), ('Coordination', 'Ability to engage in physical activity'), ('Cultural norms around thinness', 'Cultural norms around thinness'), ('Cultural norms around thinness', 'Poor body image'), ('Obesity', 'Short sleep duration'), ('Inflammation', 'Asthma'), ('Healthy eating', 'Sodium intake'), ('Cultural norms around thinness', 'Eating disorders'), ('Poor body image', 'Sexual difficulties'), ('Fear of engaging in physical activity', 'Physical activity'), ('Short sleep duration', 'Healthy eating'), ('Coronary heart diseases', 'Dyspnea'), ('Stress', 'Inflammation'), ('Weight bias', 'Stress'), ('Unhealthy weight control practices', 'Eating disorders'), ('Tiredness', 'Ability to engage in physical activity'), ('Short sleep duration', 'Heart rate'), ('Prevalence of bike trails', 'Quality of the sport infrastructure'), ('Exercise', 'Blood fatty acid level'), ('Mental well-being', 'Emotional eating'), ('Poor body image', 'Poor body image'), ('Blood fatty acid level', 'Blood glucose level'), ('Cardiovascular diseases', 'Depression'), ('Pro-inflammatory cytokines', 'Inflammation'), ('Prevalence of green fields', 'Quality of the sport infrastructure'), ('Mental well-being', 'Antipsychotics'), ('Socio-economic status', 'Control'), ('Weight bias', 'Poor body image'), ('Positive experience of sports', 'Recreational physical activity'), ('Public support and demand for healthy products', 'Cost of healthy foods'), ('Socio-economic status', 'Availability of healthy foods'), ('Cardiovascular diseases', 'Physical well-being'), ('Respiratory muscle fatigue', 'Dyspnea'), ('Heart rate', 'Coronary heart diseases'), ('Pressure to be thin', 'Poor body image'), ('Medications', 'Coordination'), ('Beta blockers', 'Ability to engage in physical activity'), ('Antipsychotics', 'Appetite'), ('Sodium intake', 'Blood pressure'), ('Pressure to be thin', 'Unhealthy weight control practices'), ('Airway resistance', 'Asthma-like symptoms'), ('Depression', 'Stress'), ('Medications', 'Concentration'), ('Public support and demand for healthy products', 'Marketing of unhealthy foods'), ('Poor body image', 'Eating disorders'), ('Emotional eating', 'Healthy eating'), ('Obesity', 'Access to health professionals'), ('Obesity', 'Mental well-being'), ('Unhealthy foods are more available than healthy ones', 'Supportive food environment'), ('Healthy eating', 'Blood saturated fatty acid level'), ('Presence of a vibrant community', 'Resilience'), ('Cells intake of fatty acids', 'Adipose storage of fatty acids'), ('Physical activity', 'Physical well-being'), ('Appetite', 'Healthy eating'), ('Aesthetics', 'Stress'), ('Chronic conditions', 'Mental well-being'), ('Weight bias', 'Positive experience of sports'), ('Healthy eating', 'Dyslipidemia'), ('Quality of the sport infrastructure', 'Recreational physical activity'), ('Physical pain', 'Ability to engage in physical activity'), ('Prevalence of green fields', 'Aesthetics'), ('Concentration', 'Ability to engage in physical activity'), ('Aesthetics', 'Mental well-being'), ('Poor body image', 'Depression'), ('Chronic conditions', 'Physical well-being'), ('Obesity', 'Release of adipokines'), ('Blood glucose level', 'Sodium retention'), ('Restrictive covenants', 'Availability of healthy foods'), ('Musculoskeletal pain', 'Mental well-being'), ('Weight bias', 'Unhealthy weight control practices'), ('Physical activity', 'Mental well-being'), ('Access to health professionals', 'Ability to engage in physical activity'), ('Stimulants', 'Short sleep duration'), ('Culture of eating that promotes healthy choices', 'Healthy eating'), ('Culture of eating that promotes healthy choices', 'Mental well-being'), ('Weight bias', 'Exercise'), ('Obesity', 'Dysfunctional adipose tissue'), ('Medications', 'Tiredness'), ('Inflammation', 'Insulin resistance'), ('Anticonvulsants', 'Appetite'), ('Inflammation', 'Auto-inflammatory diseases'), ('Accessibility to shops', 'Utilitarian physical activity '), ('Blood fatty acid level', 'Adipose storage of fatty acids'), ('Perceived environmental safety', 'Physical activity'), ('Short sleep duration', 'Physical well-being'), ('Cultural norms around thinness', 'Pressure to be thin'), ('Weight bias', 'Access to health professionals'), ('Public health messaging around thinness', 'Pressure to be thin'), ('Dysfunctional adipose tissue', 'Blood pressure'), ('Dysfunctional adipose tissue', 'Dyslipidemia'), ('Aesthetics', 'Utilitarian physical activity '), ('Obesity', 'Unhealthy weight control practices'), ('Obesity', 'Asthma-like symptoms'), ('Marketing ratio of unhealthy to healthy foods', 'Supportive food environment'), ('Dyslipidemia', 'Atherosclerosis'), ('Physical well-being', 'Mental well-being'), ('Public support and demand for healthy products', 'Cost of unhealthy foods'), ('Musculoskeletal pain', 'Physical well-being'), ('Coronary heart diseases', 'Exercise')]"
0,"[('Resilience', 'Heart rate'), ('Culture of eating that promotes healthy choices', 'Adipose storage of fatty acids'), ('Weight bias', 'Dyslipidemia'), ('Mental well-being', 'Concentration'), ('Pressure to be thin', 'Physical pain'), ('Socio-economic status', 'Short sleep duration'), ('Poor body image', 'Inflammation'), ('Cultural norms around thinness', 'Unhealthy weight control practices'), ('Control', 'Ability to engage in physical activity'), ('Stress', 'Cortisol'), ('Physical well-being', 'Blood pressure'), ('Depression', 'Insulin resistance')]",-1,-1,1,-1,-1,"[('Culture of eating that promotes healthy choices', 'Physical well-being'), ('Weight bias', 'Socio-economic status'), ('Mental well-being', 'Physical well-being'), ('Socio-economic status', 'Stress'), ('Control', 'Mental well-being'), ('Socio-economic status', 'Physical well-being'), ('Public health messaging around thinness', 'Weight bias'), ('Resilience', 'Mental well-being'), ('Medical perspective that thin is good', 'Public health messaging around thinness'), ('Weight bias', 'Depression'), ('Control', 'Stress'), ('Socio-economic status', 'Mental well-being'), ('Medical perspective that thin is good', 'Cultural norms around thinness'), ('Weight bias', 'Mental well-being'), ('Cultural norms around thinness', 'Cultural norms around thinness'), ('Cultural norms around thinness', 'Poor body image'), ('Weight bias', 'Stress'), ('Poor body image', 'Poor body image'), ('Socio-economic status', 'Control'), ('Weight bias', 'Poor body image'), ('Pressure to be thin', 'Poor body image'), ('Depression', 'Stress'), ('Poor body image', 'Depression'), ('Culture of eating that promotes healthy choices', 'Mental well-being'), ('Cultural norms around thinness', 'Pressure to be thin'), ('Public health messaging around thinness', 'Pressure to be thin'), ('Physical well-being', 'Mental well-being')]","[('Medications', 'Balance'), ('Secretion of inflammatory molecules by adipose cells', 'Insulin resistance'), ('Obesity', 'Obstructive sleep apnea'), ('Dyslipidemia', 'Blood pressure'), ('Obesity', 'Gastro-esophageal reflux disease'), ('Auto-inflammatory diseases', 'Inflammation'), ('Atherosclerosis', 'Coronary heart diseases'), ('Release of adipokines', 'Atherosclerosis'), ('Blood mono-unsaturated fatty acid level', 'Secretion of inflammatory molecules by adipose cells'), ('Insulin resistance', 'Fatty acids in the artery walls'), ('Insulin resistance', 'Cells intake of fatty acids'), ('Adipose storage of fatty acids', 'Inflammation'), ('Thoracic and abdominal obesity', 'Airway resistance'), ('Thoracic and abdominal obesity', 'Respiratory muscle fatigue'), ('Unhealthy weight control practices', 'Obesity'), ('Sodium retention', 'Blood pressure'), ('Short sleep duration', 'Pro-inflammatory cytokines'), ('Medications', 'Obesity'), ('Balance', 'Ability to engage in physical activity'), ('Short sleep duration', 'Cortisol'), ('Airway resistance', 'Asthma'), ('Short sleep duration', 'Blood pressure'), ('Fatty acids in the artery walls', 'Atherosclerosis'), ('Dyslipidemia', 'Insulin resistance'), ('Blood glucose level', 'Fatty acids in the artery walls'), ('Respiratory diseases', 'Ability to engage in physical activity'), ('Blood saturated fatty acid level', 'Secretion of inflammatory molecules by adipose cells'), ('Dysfunctional adipose tissue', 'Inflammation'), ('Coordination', 'Ability to engage in physical activity'), ('Obesity', 'Short sleep duration'), ('Inflammation', 'Asthma'), ('Coronary heart diseases', 'Dyspnea'), ('Tiredness', 'Ability to engage in physical activity'), ('Short sleep duration', 'Heart rate'), ('Blood fatty acid level', 'Blood glucose level'), ('Pro-inflammatory cytokines', 'Inflammation'), ('Respiratory muscle fatigue', 'Dyspnea'), ('Heart rate', 'Coronary heart diseases'), ('Medications', 'Coordination'), ('Beta blockers', 'Ability to engage in physical activity'), ('Sodium intake', 'Blood pressure'), ('Airway resistance', 'Asthma-like symptoms'), ('Medications', 'Concentration'), ('Cells intake of fatty acids', 'Adipose storage of fatty acids'), ('Physical pain', 'Ability to engage in physical activity'), ('Concentration', 'Ability to engage in physical activity'), ('Obesity', 'Release of adipokines'), ('Blood glucose level', 'Sodium retention'), ('Stimulants', 'Short sleep duration'), ('Obesity', 'Dysfunctional adipose tissue'), ('Medications', 'Tiredness'), ('Inflammation', 'Insulin resistance'), ('Inflammation', 'Auto-inflammatory diseases'), ('Blood fatty acid level', 'Adipose storage of fatty acids'), ('Dysfunctional adipose tissue', 'Blood pressure'), ('Dysfunctional adipose tissue', 'Dyslipidemia'), ('Obesity', 'Unhealthy weight control practices'), ('Obesity', 'Asthma-like symptoms'), ('Dyslipidemia', 'Atherosclerosis')]","[('Prevalence of walking trails', 'Quality of the sport infrastructure'), ('Medications', 'Balance'), ('Culture of eating that promotes healthy choices', 'Physical well-being'), ('Secretion of inflammatory molecules by adipose cells', 'Insulin resistance'), ('Presence of a vibrant community', 'Control'), ('Obesity', 'Weight bias'), ('Healthy eating', 'Blood mono-unsaturated fatty acid level'), ('Exercise', 'Heart rate'), ('Available time', 'Recreational physical activity'), ('Chronic conditions', 'Depression'), ('Exercise', 'Insulin resistance'), ('Weight bias', 'Socio-economic status'), ('Mental well-being', 'Physical well-being'), ('Obesity', 'Obstructive sleep apnea'), ('Eating disorders', 'Healthy eating'), ('Consumer demand for regulations', 'Marketing of healthy foods'), ('Dyslipidemia', 'Blood pressure'), ('Obesity', 'Gastro-esophageal reflux disease'), ('Perceived environmental safety', 'Mental well-being'), ('Late night TV watching', 'Short sleep duration'), ('Auto-inflammatory diseases', 'Inflammation'), ('Depression', 'Healthy eating'), ('Socio-economic status', 'Stress'), ('Exercise', 'Blood glucose level'), ('Public support and demand for healthy products', 'Marketing of healthy foods'), ('Unhealthy foods are cheaper than healthy ones', 'Supportive food environment'), ('Control', 'Mental well-being'), ('Atherosclerosis', 'Coronary heart diseases'), ('Socio-economic status', 'Physical well-being'), ('Ability to engage in physical activity', 'Physical activity'), ('Public health messaging around thinness', 'Weight bias'), ('Public support and demand for healthy products', 'Availability of healthy foods'), ('Release of adipokines', 'Atherosclerosis'), ('Consumer demand for regulations', 'Marketing of unhealthy foods'), ('Resilience', 'Mental well-being'), ('Blood mono-unsaturated fatty acid level', 'Secretion of inflammatory molecules by adipose cells'), ('Medical perspective that thin is good', 'Public health messaging around thinness'), ('Mental well-being', 'Medications'), ('Sexual difficulties', 'Mental well-being'), ('Insulin resistance', 'Fatty acids in the artery walls'), ('Insulin resistance', 'Cells intake of fatty acids'), ('Sidewalk prevalence and maintenance', 'Utilitarian physical activity '), ('Adipose storage of fatty acids', 'Inflammation'), ('Socio-economic status', 'Exercise'), ('Thoracic and abdominal obesity', 'Airway resistance'), ('Healthy eating', 'Short sleep duration'), ('Perceived environmental safety', 'Physical well-being'), ('Weight bias', 'Depression'), ('Emotional eating', 'Mental well-being'), ('Late night TV watching', 'Healthy eating'), ('Control', 'Stress'), ('Aesthetics', 'Physical well-being'), ('Economic incentives to produce unhealthy food products', 'Cost of unhealthy foods'), ('Supportive food environment', 'Healthy eating'), ('Appetite', 'Physical well-being'), ('Thoracic and abdominal obesity', 'Respiratory muscle fatigue'), ('Cardiovascular diseases', 'Fear of engaging in physical activity'), ('Socio-economic status', 'Mental well-being'), ('Unhealthy weight control practices', 'Obesity'), ('Exercise', 'Blood pressure'), ('Sodium retention', 'Blood pressure'), ('Short sleep duration', 'Pro-inflammatory cytokines'), ('Medications', 'Obesity'), ('Short sleep duration', 'Appetite'), ('Balance', 'Ability to engage in physical activity'), ('Short sleep duration', 'Cortisol'), ('Airway resistance', 'Asthma'), ('Short sleep duration', 'Blood pressure'), ('Medical perspective that thin is good', 'Cultural norms around thinness'), ('Healthy eating', 'Blood glucose level'), ('Mental well-being', 'Anticonvulsants'), ('Fatty acids in the artery walls', 'Atherosclerosis'), ('Dyslipidemia', 'Insulin resistance'), ('Blood glucose level', 'Fatty acids in the artery walls'), ('Respiratory diseases', 'Ability to engage in physical activity'), ('Blood saturated fatty acid level', 'Secretion of inflammatory molecules by adipose cells'), ('Dysfunctional adipose tissue', 'Inflammation'), ('Weight bias', 'Mental well-being'), ('Coordination', 'Ability to engage in physical activity'), ('Cultural norms around thinness', 'Cultural norms around thinness'), ('Cultural norms around thinness', 'Poor body image'), ('Obesity', 'Short sleep duration'), ('Inflammation', 'Asthma'), ('Healthy eating', 'Sodium intake'), ('Cultural norms around thinness', 'Eating disorders'), ('Poor body image', 'Sexual difficulties'), ('Fear of engaging in physical activity', 'Physical activity'), ('Short sleep duration', 'Healthy eating'), ('Coronary heart diseases', 'Dyspnea'), ('Stress', 'Inflammation'), ('Weight bias', 'Stress'), ('Unhealthy weight control practices', 'Eating disorders'), ('Tiredness', 'Ability to engage in physical activity'), ('Short sleep duration', 'Heart rate'), ('Prevalence of bike trails', 'Quality of the sport infrastructure'), ('Exercise', 'Blood fatty acid level'), ('Mental well-being', 'Emotional eating'), ('Poor body image', 'Poor body image'), ('Blood fatty acid level', 'Blood glucose level'), ('Cardiovascular diseases', 'Depression'), ('Pro-inflammatory cytokines', 'Inflammation'), ('Prevalence of green fields', 'Quality of the sport infrastructure'), ('Mental well-being', 'Antipsychotics'), ('Socio-economic status', 'Control'), ('Weight bias', 'Poor body image'), ('Positive experience of sports', 'Recreational physical activity'), ('Public support and demand for healthy products', 'Cost of healthy foods'), ('Socio-economic status', 'Availability of healthy foods'), ('Cardiovascular diseases', 'Physical well-being'), ('Respiratory muscle fatigue', 'Dyspnea'), ('Heart rate', 'Coronary heart diseases'), ('Pressure to be thin', 'Poor body image'), ('Medications', 'Coordination'), ('Beta blockers', 'Ability to engage in physical activity'), ('Antipsychotics', 'Appetite'), ('Sodium intake', 'Blood pressure'), ('Pressure to be thin', 'Unhealthy weight control practices'), ('Airway resistance', 'Asthma-like symptoms'), ('Depression', 'Stress'), ('Medications', 'Concentration'), ('Public support and demand for healthy products', 'Marketing of unhealthy foods'), ('Poor body image', 'Eating disorders'), ('Emotional eating', 'Healthy eating'), ('Obesity', 'Access to health professionals'), ('Obesity', 'Mental well-being'), ('Unhealthy foods are more available than healthy ones', 'Supportive food environment'), ('Healthy eating', 'Blood saturated fatty acid level'), ('Presence of a vibrant community', 'Resilience'), ('Cells intake of fatty acids', 'Adipose storage of fatty acids'), ('Physical activity', 'Physical well-being'), ('Appetite', 'Healthy eating'), ('Aesthetics', 'Stress'), ('Chronic conditions', 'Mental well-being'), ('Weight bias', 'Positive experience of sports'), ('Healthy eating', 'Dyslipidemia'), ('Quality of the sport infrastructure', 'Recreational physical activity'), ('Physical pain', 'Ability to engage in physical activity'), ('Prevalence of green fields', 'Aesthetics'), ('Concentration', 'Ability to engage in physical activity'), ('Aesthetics', 'Mental well-being'), ('Poor body image', 'Depression'), ('Chronic conditions', 'Physical well-being'), ('Obesity', 'Release of adipokines'), ('Blood glucose level', 'Sodium retention'), ('Restrictive covenants', 'Availability of healthy foods'), ('Musculoskeletal pain', 'Mental well-being'), ('Weight bias', 'Unhealthy weight control practices'), ('Physical activity', 'Mental well-being'), ('Access to health professionals', 'Ability to engage in physical activity'), ('Stimulants', 'Short sleep duration'), ('Culture of eating that promotes healthy choices', 'Healthy eating'), ('Culture of eating that promotes healthy choices', 'Mental well-being'), ('Weight bias', 'Exercise'), ('Obesity', 'Dysfunctional adipose tissue'), ('Medications', 'Tiredness'), ('Inflammation', 'Insulin resistance'), ('Anticonvulsants', 'Appetite'), ('Inflammation', 'Auto-inflammatory diseases'), ('Accessibility to shops', 'Utilitarian physical activity '), ('Blood fatty acid level', 'Adipose storage of fatty acids'), ('Perceived environmental safety', 'Physical activity'), ('Short sleep duration', 'Physical well-being'), ('Cultural norms around thinness', 'Pressure to be thin'), ('Weight bias', 'Access to health professionals'), ('Public health messaging around thinness', 'Pressure to be thin'), ('Dysfunctional adipose tissue', 'Blood pressure'), ('Dysfunctional adipose tissue', 'Dyslipidemia'), ('Aesthetics', 'Utilitarian physical activity '), ('Obesity', 'Unhealthy weight control practices'), ('Obesity', 'Asthma-like symptoms'), ('Marketing ratio of unhealthy to healthy foods', 'Supportive food environment'), ('Dyslipidemia', 'Atherosclerosis'), ('Physical well-being', 'Mental well-being'), ('Public support and demand for healthy products', 'Cost of unhealthy foods'), ('Musculoskeletal pain', 'Physical well-being'), ('Coronary heart diseases', 'Exercise')]"
1,"[('Resilience', 'Heart rate'), ('Culture of eating that promotes healthy choices', 'Adipose storage of fatty acids'), ('Weight bias', 'Dyslipidemia'), ('Mental well-being', 'Concentration'), ('Pressure to be thin', 'Physical pain'), ('Socio-economic status', 'Short sleep duration'), ('Poor body image', 'Inflammation'), ('Cultural norms around thinness', 'Unhealthy weight control practices'), ('Control', 'Ability to engage in physical activity'), ('Stress', 'Cortisol'), ('Physical well-being', 'Blood pressure'), ('Depression', 'Insulin resistance')]",-1,-1,1,-1,-1,"[('Culture of eating that promotes healthy choices', 'Physical well-being'), ('Weight bias', 'Socio-economic status'), ('Mental well-being', 'Physical well-being'), ('Socio-economic status', 'Stress'), ('Control', 'Mental well-being'), ('Socio-economic status', 'Physical well-being'), ('Public health messaging around thinness', 'Weight bias'), ('Resilience', 'Mental well-being'), ('Medical perspective that thin is good', 'Public health messaging around thinness'), ('Weight bias', 'Depression'), ('Control', 'Stress'), ('Socio-economic status', 'Mental well-being'), ('Medical perspective that thin is good', 'Cultural norms around thinness'), ('Weight bias', 'Mental well-being'), ('Cultural norms around thinness', 'Cultural norms around thinness'), ('Cultural norms around thinness', 'Poor body image'), ('Weight bias', 'Stress'), ('Poor body image', 'Poor body image'), ('Socio-economic status', 'Control'), ('Weight bias', 'Poor body image'), ('Pressure to be thin', 'Poor body image'), ('Depression', 'Stress'), ('Poor body image', 'Depression'), ('Culture of eating that promotes healthy choices', 'Mental well-being'), ('Cultural norms around thinness', 'Pressure to be thin'), ('Public health messaging around thinness', 'Pressure to be thin'), ('Physical well-being', 'Mental well-being')]","[('Medications', 'Balance'), ('Secretion of inflammatory molecules by adipose cells', 'Insulin resistance'), ('Obesity', 'Obstructive sleep apnea'), ('Dyslipidemia', 'Blood pressure'), ('Obesity', 'Gastro-esophageal reflux disease'), ('Auto-inflammatory diseases', 'Inflammation'), ('Atherosclerosis', 'Coronary heart diseases'), ('Release of adipokines', 'Atherosclerosis'), ('Blood mono-unsaturated fatty acid level', 'Secretion of inflammatory molecules by adipose cells'), ('Insulin resistance', 'Fatty acids in the artery walls'), ('Insulin resistance', 'Cells intake of fatty acids'), ('Adipose storage of fatty acids', 'Inflammation'), ('Thoracic and abdominal obesity', 'Airway resistance'), ('Thoracic and abdominal obesity', 'Respiratory muscle fatigue'), ('Unhealthy weight control practices', 'Obesity'), ('Sodium retention', 'Blood pressure'), ('Short sleep duration', 'Pro-inflammatory cytokines'), ('Medications', 'Obesity'), ('Balance', 'Ability to engage in physical activity'), ('Short sleep duration', 'Cortisol'), ('Airway resistance', 'Asthma'), ('Short sleep duration', 'Blood pressure'), ('Fatty acids in the artery walls', 'Atherosclerosis'), ('Dyslipidemia', 'Insulin resistance'), ('Blood glucose level', 'Fatty acids in the artery walls'), ('Respiratory diseases', 'Ability to engage in physical activity'), ('Blood saturated fatty acid level', 'Secretion of inflammatory molecules by adipose cells'), ('Dysfunctional adipose tissue', 'Inflammation'), ('Coordination', 'Ability to engage in physical activity'), ('Obesity', 'Short sleep duration'), ('Inflammation', 'Asthma'), ('Coronary heart diseases', 'Dyspnea'), ('Tiredness', 'Ability to engage in physical activity'), ('Short sleep duration', 'Heart rate'), ('Blood fatty acid level', 'Blood glucose level'), ('Pro-inflammatory cytokines', 'Inflammation'), ('Respiratory muscle fatigue', 'Dyspnea'), ('Heart rate', 'Coronary heart diseases'), ('Medications', 'Coordination'), ('Beta blockers', 'Ability to engage in physical activity'), ('Sodium intake', 'Blood pressure'), ('Airway resistance', 'Asthma-like symptoms'), ('Medications', 'Concentration'), ('Cells intake of fatty acids', 'Adipose storage of fatty acids'), ('Physical pain', 'Ability to engage in physical activity'), ('Concentration', 'Ability to engage in physical activity'), ('Obesity', 'Release of adipokines'), ('Blood glucose level', 'Sodium retention'), ('Stimulants', 'Short sleep duration'), ('Obesity', 'Dysfunctional adipose tissue'), ('Medications', 'Tiredness'), ('Inflammation', 'Insulin resistance'), ('Inflammation', 'Auto-inflammatory diseases'), ('Blood fatty acid level', 'Adipose storage of fatty acids'), ('Dysfunctional adipose tissue', 'Blood pressure'), ('Dysfunctional adipose tissue', 'Dyslipidemia'), ('Obesity', 'Unhealthy weight control practices'), ('Obesity', 'Asthma-like symptoms'), ('Dyslipidemia', 'Atherosclerosis')]","[('Prevalence of walking trails', 'Quality of the sport infrastructure'), ('Medications', 'Balance'), ('Culture of eating that promotes healthy choices', 'Physical well-being'), ('Secretion of inflammatory molecules by adipose cells', 'Insulin resistance'), ('Presence of a vibrant community', 'Control'), ('Obesity', 'Weight bias'), ('Healthy eating', 'Blood mono-unsaturated fatty acid level'), ('Exercise', 'Heart rate'), ('Available time', 'Recreational physical activity'), ('Chronic conditions', 'Depression'), ('Exercise', 'Insulin resistance'), ('Weight bias', 'Socio-economic status'), ('Mental well-being', 'Physical well-being'), ('Obesity', 'Obstructive sleep apnea'), ('Eating disorders', 'Healthy eating'), ('Consumer demand for regulations', 'Marketing of healthy foods'), ('Dyslipidemia', 'Blood pressure'), ('Obesity', 'Gastro-esophageal reflux disease'), ('Perceived environmental safety', 'Mental well-being'), ('Late night TV watching', 'Short sleep duration'), ('Auto-inflammatory diseases', 'Inflammation'), ('Depression', 'Healthy eating'), ('Socio-economic status', 'Stress'), ('Exercise', 'Blood glucose level'), ('Public support and demand for healthy products', 'Marketing of healthy foods'), ('Unhealthy foods are cheaper than healthy ones', 'Supportive food environment'), ('Control', 'Mental well-being'), ('Atherosclerosis', 'Coronary heart diseases'), ('Socio-economic status', 'Physical well-being'), ('Ability to engage in physical activity', 'Physical activity'), ('Public health messaging around thinness', 'Weight bias'), ('Public support and demand for healthy products', 'Availability of healthy foods'), ('Release of adipokines', 'Atherosclerosis'), ('Consumer demand for regulations', 'Marketing of unhealthy foods'), ('Resilience', 'Mental well-being'), ('Blood mono-unsaturated fatty acid level', 'Secretion of inflammatory molecules by adipose cells'), ('Medical perspective that thin is good', 'Public health messaging around thinness'), ('Mental well-being', 'Medications'), ('Sexual difficulties', 'Mental well-being'), ('Insulin resistance', 'Fatty acids in the artery walls'), ('Insulin resistance', 'Cells intake of fatty acids'), ('Sidewalk prevalence and maintenance', 'Utilitarian physical activity '), ('Adipose storage of fatty acids', 'Inflammation'), ('Socio-economic status', 'Exercise'), ('Thoracic and abdominal obesity', 'Airway resistance'), ('Healthy eating', 'Short sleep duration'), ('Perceived environmental safety', 'Physical well-being'), ('Weight bias', 'Depression'), ('Emotional eating', 'Mental well-being'), ('Late night TV watching', 'Healthy eating'), ('Control', 'Stress'), ('Aesthetics', 'Physical well-being'), ('Economic incentives to produce unhealthy food products', 'Cost of unhealthy foods'), ('Supportive food environment', 'Healthy eating'), ('Appetite', 'Physical well-being'), ('Thoracic and abdominal obesity', 'Respiratory muscle fatigue'), ('Cardiovascular diseases', 'Fear of engaging in physical activity'), ('Socio-economic status', 'Mental well-being'), ('Unhealthy weight control practices', 'Obesity'), ('Exercise', 'Blood pressure'), ('Sodium retention', 'Blood pressure'), ('Short sleep duration', 'Pro-inflammatory cytokines'), ('Medications', 'Obesity'), ('Short sleep duration', 'Appetite'), ('Balance', 'Ability to engage in physical activity'), ('Short sleep duration', 'Cortisol'), ('Airway resistance', 'Asthma'), ('Short sleep duration', 'Blood pressure'), ('Medical perspective that thin is good', 'Cultural norms around thinness'), ('Healthy eating', 'Blood glucose level'), ('Mental well-being', 'Anticonvulsants'), ('Fatty acids in the artery walls', 'Atherosclerosis'), ('Dyslipidemia', 'Insulin resistance'), ('Blood glucose level', 'Fatty acids in the artery walls'), ('Respiratory diseases', 'Ability to engage in physical activity'), ('Blood saturated fatty acid level', 'Secretion of inflammatory molecules by adipose cells'), ('Dysfunctional adipose tissue', 'Inflammation'), ('Weight bias', 'Mental well-being'), ('Coordination', 'Ability to engage in physical activity'), ('Cultural norms around thinness', 'Cultural norms around thinness'), ('Cultural norms around thinness', 'Poor body image'), ('Obesity', 'Short sleep duration'), ('Inflammation', 'Asthma'), ('Healthy eating', 'Sodium intake'), ('Cultural norms around thinness', 'Eating disorders'), ('Poor body image', 'Sexual difficulties'), ('Fear of engaging in physical activity', 'Physical activity'), ('Short sleep duration', 'Healthy eating'), ('Coronary heart diseases', 'Dyspnea'), ('Stress', 'Inflammation'), ('Weight bias', 'Stress'), ('Unhealthy weight control practices', 'Eating disorders'), ('Tiredness', 'Ability to engage in physical activity'), ('Short sleep duration', 'Heart rate'), ('Prevalence of bike trails', 'Quality of the sport infrastructure'), ('Exercise', 'Blood fatty acid level'), ('Mental well-being', 'Emotional eating'), ('Poor body image', 'Poor body image'), ('Blood fatty acid level', 'Blood glucose level'), ('Cardiovascular diseases', 'Depression'), ('Pro-inflammatory cytokines', 'Inflammation'), ('Prevalence of green fields', 'Quality of the sport infrastructure'), ('Mental well-being', 'Antipsychotics'), ('Socio-economic status', 'Control'), ('Weight bias', 'Poor body image'), ('Positive experience of sports', 'Recreational physical activity'), ('Public support and demand for healthy products', 'Cost of healthy foods'), ('Socio-economic status', 'Availability of healthy foods'), ('Cardiovascular diseases', 'Physical well-being'), ('Respiratory muscle fatigue', 'Dyspnea'), ('Heart rate', 'Coronary heart diseases'), ('Pressure to be thin', 'Poor body image'), ('Medications', 'Coordination'), ('Beta blockers', 'Ability to engage in physical activity'), ('Antipsychotics', 'Appetite'), ('Sodium intake', 'Blood pressure'), ('Pressure to be thin', 'Unhealthy weight control practices'), ('Airway resistance', 'Asthma-like symptoms'), ('Depression', 'Stress'), ('Medications', 'Concentration'), ('Public support and demand for healthy products', 'Marketing of unhealthy foods'), ('Poor body image', 'Eating disorders'), ('Emotional eating', 'Healthy eating'), ('Obesity', 'Access to health professionals'), ('Obesity', 'Mental well-being'), ('Unhealthy foods are more available than healthy ones', 'Supportive food environment'), ('Healthy eating', 'Blood saturated fatty acid level'), ('Presence of a vibrant community', 'Resilience'), ('Cells intake of fatty acids', 'Adipose storage of fatty acids'), ('Physical activity', 'Physical well-being'), ('Appetite', 'Healthy eating'), ('Aesthetics', 'Stress'), ('Chronic conditions', 'Mental well-being'), ('Weight bias', 'Positive experience of sports'), ('Healthy eating', 'Dyslipidemia'), ('Quality of the sport infrastructure', 'Recreational physical activity'), ('Physical pain', 'Ability to engage in physical activity'), ('Prevalence of green fields', 'Aesthetics'), ('Concentration', 'Ability to engage in physical activity'), ('Aesthetics', 'Mental well-being'), ('Poor body image', 'Depression'), ('Chronic conditions', 'Physical well-being'), ('Obesity', 'Release of adipokines'), ('Blood glucose level', 'Sodium retention'), ('Restrictive covenants', 'Availability of healthy foods'), ('Musculoskeletal pain', 'Mental well-being'), ('Weight bias', 'Unhealthy weight control practices'), ('Physical activity', 'Mental well-being'), ('Access to health professionals', 'Ability to engage in physical activity'), ('Stimulants', 'Short sleep duration'), ('Culture of eating that promotes healthy choices', 'Healthy eating'), ('Culture of eating that promotes healthy choices', 'Mental well-being'), ('Weight bias', 'Exercise'), ('Obesity', 'Dysfunctional adipose tissue'), ('Medications', 'Tiredness'), ('Inflammation', 'Insulin resistance'), ('Anticonvulsants', 'Appetite'), ('Inflammation', 'Auto-inflammatory diseases'), ('Accessibility to shops', 'Utilitarian physical activity '), ('Blood fatty acid level', 'Adipose storage of fatty acids'), ('Perceived environmental safety', 'Physical activity'), ('Short sleep duration', 'Physical well-being'), ('Cultural norms around thinness', 'Pressure to be thin'), ('Weight bias', 'Access to health professionals'), ('Public health messaging around thinness', 'Pressure to be thin'), ('Dysfunctional adipose tissue', 'Blood pressure'), ('Dysfunctional adipose tissue', 'Dyslipidemia'), ('Aesthetics', 'Utilitarian physical activity '), ('Obesity', 'Unhealthy weight control practices'), ('Obesity', 'Asthma-like symptoms'), ('Marketing ratio of unhealthy to healthy foods', 'Supportive food environment'), ('Dyslipidemia', 'Atherosclerosis'), ('Physical well-being', 'Mental well-being'), ('Public support and demand for healthy products', 'Cost of unhealthy foods'), ('Musculoskeletal pain', 'Physical well-being'), ('Coronary heart diseases', 'Exercise')]"
2,"[('Resilience', 'Heart rate'), ('Culture of eating that promotes healthy choices', 'Adipose storage of fatty acids'), ('Weight bias', 'Dyslipidemia'), ('Mental well-being', 'Concentration'), ('Pressure to be thin', 'Physical pain'), ('Socio-economic status', 'Short sleep duration'), ('Poor body image', 'Inflammation'), ('Cultural norms around thinness', 'Unhealthy weight control practices'), ('Control', 'Ability to engage in physical activity'), ('Stress', 'Cortisol'), ('Physical well-being', 'Blood pressure'), ('Depression', 'Insulin resistance')]",-1,-1,1,-1,-1,"[('Culture of eating that promotes healthy choices', 'Physical well-being'), ('Weight bias', 'Socio-economic status'), ('Mental well-being', 'Physical well-being'), ('Socio-economic status', 'Stress'), ('Control', 'Mental well-being'), ('Socio-economic status', 'Physical well-being'), ('Public health messaging around thinness', 'Weight bias'), ('Resilience', 'Mental well-being'), ('Medical perspective that thin is good', 'Public health messaging around thinness'), ('Weight bias', 'Depression'), ('Control', 'Stress'), ('Socio-economic status', 'Mental well-being'), ('Medical perspective that thin is good', 'Cultural norms around thinness'), ('Weight bias', 'Mental well-being'), ('Cultural norms around thinness', 'Cultural norms around thinness'), ('Cultural norms around thinness', 'Poor body image'), ('Weight bias', 'Stress'), ('Poor body image', 'Poor body image'), ('Socio-economic status', 'Control'), ('Weight bias', 'Poor body image'), ('Pressure to be thin', 'Poor body image'), ('Depression', 'Stress'), ('Poor body image', 'Depression'), ('Culture of eating that promotes healthy choices', 'Mental well-being'), ('Cultural norms around thinness', 'Pressure to be thin'), ('Public health messaging around thinness', 'Pressure to be thin'), ('Physical well-being', 'Mental well-being')]","[('Medications', 'Balance'), ('Secretion of inflammatory molecules by adipose cells', 'Insulin resistance'), ('Obesity', 'Obstructive sleep apnea'), ('Dyslipidemia', 'Blood pressure'), ('Obesity', 'Gastro-esophageal reflux disease'), ('Auto-inflammatory diseases', 'Inflammation'), ('Atherosclerosis', 'Coronary heart diseases'), ('Release of adipokines', 'Atherosclerosis'), ('Blood mono-unsaturated fatty acid level', 'Secretion of inflammatory molecules by adipose cells'), ('Insulin resistance', 'Fatty acids in the artery walls'), ('Insulin resistance', 'Cells intake of fatty acids'), ('Adipose storage of fatty acids', 'Inflammation'), ('Thoracic and abdominal obesity', 'Airway resistance'), ('Thoracic and abdominal obesity', 'Respiratory muscle fatigue'), ('Unhealthy weight control practices', 'Obesity'), ('Sodium retention', 'Blood pressure'), ('Short sleep duration', 'Pro-inflammatory cytokines'), ('Medications', 'Obesity'), ('Balance', 'Ability to engage in physical activity'), ('Short sleep duration', 'Cortisol'), ('Airway resistance', 'Asthma'), ('Short sleep duration', 'Blood pressure'), ('Fatty acids in the artery walls', 'Atherosclerosis'), ('Dyslipidemia', 'Insulin resistance'), ('Blood glucose level', 'Fatty acids in the artery walls'), ('Respiratory diseases', 'Ability to engage in physical activity'), ('Blood saturated fatty acid level', 'Secretion of inflammatory molecules by adipose cells'), ('Dysfunctional adipose tissue', 'Inflammation'), ('Coordination', 'Ability to engage in physical activity'), ('Obesity', 'Short sleep duration'), ('Inflammation', 'Asthma'), ('Coronary heart diseases', 'Dyspnea'), ('Tiredness', 'Ability to engage in physical activity'), ('Short sleep duration', 'Heart rate'), ('Blood fatty acid level', 'Blood glucose level'), ('Pro-inflammatory cytokines', 'Inflammation'), ('Respiratory muscle fatigue', 'Dyspnea'), ('Heart rate', 'Coronary heart diseases'), ('Medications', 'Coordination'), ('Beta blockers', 'Ability to engage in physical activity'), ('Sodium intake', 'Blood pressure'), ('Airway resistance', 'Asthma-like symptoms'), ('Medications', 'Concentration'), ('Cells intake of fatty acids', 'Adipose storage of fatty acids'), ('Physical pain', 'Ability to engage in physical activity'), ('Concentration', 'Ability to engage in physical activity'), ('Obesity', 'Release of adipokines'), ('Blood glucose level', 'Sodium retention'), ('Stimulants', 'Short sleep duration'), ('Obesity', 'Dysfunctional adipose tissue'), ('Medications', 'Tiredness'), ('Inflammation', 'Insulin resistance'), ('Inflammation', 'Auto-inflammatory diseases'), ('Blood fatty acid level', 'Adipose storage of fatty acids'), ('Dysfunctional adipose tissue', 'Blood pressure'), ('Dysfunctional adipose tissue', 'Dyslipidemia'), ('Obesity', 'Unhealthy weight control practices'), ('Obesity', 'Asthma-like symptoms'), ('Dyslipidemia', 'Atherosclerosis')]","[('Prevalence of walking trails', 'Quality of the sport infrastructure'), ('Medications', 'Balance'), ('Culture of eating that promotes healthy choices', 'Physical well-being'), ('Secretion of inflammatory molecules by adipose cells', 'Insulin resistance'), ('Presence of a vibrant community', 'Control'), ('Obesity', 'Weight bias'), ('Healthy eating', 'Blood mono-unsaturated fatty acid level'), ('Exercise', 'Heart rate'), ('Available time', 'Recreational physical activity'), ('Chronic conditions', 'Depression'), ('Exercise', 'Insulin resistance'), ('Weight bias', 'Socio-economic status'), ('Mental well-being', 'Physical well-being'), ('Obesity', 'Obstructive sleep apnea'), ('Eating disorders', 'Healthy eating'), ('Consumer demand for regulations', 'Marketing of healthy foods'), ('Dyslipidemia', 'Blood pressure'), ('Obesity', 'Gastro-esophageal reflux disease'), ('Perceived environmental safety', 'Mental well-being'), ('Late night TV watching', 'Short sleep duration'), ('Auto-inflammatory diseases', 'Inflammation'), ('Depression', 'Healthy eating'), ('Socio-economic status', 'Stress'), ('Exercise', 'Blood glucose level'), ('Public support and demand for healthy products', 'Marketing of healthy foods'), ('Unhealthy foods are cheaper than healthy ones', 'Supportive food environment'), ('Control', 'Mental well-being'), ('Atherosclerosis', 'Coronary heart diseases'), ('Socio-economic status', 'Physical well-being'), ('Ability to engage in physical activity', 'Physical activity'), ('Public health messaging around thinness', 'Weight bias'), ('Public support and demand for healthy products', 'Availability of healthy foods'), ('Release of adipokines', 'Atherosclerosis'), ('Consumer demand for regulations', 'Marketing of unhealthy foods'), ('Resilience', 'Mental well-being'), ('Blood mono-unsaturated fatty acid level', 'Secretion of inflammatory molecules by adipose cells'), ('Medical perspective that thin is good', 'Public health messaging around thinness'), ('Mental well-being', 'Medications'), ('Sexual difficulties', 'Mental well-being'), ('Insulin resistance', 'Fatty acids in the artery walls'), ('Insulin resistance', 'Cells intake of fatty acids'), ('Sidewalk prevalence and maintenance', 'Utilitarian physical activity '), ('Adipose storage of fatty acids', 'Inflammation'), ('Socio-economic status', 'Exercise'), ('Thoracic and abdominal obesity', 'Airway resistance'), ('Healthy eating', 'Short sleep duration'), ('Perceived environmental safety', 'Physical well-being'), ('Weight bias', 'Depression'), ('Emotional eating', 'Mental well-being'), ('Late night TV watching', 'Healthy eating'), ('Control', 'Stress'), ('Aesthetics', 'Physical well-being'), ('Economic incentives to produce unhealthy food products', 'Cost of unhealthy foods'), ('Supportive food environment', 'Healthy eating'), ('Appetite', 'Physical well-being'), ('Thoracic and abdominal obesity', 'Respiratory muscle fatigue'), ('Cardiovascular diseases', 'Fear of engaging in physical activity'), ('Socio-economic status', 'Mental well-being'), ('Unhealthy weight control practices', 'Obesity'), ('Exercise', 'Blood pressure'), ('Sodium retention', 'Blood pressure'), ('Short sleep duration', 'Pro-inflammatory cytokines'), ('Medications', 'Obesity'), ('Short sleep duration', 'Appetite'), ('Balance', 'Ability to engage in physical activity'), ('Short sleep duration', 'Cortisol'), ('Airway resistance', 'Asthma'), ('Short sleep duration', 'Blood pressure'), ('Medical perspective that thin is good', 'Cultural norms around thinness'), ('Healthy eating', 'Blood glucose level'), ('Mental well-being', 'Anticonvulsants'), ('Fatty acids in the artery walls', 'Atherosclerosis'), ('Dyslipidemia', 'Insulin resistance'), ('Blood glucose level', 'Fatty acids in the artery walls'), ('Respiratory diseases', 'Ability to engage in physical activity'), ('Blood saturated fatty acid level', 'Secretion of inflammatory molecules by adipose cells'), ('Dysfunctional adipose tissue', 'Inflammation'), ('Weight bias', 'Mental well-being'), ('Coordination', 'Ability to engage in physical activity'), ('Cultural norms around thinness', 'Cultural norms around thinness'), ('Cultural norms around thinness', 'Poor body image'), ('Obesity', 'Short sleep duration'), ('Inflammation', 'Asthma'), ('Healthy eating', 'Sodium intake'), ('Cultural norms around thinness', 'Eating disorders'), ('Poor body image', 'Sexual difficulties'), ('Fear of engaging in physical activity', 'Physical activity'), ('Short sleep duration', 'Healthy eating'), ('Coronary heart diseases', 'Dyspnea'), ('Stress', 'Inflammation'), ('Weight bias', 'Stress'), ('Unhealthy weight control practices', 'Eating disorders'), ('Tiredness', 'Ability to engage in physical activity'), ('Short sleep duration', 'Heart rate'), ('Prevalence of bike trails', 'Quality of the sport infrastructure'), ('Exercise', 'Blood fatty acid level'), ('Mental well-being', 'Emotional eating'), ('Poor body image', 'Poor body image'), ('Blood fatty acid level', 'Blood glucose level'), ('Cardiovascular diseases', 'Depression'), ('Pro-inflammatory cytokines', 'Inflammation'), ('Prevalence of green fields', 'Quality of the sport infrastructure'), ('Mental well-being', 'Antipsychotics'), ('Socio-economic status', 'Control'), ('Weight bias', 'Poor body image'), ('Positive experience of sports', 'Recreational physical activity'), ('Public support and demand for healthy products', 'Cost of healthy foods'), ('Socio-economic status', 'Availability of healthy foods'), ('Cardiovascular diseases', 'Physical well-being'), ('Respiratory muscle fatigue', 'Dyspnea'), ('Heart rate', 'Coronary heart diseases'), ('Pressure to be thin', 'Poor body image'), ('Medications', 'Coordination'), ('Beta blockers', 'Ability to engage in physical activity'), ('Antipsychotics', 'Appetite'), ('Sodium intake', 'Blood pressure'), ('Pressure to be thin', 'Unhealthy weight control practices'), ('Airway resistance', 'Asthma-like symptoms'), ('Depression', 'Stress'), ('Medications', 'Concentration'), ('Public support and demand for healthy products', 'Marketing of unhealthy foods'), ('Poor body image', 'Eating disorders'), ('Emotional eating', 'Healthy eating'), ('Obesity', 'Access to health professionals'), ('Obesity', 'Mental well-being'), ('Unhealthy foods are more available than healthy ones', 'Supportive food environment'), ('Healthy eating', 'Blood saturated fatty acid level'), ('Presence of a vibrant community', 'Resilience'), ('Cells intake of fatty acids', 'Adipose storage of fatty acids'), ('Physical activity', 'Physical well-being'), ('Appetite', 'Healthy eating'), ('Aesthetics', 'Stress'), ('Chronic conditions', 'Mental well-being'), ('Weight bias', 'Positive experience of sports'), ('Healthy eating', 'Dyslipidemia'), ('Quality of the sport infrastructure', 'Recreational physical activity'), ('Physical pain', 'Ability to engage in physical activity'), ('Prevalence of green fields', 'Aesthetics'), ('Concentration', 'Ability to engage in physical activity'), ('Aesthetics', 'Mental well-being'), ('Poor body image', 'Depression'), ('Chronic conditions', 'Physical well-being'), ('Obesity', 'Release of adipokines'), ('Blood glucose level', 'Sodium retention'), ('Restrictive covenants', 'Availability of healthy foods'), ('Musculoskeletal pain', 'Mental well-being'), ('Weight bias', 'Unhealthy weight control practices'), ('Physical activity', 'Mental well-being'), ('Access to health professionals', 'Ability to engage in physical activity'), ('Stimulants', 'Short sleep duration'), ('Culture of eating that promotes healthy choices', 'Healthy eating'), ('Culture of eating that promotes healthy choices', 'Mental well-being'), ('Weight bias', 'Exercise'), ('Obesity', 'Dysfunctional adipose tissue'), ('Medications', 'Tiredness'), ('Inflammation', 'Insulin resistance'), ('Anticonvulsants', 'Appetite'), ('Inflammation', 'Auto-inflammatory diseases'), ('Accessibility to shops', 'Utilitarian physical activity '), ('Blood fatty acid level', 'Adipose storage of fatty acids'), ('Perceived environmental safety', 'Physical activity'), ('Short sleep duration', 'Physical well-being'), ('Cultural norms around thinness', 'Pressure to be thin'), ('Weight bias', 'Access to health professionals'), ('Public health messaging around thinness', 'Pressure to be thin'), ('Dysfunctional adipose tissue', 'Blood pressure'), ('Dysfunctional adipose tissue', 'Dyslipidemia'), ('Aesthetics', 'Utilitarian physical activity '), ('Obesity', 'Unhealthy weight control practices'), ('Obesity', 'Asthma-like symptoms'), ('Marketing ratio of unhealthy to healthy foods', 'Supportive food environment'), ('Dyslipidemia', 'Atherosclerosis'), ('Physical well-being', 'Mental well-being'), ('Public support and demand for healthy products', 'Cost of unhealthy foods'), ('Musculoskeletal pain', 'Physical well-being'), ('Coronary heart diseases', 'Exercise')]"
3,"[('Resilience', 'Heart rate'), ('Culture of eating that promotes healthy choices', 'Adipose storage of fatty acids'), ('Weight bias', 'Dyslipidemia'), ('Mental well-being', 'Concentration'), ('Pressure to be thin', 'Physical pain'), ('Socio-economic status', 'Short sleep duration'), ('Poor body image', 'Inflammation'), ('Cultural norms around thinness', 'Unhealthy weight control practices'), ('Control', 'Ability to engage in physical activity'), ('Stress', 'Cortisol'), ('Physical well-being', 'Blood pressure'), ('Depression', 'Insulin resistance')]",-1,-1,1,-1,-1,"[('Culture of eating that promotes healthy choices', 'Physical well-being'), ('Weight bias', 'Socio-economic status'), ('Mental well-being', 'Physical well-being'), ('Socio-economic status', 'Stress'), ('Control', 'Mental well-being'), ('Socio-economic status', 'Physical well-being'), ('Public health messaging around thinness', 'Weight bias'), ('Resilience', 'Mental well-being'), ('Medical perspective that thin is good', 'Public health messaging around thinness'), ('Weight bias', 'Depression'), ('Control', 'Stress'), ('Socio-economic status', 'Mental well-being'), ('Medical perspective that thin is good', 'Cultural norms around thinness'), ('Weight bias', 'Mental well-being'), ('Cultural norms around thinness', 'Cultural norms around thinness'), ('Cultural norms around thinness', 'Poor body image'), ('Weight bias', 'Stress'), ('Poor body image', 'Poor body image'), ('Socio-economic status', 'Control'), ('Weight bias', 'Poor body image'), ('Pressure to be thin', 'Poor body image'), ('Depression', 'Stress'), ('Poor body image', 'Depression'), ('Culture of eating that promotes healthy choices', 'Mental well-being'), ('Cultural norms around thinness', 'Pressure to be thin'), ('Public health messaging around thinness', 'Pressure to be thin'), ('Physical well-being', 'Mental well-being')]","[('Medications', 'Balance'), ('Secretion of inflammatory molecules by adipose cells', 'Insulin resistance'), ('Obesity', 'Obstructive sleep apnea'), ('Dyslipidemia', 'Blood pressure'), ('Obesity', 'Gastro-esophageal reflux disease'), ('Auto-inflammatory diseases', 'Inflammation'), ('Atherosclerosis', 'Coronary heart diseases'), ('Release of adipokines', 'Atherosclerosis'), ('Blood mono-unsaturated fatty acid level', 'Secretion of inflammatory molecules by adipose cells'), ('Insulin resistance', 'Fatty acids in the artery walls'), ('Insulin resistance', 'Cells intake of fatty acids'), ('Adipose storage of fatty acids', 'Inflammation'), ('Thoracic and abdominal obesity', 'Airway resistance'), ('Thoracic and abdominal obesity', 'Respiratory muscle fatigue'), ('Unhealthy weight control practices', 'Obesity'), ('Sodium retention', 'Blood pressure'), ('Short sleep duration', 'Pro-inflammatory cytokines'), ('Medications', 'Obesity'), ('Balance', 'Ability to engage in physical activity'), ('Short sleep duration', 'Cortisol'), ('Airway resistance', 'Asthma'), ('Short sleep duration', 'Blood pressure'), ('Fatty acids in the artery walls', 'Atherosclerosis'), ('Dyslipidemia', 'Insulin resistance'), ('Blood glucose level', 'Fatty acids in the artery walls'), ('Respiratory diseases', 'Ability to engage in physical activity'), ('Blood saturated fatty acid level', 'Secretion of inflammatory molecules by adipose cells'), ('Dysfunctional adipose tissue', 'Inflammation'), ('Coordination', 'Ability to engage in physical activity'), ('Obesity', 'Short sleep duration'), ('Inflammation', 'Asthma'), ('Coronary heart diseases', 'Dyspnea'), ('Tiredness', 'Ability to engage in physical activity'), ('Short sleep duration', 'Heart rate'), ('Blood fatty acid level', 'Blood glucose level'), ('Pro-inflammatory cytokines', 'Inflammation'), ('Respiratory muscle fatigue', 'Dyspnea'), ('Heart rate', 'Coronary heart diseases'), ('Medications', 'Coordination'), ('Beta blockers', 'Ability to engage in physical activity'), ('Sodium intake', 'Blood pressure'), ('Airway resistance', 'Asthma-like symptoms'), ('Medications', 'Concentration'), ('Cells intake of fatty acids', 'Adipose storage of fatty acids'), ('Physical pain', 'Ability to engage in physical activity'), ('Concentration', 'Ability to engage in physical activity'), ('Obesity', 'Release of adipokines'), ('Blood glucose level', 'Sodium retention'), ('Stimulants', 'Short sleep duration'), ('Obesity', 'Dysfunctional adipose tissue'), ('Medications', 'Tiredness'), ('Inflammation', 'Insulin resistance'), ('Inflammation', 'Auto-inflammatory diseases'), ('Blood fatty acid level', 'Adipose storage of fatty acids'), ('Dysfunctional adipose tissue', 'Blood pressure'), ('Dysfunctional adipose tissue', 'Dyslipidemia'), ('Obesity', 'Unhealthy weight control practices'), ('Obesity', 'Asthma-like symptoms'), ('Dyslipidemia', 'Atherosclerosis')]","[('Prevalence of walking trails', 'Quality of the sport infrastructure'), ('Medications', 'Balance'), ('Culture of eating that promotes healthy choices', 'Physical well-being'), ('Secretion of inflammatory molecules by adipose cells', 'Insulin resistance'), ('Presence of a vibrant community', 'Control'), ('Obesity', 'Weight bias'), ('Healthy eating', 'Blood mono-unsaturated fatty acid level'), ('Exercise', 'Heart rate'), ('Available time', 'Recreational physical activity'), ('Chronic conditions', 'Depression'), ('Exercise', 'Insulin resistance'), ('Weight bias', 'Socio-economic status'), ('Mental well-being', 'Physical well-being'), ('Obesity', 'Obstructive sleep apnea'), ('Eating disorders', 'Healthy eating'), ('Consumer demand for regulations', 'Marketing of healthy foods'), ('Dyslipidemia', 'Blood pressure'), ('Obesity', 'Gastro-esophageal reflux disease'), ('Perceived environmental safety', 'Mental well-being'), ('Late night TV watching', 'Short sleep duration'), ('Auto-inflammatory diseases', 'Inflammation'), ('Depression', 'Healthy eating'), ('Socio-economic status', 'Stress'), ('Exercise', 'Blood glucose level'), ('Public support and demand for healthy products', 'Marketing of healthy foods'), ('Unhealthy foods are cheaper than healthy ones', 'Supportive food environment'), ('Control', 'Mental well-being'), ('Atherosclerosis', 'Coronary heart diseases'), ('Socio-economic status', 'Physical well-being'), ('Ability to engage in physical activity', 'Physical activity'), ('Public health messaging around thinness', 'Weight bias'), ('Public support and demand for healthy products', 'Availability of healthy foods'), ('Release of adipokines', 'Atherosclerosis'), ('Consumer demand for regulations', 'Marketing of unhealthy foods'), ('Resilience', 'Mental well-being'), ('Blood mono-unsaturated fatty acid level', 'Secretion of inflammatory molecules by adipose cells'), ('Medical perspective that thin is good', 'Public health messaging around thinness'), ('Mental well-being', 'Medications'), ('Sexual difficulties', 'Mental well-being'), ('Insulin resistance', 'Fatty acids in the artery walls'), ('Insulin resistance', 'Cells intake of fatty acids'), ('Sidewalk prevalence and maintenance', 'Utilitarian physical activity '), ('Adipose storage of fatty acids', 'Inflammation'), ('Socio-economic status', 'Exercise'), ('Thoracic and abdominal obesity', 'Airway resistance'), ('Healthy eating', 'Short sleep duration'), ('Perceived environmental safety', 'Physical well-being'), ('Weight bias', 'Depression'), ('Emotional eating', 'Mental well-being'), ('Late night TV watching', 'Healthy eating'), ('Control', 'Stress'), ('Aesthetics', 'Physical well-being'), ('Economic incentives to produce unhealthy food products', 'Cost of unhealthy foods'), ('Supportive food environment', 'Healthy eating'), ('Appetite', 'Physical well-being'), ('Thoracic and abdominal obesity', 'Respiratory muscle fatigue'), ('Cardiovascular diseases', 'Fear of engaging in physical activity'), ('Socio-economic status', 'Mental well-being'), ('Unhealthy weight control practices', 'Obesity'), ('Exercise', 'Blood pressure'), ('Sodium retention', 'Blood pressure'), ('Short sleep duration', 'Pro-inflammatory cytokines'), ('Medications', 'Obesity'), ('Short sleep duration', 'Appetite'), ('Balance', 'Ability to engage in physical activity'), ('Short sleep duration', 'Cortisol'), ('Airway resistance', 'Asthma'), ('Short sleep duration', 'Blood pressure'), ('Medical perspective that thin is good', 'Cultural norms around thinness'), ('Healthy eating', 'Blood glucose level'), ('Mental well-being', 'Anticonvulsants'), ('Fatty acids in the artery walls', 'Atherosclerosis'), ('Dyslipidemia', 'Insulin resistance'), ('Blood glucose level', 'Fatty acids in the artery walls'), ('Respiratory diseases', 'Ability to engage in physical activity'), ('Blood saturated fatty acid level', 'Secretion of inflammatory molecules by adipose cells'), ('Dysfunctional adipose tissue', 'Inflammation'), ('Weight bias', 'Mental well-being'), ('Coordination', 'Ability to engage in physical activity'), ('Cultural norms around thinness', 'Cultural norms around thinness'), ('Cultural norms around thinness', 'Poor body image'), ('Obesity', 'Short sleep duration'), ('Inflammation', 'Asthma'), ('Healthy eating', 'Sodium intake'), ('Cultural norms around thinness', 'Eating disorders'), ('Poor body image', 'Sexual difficulties'), ('Fear of engaging in physical activity', 'Physical activity'), ('Short sleep duration', 'Healthy eating'), ('Coronary heart diseases', 'Dyspnea'), ('Stress', 'Inflammation'), ('Weight bias', 'Stress'), ('Unhealthy weight control practices', 'Eating disorders'), ('Tiredness', 'Ability to engage in physical activity'), ('Short sleep duration', 'Heart rate'), ('Prevalence of bike trails', 'Quality of the sport infrastructure'), ('Exercise', 'Blood fatty acid level'), ('Mental well-being', 'Emotional eating'), ('Poor body image', 'Poor body image'), ('Blood fatty acid level', 'Blood glucose level'), ('Cardiovascular diseases', 'Depression'), ('Pro-inflammatory cytokines', 'Inflammation'), ('Prevalence of green fields', 'Quality of the sport infrastructure'), ('Mental well-being', 'Antipsychotics'), ('Socio-economic status', 'Control'), ('Weight bias', 'Poor body image'), ('Positive experience of sports', 'Recreational physical activity'), ('Public support and demand for healthy products', 'Cost of healthy foods'), ('Socio-economic status', 'Availability of healthy foods'), ('Cardiovascular diseases', 'Physical well-being'), ('Respiratory muscle fatigue', 'Dyspnea'), ('Heart rate', 'Coronary heart diseases'), ('Pressure to be thin', 'Poor body image'), ('Medications', 'Coordination'), ('Beta blockers', 'Ability to engage in physical activity'), ('Antipsychotics', 'Appetite'), ('Sodium intake', 'Blood pressure'), ('Pressure to be thin', 'Unhealthy weight control practices'), ('Airway resistance', 'Asthma-like symptoms'), ('Depression', 'Stress'), ('Medications', 'Concentration'), ('Public support and demand for healthy products', 'Marketing of unhealthy foods'), ('Poor body image', 'Eating disorders'), ('Emotional eating', 'Healthy eating'), ('Obesity', 'Access to health professionals'), ('Obesity', 'Mental well-being'), ('Unhealthy foods are more available than healthy ones', 'Supportive food environment'), ('Healthy eating', 'Blood saturated fatty acid level'), ('Presence of a vibrant community', 'Resilience'), ('Cells intake of fatty acids', 'Adipose storage of fatty acids'), ('Physical activity', 'Physical well-being'), ('Appetite', 'Healthy eating'), ('Aesthetics', 'Stress'), ('Chronic conditions', 'Mental well-being'), ('Weight bias', 'Positive experience of sports'), ('Healthy eating', 'Dyslipidemia'), ('Quality of the sport infrastructure', 'Recreational physical activity'), ('Physical pain', 'Ability to engage in physical activity'), ('Prevalence of green fields', 'Aesthetics'), ('Concentration', 'Ability to engage in physical activity'), ('Aesthetics', 'Mental well-being'), ('Poor body image', 'Depression'), ('Chronic conditions', 'Physical well-being'), ('Obesity', 'Release of adipokines'), ('Blood glucose level', 'Sodium retention'), ('Restrictive covenants', 'Availability of healthy foods'), ('Musculoskeletal pain', 'Mental well-being'), ('Weight bias', 'Unhealthy weight control practices'), ('Physical activity', 'Mental well-being'), ('Access to health professionals', 'Ability to engage in physical activity'), ('Stimulants', 'Short sleep duration'), ('Culture of eating that promotes healthy choices', 'Healthy eating'), ('Culture of eating that promotes healthy choices', 'Mental well-being'), ('Weight bias', 'Exercise'), ('Obesity', 'Dysfunctional adipose tissue'), ('Medications', 'Tiredness'), ('Inflammation', 'Insulin resistance'), ('Anticonvulsants', 'Appetite'), ('Inflammation', 'Auto-inflammatory diseases'), ('Accessibility to shops', 'Utilitarian physical activity '), ('Blood fatty acid level', 'Adipose storage of fatty acids'), ('Perceived environmental safety', 'Physical activity'), ('Short sleep duration', 'Physical well-being'), ('Cultural norms around thinness', 'Pressure to be thin'), ('Weight bias', 'Access to health professionals'), ('Public health messaging around thinness', 'Pressure to be thin'), ('Dysfunctional adipose tissue', 'Blood pressure'), ('Dysfunctional adipose tissue', 'Dyslipidemia'), ('Aesthetics', 'Utilitarian physical activity '), ('Obesity', 'Unhealthy weight control practices'), ('Obesity', 'Asthma-like symptoms'), ('Marketing ratio of unhealthy to healthy foods', 'Supportive food environment'), ('Dyslipidemia', 'Atherosclerosis'), ('Physical well-being', 'Mental well-being'), ('Public support and demand for healthy products', 'Cost of unhealthy foods'), ('Musculoskeletal pain', 'Physical well-being'), ('Coronary heart diseases', 'Exercise')]"
4,"[('Resilience', 'Heart rate'), ('Culture of eating that promotes healthy choices', 'Adipose storage of fatty acids'), ('Weight bias', 'Dyslipidemia'), ('Mental well-being', 'Concentration'), ('Pressure to be thin', 'Physical pain'), ('Socio-economic status', 'Short sleep duration'), ('Poor body image', 'Inflammation'), ('Cultural norms around thinness', 'Unhealthy weight control practices'), ('Control', 'Ability to engage in physical activity'), ('Stress', 'Cortisol'), ('Physical well-being', 'Blood pressure'), ('Depression', 'Insulin resistance')]",-1,-1,1,-1,-1,"[('Culture of eating that promotes healthy choices', 'Physical well-being'), ('Weight bias', 'Socio-economic status'), ('Mental well-being', 'Physical well-being'), ('Socio-economic status', 'Stress'), ('Control', 'Mental well-being'), ('Socio-economic status', 'Physical well-being'), ('Public health messaging around thinness', 'Weight bias'), ('Resilience', 'Mental well-being'), ('Medical perspective that thin is good', 'Public health messaging around thinness'), ('Weight bias', 'Depression'), ('Control', 'Stress'), ('Socio-economic status', 'Mental well-being'), ('Medical perspective that thin is good', 'Cultural norms around thinness'), ('Weight bias', 'Mental well-being'), ('Cultural norms around thinness', 'Cultural norms around thinness'), ('Cultural norms around thinness', 'Poor body image'), ('Weight bias', 'Stress'), ('Poor body image', 'Poor body image'), ('Socio-economic status', 'Control'), ('Weight bias', 'Poor body image'), ('Pressure to be thin', 'Poor body image'), ('Depression', 'Stress'), ('Poor body image', 'Depression'), ('Culture of eating that promotes healthy choices', 'Mental well-being'), ('Cultural norms around thinness', 'Pressure to be thin'), ('Public health messaging around thinness', 'Pressure to be thin'), ('Physical well-being', 'Mental well-being')]","[('Medications', 'Balance'), ('Secretion of inflammatory molecules by adipose cells', 'Insulin resistance'), ('Obesity', 'Obstructive sleep apnea'), ('Dyslipidemia', 'Blood pressure'), ('Obesity', 'Gastro-esophageal reflux disease'), ('Auto-inflammatory diseases', 'Inflammation'), ('Atherosclerosis', 'Coronary heart diseases'), ('Release of adipokines', 'Atherosclerosis'), ('Blood mono-unsaturated fatty acid level', 'Secretion of inflammatory molecules by adipose cells'), ('Insulin resistance', 'Fatty acids in the artery walls'), ('Insulin resistance', 'Cells intake of fatty acids'), ('Adipose storage of fatty acids', 'Inflammation'), ('Thoracic and abdominal obesity', 'Airway resistance'), ('Thoracic and abdominal obesity', 'Respiratory muscle fatigue'), ('Unhealthy weight control practices', 'Obesity'), ('Sodium retention', 'Blood pressure'), ('Short sleep duration', 'Pro-inflammatory cytokines'), ('Medications', 'Obesity'), ('Balance', 'Ability to engage in physical activity'), ('Short sleep duration', 'Cortisol'), ('Airway resistance', 'Asthma'), ('Short sleep duration', 'Blood pressure'), ('Fatty acids in the artery walls', 'Atherosclerosis'), ('Dyslipidemia', 'Insulin resistance'), ('Blood glucose level', 'Fatty acids in the artery walls'), ('Respiratory diseases', 'Ability to engage in physical activity'), ('Blood saturated fatty acid level', 'Secretion of inflammatory molecules by adipose cells'), ('Dysfunctional adipose tissue', 'Inflammation'), ('Coordination', 'Ability to engage in physical activity'), ('Obesity', 'Short sleep duration'), ('Inflammation', 'Asthma'), ('Coronary heart diseases', 'Dyspnea'), ('Tiredness', 'Ability to engage in physical activity'), ('Short sleep duration', 'Heart rate'), ('Blood fatty acid level', 'Blood glucose level'), ('Pro-inflammatory cytokines', 'Inflammation'), ('Respiratory muscle fatigue', 'Dyspnea'), ('Heart rate', 'Coronary heart diseases'), ('Medications', 'Coordination'), ('Beta blockers', 'Ability to engage in physical activity'), ('Sodium intake', 'Blood pressure'), ('Airway resistance', 'Asthma-like symptoms'), ('Medications', 'Concentration'), ('Cells intake of fatty acids', 'Adipose storage of fatty acids'), ('Physical pain', 'Ability to engage in physical activity'), ('Concentration', 'Ability to engage in physical activity'), ('Obesity', 'Release of adipokines'), ('Blood glucose level', 'Sodium retention'), ('Stimulants', 'Short sleep duration'), ('Obesity', 'Dysfunctional adipose tissue'), ('Medications', 'Tiredness'), ('Inflammation', 'Insulin resistance'), ('Inflammation', 'Auto-inflammatory diseases'), ('Blood fatty acid level', 'Adipose storage of fatty acids'), ('Dysfunctional adipose tissue', 'Blood pressure'), ('Dysfunctional adipose tissue', 'Dyslipidemia'), ('Obesity', 'Unhealthy weight control practices'), ('Obesity', 'Asthma-like symptoms'), ('Dyslipidemia', 'Atherosclerosis')]","[('Prevalence of walking trails', 'Quality of the sport infrastructure'), ('Medications', 'Balance'), ('Culture of eating that promotes healthy choices', 'Physical well-being'), ('Secretion of inflammatory molecules by adipose cells', 'Insulin resistance'), ('Presence of a vibrant community', 'Control'), ('Obesity', 'Weight bias'), ('Healthy eating', 'Blood mono-unsaturated fatty acid level'), ('Exercise', 'Heart rate'), ('Available time', 'Recreational physical activity'), ('Chronic conditions', 'Depression'), ('Exercise', 'Insulin resistance'), ('Weight bias', 'Socio-economic status'), ('Mental well-being', 'Physical well-being'), ('Obesity', 'Obstructive sleep apnea'), ('Eating disorders', 'Healthy eating'), ('Consumer demand for regulations', 'Marketing of healthy foods'), ('Dyslipidemia', 'Blood pressure'), ('Obesity', 'Gastro-esophageal reflux disease'), ('Perceived environmental safety', 'Mental well-being'), ('Late night TV watching', 'Short sleep duration'), ('Auto-inflammatory diseases', 'Inflammation'), ('Depression', 'Healthy eating'), ('Socio-economic status', 'Stress'), ('Exercise', 'Blood glucose level'), ('Public support and demand for healthy products', 'Marketing of healthy foods'), ('Unhealthy foods are cheaper than healthy ones', 'Supportive food environment'), ('Control', 'Mental well-being'), ('Atherosclerosis', 'Coronary heart diseases'), ('Socio-economic status', 'Physical well-being'), ('Ability to engage in physical activity', 'Physical activity'), ('Public health messaging around thinness', 'Weight bias'), ('Public support and demand for healthy products', 'Availability of healthy foods'), ('Release of adipokines', 'Atherosclerosis'), ('Consumer demand for regulations', 'Marketing of unhealthy foods'), ('Resilience', 'Mental well-being'), ('Blood mono-unsaturated fatty acid level', 'Secretion of inflammatory molecules by adipose cells'), ('Medical perspective that thin is good', 'Public health messaging around thinness'), ('Mental well-being', 'Medications'), ('Sexual difficulties', 'Mental well-being'), ('Insulin resistance', 'Fatty acids in the artery walls'), ('Insulin resistance', 'Cells intake of fatty acids'), ('Sidewalk prevalence and maintenance', 'Utilitarian physical activity '), ('Adipose storage of fatty acids', 'Inflammation'), ('Socio-economic status', 'Exercise'), ('Thoracic and abdominal obesity', 'Airway resistance'), ('Healthy eating', 'Short sleep duration'), ('Perceived environmental safety', 'Physical well-being'), ('Weight bias', 'Depression'), ('Emotional eating', 'Mental well-being'), ('Late night TV watching', 'Healthy eating'), ('Control', 'Stress'), ('Aesthetics', 'Physical well-being'), ('Economic incentives to produce unhealthy food products', 'Cost of unhealthy foods'), ('Supportive food environment', 'Healthy eating'), ('Appetite', 'Physical well-being'), ('Thoracic and abdominal obesity', 'Respiratory muscle fatigue'), ('Cardiovascular diseases', 'Fear of engaging in physical activity'), ('Socio-economic status', 'Mental well-being'), ('Unhealthy weight control practices', 'Obesity'), ('Exercise', 'Blood pressure'), ('Sodium retention', 'Blood pressure'), ('Short sleep duration', 'Pro-inflammatory cytokines'), ('Medications', 'Obesity'), ('Short sleep duration', 'Appetite'), ('Balance', 'Ability to engage in physical activity'), ('Short sleep duration', 'Cortisol'), ('Airway resistance', 'Asthma'), ('Short sleep duration', 'Blood pressure'), ('Medical perspective that thin is good', 'Cultural norms around thinness'), ('Healthy eating', 'Blood glucose level'), ('Mental well-being', 'Anticonvulsants'), ('Fatty acids in the artery walls', 'Atherosclerosis'), ('Dyslipidemia', 'Insulin resistance'), ('Blood glucose level', 'Fatty acids in the artery walls'), ('Respiratory diseases', 'Ability to engage in physical activity'), ('Blood saturated fatty acid level', 'Secretion of inflammatory molecules by adipose cells'), ('Dysfunctional adipose tissue', 'Inflammation'), ('Weight bias', 'Mental well-being'), ('Coordination', 'Ability to engage in physical activity'), ('Cultural norms around thinness', 'Cultural norms around thinness'), ('Cultural norms around thinness', 'Poor body image'), ('Obesity', 'Short sleep duration'), ('Inflammation', 'Asthma'), ('Healthy eating', 'Sodium intake'), ('Cultural norms around thinness', 'Eating disorders'), ('Poor body image', 'Sexual difficulties'), ('Fear of engaging in physical activity', 'Physical activity'), ('Short sleep duration', 'Healthy eating'), ('Coronary heart diseases', 'Dyspnea'), ('Stress', 'Inflammation'), ('Weight bias', 'Stress'), ('Unhealthy weight control practices', 'Eating disorders'), ('Tiredness', 'Ability to engage in physical activity'), ('Short sleep duration', 'Heart rate'), ('Prevalence of bike trails', 'Quality of the sport infrastructure'), ('Exercise', 'Blood fatty acid level'), ('Mental well-being', 'Emotional eating'), ('Poor body image', 'Poor body image'), ('Blood fatty acid level', 'Blood glucose level'), ('Cardiovascular diseases', 'Depression'), ('Pro-inflammatory cytokines', 'Inflammation'), ('Prevalence of green fields', 'Quality of the sport infrastructure'), ('Mental well-being', 'Antipsychotics'), ('Socio-economic status', 'Control'), ('Weight bias', 'Poor body image'), ('Positive experience of sports', 'Recreational physical activity'), ('Public support and demand for healthy products', 'Cost of healthy foods'), ('Socio-economic status', 'Availability of healthy foods'), ('Cardiovascular diseases', 'Physical well-being'), ('Respiratory muscle fatigue', 'Dyspnea'), ('Heart rate', 'Coronary heart diseases'), ('Pressure to be thin', 'Poor body image'), ('Medications', 'Coordination'), ('Beta blockers', 'Ability to engage in physical activity'), ('Antipsychotics', 'Appetite'), ('Sodium intake', 'Blood pressure'), ('Pressure to be thin', 'Unhealthy weight control practices'), ('Airway resistance', 'Asthma-like symptoms'), ('Depression', 'Stress'), ('Medications', 'Concentration'), ('Public support and demand for healthy products', 'Marketing of unhealthy foods'), ('Poor body image', 'Eating disorders'), ('Emotional eating', 'Healthy eating'), ('Obesity', 'Access to health professionals'), ('Obesity', 'Mental well-being'), ('Unhealthy foods are more available than healthy ones', 'Supportive food environment'), ('Healthy eating', 'Blood saturated fatty acid level'), ('Presence of a vibrant community', 'Resilience'), ('Cells intake of fatty acids', 'Adipose storage of fatty acids'), ('Physical activity', 'Physical well-being'), ('Appetite', 'Healthy eating'), ('Aesthetics', 'Stress'), ('Chronic conditions', 'Mental well-being'), ('Weight bias', 'Positive experience of sports'), ('Healthy eating', 'Dyslipidemia'), ('Quality of the sport infrastructure', 'Recreational physical activity'), ('Physical pain', 'Ability to engage in physical activity'), ('Prevalence of green fields', 'Aesthetics'), ('Concentration', 'Ability to engage in physical activity'), ('Aesthetics', 'Mental well-being'), ('Poor body image', 'Depression'), ('Chronic conditions', 'Physical well-being'), ('Obesity', 'Release of adipokines'), ('Blood glucose level', 'Sodium retention'), ('Restrictive covenants', 'Availability of healthy foods'), ('Musculoskeletal pain', 'Mental well-being'), ('Weight bias', 'Unhealthy weight control practices'), ('Physical activity', 'Mental well-being'), ('Access to health professionals', 'Ability to engage in physical activity'), ('Stimulants', 'Short sleep duration'), ('Culture of eating that promotes healthy choices', 'Healthy eating'), ('Culture of eating that promotes healthy choices', 'Mental well-being'), ('Weight bias', 'Exercise'), ('Obesity', 'Dysfunctional adipose tissue'), ('Medications', 'Tiredness'), ('Inflammation', 'Insulin resistance'), ('Anticonvulsants', 'Appetite'), ('Inflammation', 'Auto-inflammatory diseases'), ('Accessibility to shops', 'Utilitarian physical activity '), ('Blood fatty acid level', 'Adipose storage of fatty acids'), ('Perceived environmental safety', 'Physical activity'), ('Short sleep duration', 'Physical well-being'), ('Cultural norms around thinness', 'Pressure to be thin'), ('Weight bias', 'Access to health professionals'), ('Public health messaging around thinness', 'Pressure to be thin'), ('Dysfunctional adipose tissue', 'Blood pressure'), ('Dysfunctional adipose tissue', 'Dyslipidemia'), ('Aesthetics', 'Utilitarian physical activity '), ('Obesity', 'Unhealthy weight control practices'), ('Obesity', 'Asthma-like symptoms'), ('Marketing ratio of unhealthy to healthy foods', 'Supportive food environment'), ('Dyslipidemia', 'Atherosclerosis'), ('Physical well-being', 'Mental well-being'), ('Public support and demand for healthy products', 'Cost of unhealthy foods'), ('Musculoskeletal pain', 'Physical well-being'), ('Coronary heart diseases', 'Exercise')]"
0,"[('Medical perspective that thin is good', 'Dysfunctional adipose tissue'), ('Mental well-being', 'Inflammation'), ('Socio-economic status', 'Blood pressure'), ('Physical well-being', 'Ability to engage in physical activity'), ('Public health messaging around thinness', 'Blood saturated fatty acid level'), ('Stress', 'Cortisol'), ('Poor body image', 'Unhealthy weight control practices'), ('Weight bias', 'Coronary heart diseases'), ('Resilience', 'Heart rate'), ('Cultural norms around thinness', 'Adipose storage of fatty acids'), ('Pressure to be thin', 'Obesity'), ('Culture of eating that promotes healthy choices', 'Blood glucose level'), ('Depression', 'Pro-inflammatory cytokines')]",-1,1,-1,1,1,"[('Culture of eating that promotes healthy choices', 'Physical well-being'), ('Weight bias', 'Socio-economic status'), ('Mental well-being', 'Physical well-being'), ('Socio-economic status', 'Stress'), ('Control', 'Mental well-being'), ('Socio-economic status', 'Physical well-being'), ('Public health messaging around thinness', 'Weight bias'), ('Resilience', 'Mental well-being'), ('Medical perspective that thin is good', 'Public health messaging around thinness'), ('Weight bias', 'Depression'), ('Control', 'Stress'), ('Socio-economic status', 'Mental well-being'), ('Medical perspective that thin is good', 'Cultural norms around thinness'), ('Weight bias', 'Mental well-being'), ('Cultural norms around thinness', 'Cultural norms around thinness'), ('Cultural norms around thinness', 'Poor body image'), ('Weight bias', 'Stress'), ('Poor body image', 'Poor body image'), ('Socio-economic status', 'Control'), ('Weight bias', 'Poor body image'), ('Pressure to be thin', 'Poor body image'), ('Depression', 'Stress'), ('Poor body image', 'Depression'), ('Culture of eating that promotes healthy choices', 'Mental well-being'), ('Cultural norms around thinness', 'Pressure to be thin'), ('Public health messaging around thinness', 'Pressure to be thin'), ('Physical well-being', 'Mental well-being')]","[('Medications', 'Balance'), ('Secretion of inflammatory molecules by adipose cells', 'Insulin resistance'), ('Obesity', 'Obstructive sleep apnea'), ('Dyslipidemia', 'Blood pressure'), ('Obesity', 'Gastro-esophageal reflux disease'), ('Auto-inflammatory diseases', 'Inflammation'), ('Atherosclerosis', 'Coronary heart diseases'), ('Release of adipokines', 'Atherosclerosis'), ('Blood mono-unsaturated fatty acid level', 'Secretion of inflammatory molecules by adipose cells'), ('Insulin resistance', 'Fatty acids in the artery walls'), ('Insulin resistance', 'Cells intake of fatty acids'), ('Adipose storage of fatty acids', 'Inflammation'), ('Thoracic and abdominal obesity', 'Airway resistance'), ('Thoracic and abdominal obesity', 'Respiratory muscle fatigue'), ('Unhealthy weight control practices', 'Obesity'), ('Sodium retention', 'Blood pressure'), ('Short sleep duration', 'Pro-inflammatory cytokines'), ('Medications', 'Obesity'), ('Balance', 'Ability to engage in physical activity'), ('Short sleep duration', 'Cortisol'), ('Airway resistance', 'Asthma'), ('Short sleep duration', 'Blood pressure'), ('Fatty acids in the artery walls', 'Atherosclerosis'), ('Dyslipidemia', 'Insulin resistance'), ('Blood glucose level', 'Fatty acids in the artery walls'), ('Respiratory diseases', 'Ability to engage in physical activity'), ('Blood saturated fatty acid level', 'Secretion of inflammatory molecules by adipose cells'), ('Dysfunctional adipose tissue', 'Inflammation'), ('Coordination', 'Ability to engage in physical activity'), ('Obesity', 'Short sleep duration'), ('Inflammation', 'Asthma'), ('Coronary heart diseases', 'Dyspnea'), ('Tiredness', 'Ability to engage in physical activity'), ('Short sleep duration', 'Heart rate'), ('Blood fatty acid level', 'Blood glucose level'), ('Pro-inflammatory cytokines', 'Inflammation'), ('Respiratory muscle fatigue', 'Dyspnea'), ('Heart rate', 'Coronary heart diseases'), ('Medications', 'Coordination'), ('Beta blockers', 'Ability to engage in physical activity'), ('Sodium intake', 'Blood pressure'), ('Airway resistance', 'Asthma-like symptoms'), ('Medications', 'Concentration'), ('Cells intake of fatty acids', 'Adipose storage of fatty acids'), ('Physical pain', 'Ability to engage in physical activity'), ('Concentration', 'Ability to engage in physical activity'), ('Obesity', 'Release of adipokines'), ('Blood glucose level', 'Sodium retention'), ('Stimulants', 'Short sleep duration'), ('Obesity', 'Dysfunctional adipose tissue'), ('Medications', 'Tiredness'), ('Inflammation', 'Insulin resistance'), ('Inflammation', 'Auto-inflammatory diseases'), ('Blood fatty acid level', 'Adipose storage of fatty acids'), ('Dysfunctional adipose tissue', 'Blood pressure'), ('Dysfunctional adipose tissue', 'Dyslipidemia'), ('Obesity', 'Unhealthy weight control practices'), ('Obesity', 'Asthma-like symptoms'), ('Dyslipidemia', 'Atherosclerosis')]","[('Prevalence of walking trails', 'Quality of the sport infrastructure'), ('Medications', 'Balance'), ('Culture of eating that promotes healthy choices', 'Physical well-being'), ('Secretion of inflammatory molecules by adipose cells', 'Insulin resistance'), ('Presence of a vibrant community', 'Control'), ('Obesity', 'Weight bias'), ('Healthy eating', 'Blood mono-unsaturated fatty acid level'), ('Exercise', 'Heart rate'), ('Available time', 'Recreational physical activity'), ('Chronic conditions', 'Depression'), ('Exercise', 'Insulin resistance'), ('Weight bias', 'Socio-economic status'), ('Mental well-being', 'Physical well-being'), ('Obesity', 'Obstructive sleep apnea'), ('Eating disorders', 'Healthy eating'), ('Consumer demand for regulations', 'Marketing of healthy foods'), ('Dyslipidemia', 'Blood pressure'), ('Obesity', 'Gastro-esophageal reflux disease'), ('Perceived environmental safety', 'Mental well-being'), ('Late night TV watching', 'Short sleep duration'), ('Auto-inflammatory diseases', 'Inflammation'), ('Depression', 'Healthy eating'), ('Socio-economic status', 'Stress'), ('Exercise', 'Blood glucose level'), ('Public support and demand for healthy products', 'Marketing of healthy foods'), ('Unhealthy foods are cheaper than healthy ones', 'Supportive food environment'), ('Control', 'Mental well-being'), ('Atherosclerosis', 'Coronary heart diseases'), ('Socio-economic status', 'Physical well-being'), ('Ability to engage in physical activity', 'Physical activity'), ('Public health messaging around thinness', 'Weight bias'), ('Public support and demand for healthy products', 'Availability of healthy foods'), ('Release of adipokines', 'Atherosclerosis'), ('Consumer demand for regulations', 'Marketing of unhealthy foods'), ('Resilience', 'Mental well-being'), ('Blood mono-unsaturated fatty acid level', 'Secretion of inflammatory molecules by adipose cells'), ('Medical perspective that thin is good', 'Public health messaging around thinness'), ('Mental well-being', 'Medications'), ('Sexual difficulties', 'Mental well-being'), ('Insulin resistance', 'Fatty acids in the artery walls'), ('Insulin resistance', 'Cells intake of fatty acids'), ('Sidewalk prevalence and maintenance', 'Utilitarian physical activity '), ('Adipose storage of fatty acids', 'Inflammation'), ('Socio-economic status', 'Exercise'), ('Thoracic and abdominal obesity', 'Airway resistance'), ('Healthy eating', 'Short sleep duration'), ('Perceived environmental safety', 'Physical well-being'), ('Weight bias', 'Depression'), ('Emotional eating', 'Mental well-being'), ('Late night TV watching', 'Healthy eating'), ('Control', 'Stress'), ('Aesthetics', 'Physical well-being'), ('Economic incentives to produce unhealthy food products', 'Cost of unhealthy foods'), ('Supportive food environment', 'Healthy eating'), ('Appetite', 'Physical well-being'), ('Thoracic and abdominal obesity', 'Respiratory muscle fatigue'), ('Cardiovascular diseases', 'Fear of engaging in physical activity'), ('Socio-economic status', 'Mental well-being'), ('Unhealthy weight control practices', 'Obesity'), ('Exercise', 'Blood pressure'), ('Sodium retention', 'Blood pressure'), ('Short sleep duration', 'Pro-inflammatory cytokines'), ('Medications', 'Obesity'), ('Short sleep duration', 'Appetite'), ('Balance', 'Ability to engage in physical activity'), ('Short sleep duration', 'Cortisol'), ('Airway resistance', 'Asthma'), ('Short sleep duration', 'Blood pressure'), ('Medical perspective that thin is good', 'Cultural norms around thinness'), ('Healthy eating', 'Blood glucose level'), ('Mental well-being', 'Anticonvulsants'), ('Fatty acids in the artery walls', 'Atherosclerosis'), ('Dyslipidemia', 'Insulin resistance'), ('Blood glucose level', 'Fatty acids in the artery walls'), ('Respiratory diseases', 'Ability to engage in physical activity'), ('Blood saturated fatty acid level', 'Secretion of inflammatory molecules by adipose cells'), ('Dysfunctional adipose tissue', 'Inflammation'), ('Weight bias', 'Mental well-being'), ('Coordination', 'Ability to engage in physical activity'), ('Cultural norms around thinness', 'Cultural norms around thinness'), ('Cultural norms around thinness', 'Poor body image'), ('Obesity', 'Short sleep duration'), ('Inflammation', 'Asthma'), ('Healthy eating', 'Sodium intake'), ('Cultural norms around thinness', 'Eating disorders'), ('Poor body image', 'Sexual difficulties'), ('Fear of engaging in physical activity', 'Physical activity'), ('Short sleep duration', 'Healthy eating'), ('Coronary heart diseases', 'Dyspnea'), ('Stress', 'Inflammation'), ('Weight bias', 'Stress'), ('Unhealthy weight control practices', 'Eating disorders'), ('Tiredness', 'Ability to engage in physical activity'), ('Short sleep duration', 'Heart rate'), ('Prevalence of bike trails', 'Quality of the sport infrastructure'), ('Exercise', 'Blood fatty acid level'), ('Mental well-being', 'Emotional eating'), ('Poor body image', 'Poor body image'), ('Blood fatty acid level', 'Blood glucose level'), ('Cardiovascular diseases', 'Depression'), ('Pro-inflammatory cytokines', 'Inflammation'), ('Prevalence of green fields', 'Quality of the sport infrastructure'), ('Mental well-being', 'Antipsychotics'), ('Socio-economic status', 'Control'), ('Weight bias', 'Poor body image'), ('Positive experience of sports', 'Recreational physical activity'), ('Public support and demand for healthy products', 'Cost of healthy foods'), ('Socio-economic status', 'Availability of healthy foods'), ('Cardiovascular diseases', 'Physical well-being'), ('Respiratory muscle fatigue', 'Dyspnea'), ('Heart rate', 'Coronary heart diseases'), ('Pressure to be thin', 'Poor body image'), ('Medications', 'Coordination'), ('Beta blockers', 'Ability to engage in physical activity'), ('Antipsychotics', 'Appetite'), ('Sodium intake', 'Blood pressure'), ('Pressure to be thin', 'Unhealthy weight control practices'), ('Airway resistance', 'Asthma-like symptoms'), ('Depression', 'Stress'), ('Medications', 'Concentration'), ('Public support and demand for healthy products', 'Marketing of unhealthy foods'), ('Poor body image', 'Eating disorders'), ('Emotional eating', 'Healthy eating'), ('Obesity', 'Access to health professionals'), ('Obesity', 'Mental well-being'), ('Unhealthy foods are more available than healthy ones', 'Supportive food environment'), ('Healthy eating', 'Blood saturated fatty acid level'), ('Presence of a vibrant community', 'Resilience'), ('Cells intake of fatty acids', 'Adipose storage of fatty acids'), ('Physical activity', 'Physical well-being'), ('Appetite', 'Healthy eating'), ('Aesthetics', 'Stress'), ('Chronic conditions', 'Mental well-being'), ('Weight bias', 'Positive experience of sports'), ('Healthy eating', 'Dyslipidemia'), ('Quality of the sport infrastructure', 'Recreational physical activity'), ('Physical pain', 'Ability to engage in physical activity'), ('Prevalence of green fields', 'Aesthetics'), ('Concentration', 'Ability to engage in physical activity'), ('Aesthetics', 'Mental well-being'), ('Poor body image', 'Depression'), ('Chronic conditions', 'Physical well-being'), ('Obesity', 'Release of adipokines'), ('Blood glucose level', 'Sodium retention'), ('Restrictive covenants', 'Availability of healthy foods'), ('Musculoskeletal pain', 'Mental well-being'), ('Weight bias', 'Unhealthy weight control practices'), ('Physical activity', 'Mental well-being'), ('Access to health professionals', 'Ability to engage in physical activity'), ('Stimulants', 'Short sleep duration'), ('Culture of eating that promotes healthy choices', 'Healthy eating'), ('Culture of eating that promotes healthy choices', 'Mental well-being'), ('Weight bias', 'Exercise'), ('Obesity', 'Dysfunctional adipose tissue'), ('Medications', 'Tiredness'), ('Inflammation', 'Insulin resistance'), ('Anticonvulsants', 'Appetite'), ('Inflammation', 'Auto-inflammatory diseases'), ('Accessibility to shops', 'Utilitarian physical activity '), ('Blood fatty acid level', 'Adipose storage of fatty acids'), ('Perceived environmental safety', 'Physical activity'), ('Short sleep duration', 'Physical well-being'), ('Cultural norms around thinness', 'Pressure to be thin'), ('Weight bias', 'Access to health professionals'), ('Public health messaging around thinness', 'Pressure to be thin'), ('Dysfunctional adipose tissue', 'Blood pressure'), ('Dysfunctional adipose tissue', 'Dyslipidemia'), ('Aesthetics', 'Utilitarian physical activity '), ('Obesity', 'Unhealthy weight control practices'), ('Obesity', 'Asthma-like symptoms'), ('Marketing ratio of unhealthy to healthy foods', 'Supportive food environment'), ('Dyslipidemia', 'Atherosclerosis'), ('Physical well-being', 'Mental well-being'), ('Public support and demand for healthy products', 'Cost of unhealthy foods'), ('Musculoskeletal pain', 'Physical well-being'), ('Coronary heart diseases', 'Exercise')]"
1,"[('Medical perspective that thin is good', 'Dysfunctional adipose tissue'), ('Mental well-being', 'Inflammation'), ('Socio-economic status', 'Blood pressure'), ('Physical well-being', 'Ability to engage in physical activity'), ('Public health messaging around thinness', 'Blood saturated fatty acid level'), ('Stress', 'Cortisol'), ('Poor body image', 'Unhealthy weight control practices'), ('Weight bias', 'Coronary heart diseases'), ('Resilience', 'Heart rate'), ('Cultural norms around thinness', 'Adipose storage of fatty acids'), ('Pressure to be thin', 'Obesity'), ('Culture of eating that promotes healthy choices', 'Blood glucose level'), ('Depression', 'Pro-inflammatory cytokines')]",-1,1,-1,1,1,"[('Culture of eating that promotes healthy choices', 'Physical well-being'), ('Weight bias', 'Socio-economic status'), ('Mental well-being', 'Physical well-being'), ('Socio-economic status', 'Stress'), ('Control', 'Mental well-being'), ('Socio-economic status', 'Physical well-being'), ('Public health messaging around thinness', 'Weight bias'), ('Resilience', 'Mental well-being'), ('Medical perspective that thin is good', 'Public health messaging around thinness'), ('Weight bias', 'Depression'), ('Control', 'Stress'), ('Socio-economic status', 'Mental well-being'), ('Medical perspective that thin is good', 'Cultural norms around thinness'), ('Weight bias', 'Mental well-being'), ('Cultural norms around thinness', 'Cultural norms around thinness'), ('Cultural norms around thinness', 'Poor body image'), ('Weight bias', 'Stress'), ('Poor body image', 'Poor body image'), ('Socio-economic status', 'Control'), ('Weight bias', 'Poor body image'), ('Pressure to be thin', 'Poor body image'), ('Depression', 'Stress'), ('Poor body image', 'Depression'), ('Culture of eating that promotes healthy choices', 'Mental well-being'), ('Cultural norms around thinness', 'Pressure to be thin'), ('Public health messaging around thinness', 'Pressure to be thin'), ('Physical well-being', 'Mental well-being')]","[('Medications', 'Balance'), ('Secretion of inflammatory molecules by adipose cells', 'Insulin resistance'), ('Obesity', 'Obstructive sleep apnea'), ('Dyslipidemia', 'Blood pressure'), ('Obesity', 'Gastro-esophageal reflux disease'), ('Auto-inflammatory diseases', 'Inflammation'), ('Atherosclerosis', 'Coronary heart diseases'), ('Release of adipokines', 'Atherosclerosis'), ('Blood mono-unsaturated fatty acid level', 'Secretion of inflammatory molecules by adipose cells'), ('Insulin resistance', 'Fatty acids in the artery walls'), ('Insulin resistance', 'Cells intake of fatty acids'), ('Adipose storage of fatty acids', 'Inflammation'), ('Thoracic and abdominal obesity', 'Airway resistance'), ('Thoracic and abdominal obesity', 'Respiratory muscle fatigue'), ('Unhealthy weight control practices', 'Obesity'), ('Sodium retention', 'Blood pressure'), ('Short sleep duration', 'Pro-inflammatory cytokines'), ('Medications', 'Obesity'), ('Balance', 'Ability to engage in physical activity'), ('Short sleep duration', 'Cortisol'), ('Airway resistance', 'Asthma'), ('Short sleep duration', 'Blood pressure'), ('Fatty acids in the artery walls', 'Atherosclerosis'), ('Dyslipidemia', 'Insulin resistance'), ('Blood glucose level', 'Fatty acids in the artery walls'), ('Respiratory diseases', 'Ability to engage in physical activity'), ('Blood saturated fatty acid level', 'Secretion of inflammatory molecules by adipose cells'), ('Dysfunctional adipose tissue', 'Inflammation'), ('Coordination', 'Ability to engage in physical activity'), ('Obesity', 'Short sleep duration'), ('Inflammation', 'Asthma'), ('Coronary heart diseases', 'Dyspnea'), ('Tiredness', 'Ability to engage in physical activity'), ('Short sleep duration', 'Heart rate'), ('Blood fatty acid level', 'Blood glucose level'), ('Pro-inflammatory cytokines', 'Inflammation'), ('Respiratory muscle fatigue', 'Dyspnea'), ('Heart rate', 'Coronary heart diseases'), ('Medications', 'Coordination'), ('Beta blockers', 'Ability to engage in physical activity'), ('Sodium intake', 'Blood pressure'), ('Airway resistance', 'Asthma-like symptoms'), ('Medications', 'Concentration'), ('Cells intake of fatty acids', 'Adipose storage of fatty acids'), ('Physical pain', 'Ability to engage in physical activity'), ('Concentration', 'Ability to engage in physical activity'), ('Obesity', 'Release of adipokines'), ('Blood glucose level', 'Sodium retention'), ('Stimulants', 'Short sleep duration'), ('Obesity', 'Dysfunctional adipose tissue'), ('Medications', 'Tiredness'), ('Inflammation', 'Insulin resistance'), ('Inflammation', 'Auto-inflammatory diseases'), ('Blood fatty acid level', 'Adipose storage of fatty acids'), ('Dysfunctional adipose tissue', 'Blood pressure'), ('Dysfunctional adipose tissue', 'Dyslipidemia'), ('Obesity', 'Unhealthy weight control practices'), ('Obesity', 'Asthma-like symptoms'), ('Dyslipidemia', 'Atherosclerosis')]","[('Prevalence of walking trails', 'Quality of the sport infrastructure'), ('Medications', 'Balance'), ('Culture of eating that promotes healthy choices', 'Physical well-being'), ('Secretion of inflammatory molecules by adipose cells', 'Insulin resistance'), ('Presence of a vibrant community', 'Control'), ('Obesity', 'Weight bias'), ('Healthy eating', 'Blood mono-unsaturated fatty acid level'), ('Exercise', 'Heart rate'), ('Available time', 'Recreational physical activity'), ('Chronic conditions', 'Depression'), ('Exercise', 'Insulin resistance'), ('Weight bias', 'Socio-economic status'), ('Mental well-being', 'Physical well-being'), ('Obesity', 'Obstructive sleep apnea'), ('Eating disorders', 'Healthy eating'), ('Consumer demand for regulations', 'Marketing of healthy foods'), ('Dyslipidemia', 'Blood pressure'), ('Obesity', 'Gastro-esophageal reflux disease'), ('Perceived environmental safety', 'Mental well-being'), ('Late night TV watching', 'Short sleep duration'), ('Auto-inflammatory diseases', 'Inflammation'), ('Depression', 'Healthy eating'), ('Socio-economic status', 'Stress'), ('Exercise', 'Blood glucose level'), ('Public support and demand for healthy products', 'Marketing of healthy foods'), ('Unhealthy foods are cheaper than healthy ones', 'Supportive food environment'), ('Control', 'Mental well-being'), ('Atherosclerosis', 'Coronary heart diseases'), ('Socio-economic status', 'Physical well-being'), ('Ability to engage in physical activity', 'Physical activity'), ('Public health messaging around thinness', 'Weight bias'), ('Public support and demand for healthy products', 'Availability of healthy foods'), ('Release of adipokines', 'Atherosclerosis'), ('Consumer demand for regulations', 'Marketing of unhealthy foods'), ('Resilience', 'Mental well-being'), ('Blood mono-unsaturated fatty acid level', 'Secretion of inflammatory molecules by adipose cells'), ('Medical perspective that thin is good', 'Public health messaging around thinness'), ('Mental well-being', 'Medications'), ('Sexual difficulties', 'Mental well-being'), ('Insulin resistance', 'Fatty acids in the artery walls'), ('Insulin resistance', 'Cells intake of fatty acids'), ('Sidewalk prevalence and maintenance', 'Utilitarian physical activity '), ('Adipose storage of fatty acids', 'Inflammation'), ('Socio-economic status', 'Exercise'), ('Thoracic and abdominal obesity', 'Airway resistance'), ('Healthy eating', 'Short sleep duration'), ('Perceived environmental safety', 'Physical well-being'), ('Weight bias', 'Depression'), ('Emotional eating', 'Mental well-being'), ('Late night TV watching', 'Healthy eating'), ('Control', 'Stress'), ('Aesthetics', 'Physical well-being'), ('Economic incentives to produce unhealthy food products', 'Cost of unhealthy foods'), ('Supportive food environment', 'Healthy eating'), ('Appetite', 'Physical well-being'), ('Thoracic and abdominal obesity', 'Respiratory muscle fatigue'), ('Cardiovascular diseases', 'Fear of engaging in physical activity'), ('Socio-economic status', 'Mental well-being'), ('Unhealthy weight control practices', 'Obesity'), ('Exercise', 'Blood pressure'), ('Sodium retention', 'Blood pressure'), ('Short sleep duration', 'Pro-inflammatory cytokines'), ('Medications', 'Obesity'), ('Short sleep duration', 'Appetite'), ('Balance', 'Ability to engage in physical activity'), ('Short sleep duration', 'Cortisol'), ('Airway resistance', 'Asthma'), ('Short sleep duration', 'Blood pressure'), ('Medical perspective that thin is good', 'Cultural norms around thinness'), ('Healthy eating', 'Blood glucose level'), ('Mental well-being', 'Anticonvulsants'), ('Fatty acids in the artery walls', 'Atherosclerosis'), ('Dyslipidemia', 'Insulin resistance'), ('Blood glucose level', 'Fatty acids in the artery walls'), ('Respiratory diseases', 'Ability to engage in physical activity'), ('Blood saturated fatty acid level', 'Secretion of inflammatory molecules by adipose cells'), ('Dysfunctional adipose tissue', 'Inflammation'), ('Weight bias', 'Mental well-being'), ('Coordination', 'Ability to engage in physical activity'), ('Cultural norms around thinness', 'Cultural norms around thinness'), ('Cultural norms around thinness', 'Poor body image'), ('Obesity', 'Short sleep duration'), ('Inflammation', 'Asthma'), ('Healthy eating', 'Sodium intake'), ('Cultural norms around thinness', 'Eating disorders'), ('Poor body image', 'Sexual difficulties'), ('Fear of engaging in physical activity', 'Physical activity'), ('Short sleep duration', 'Healthy eating'), ('Coronary heart diseases', 'Dyspnea'), ('Stress', 'Inflammation'), ('Weight bias', 'Stress'), ('Unhealthy weight control practices', 'Eating disorders'), ('Tiredness', 'Ability to engage in physical activity'), ('Short sleep duration', 'Heart rate'), ('Prevalence of bike trails', 'Quality of the sport infrastructure'), ('Exercise', 'Blood fatty acid level'), ('Mental well-being', 'Emotional eating'), ('Poor body image', 'Poor body image'), ('Blood fatty acid level', 'Blood glucose level'), ('Cardiovascular diseases', 'Depression'), ('Pro-inflammatory cytokines', 'Inflammation'), ('Prevalence of green fields', 'Quality of the sport infrastructure'), ('Mental well-being', 'Antipsychotics'), ('Socio-economic status', 'Control'), ('Weight bias', 'Poor body image'), ('Positive experience of sports', 'Recreational physical activity'), ('Public support and demand for healthy products', 'Cost of healthy foods'), ('Socio-economic status', 'Availability of healthy foods'), ('Cardiovascular diseases', 'Physical well-being'), ('Respiratory muscle fatigue', 'Dyspnea'), ('Heart rate', 'Coronary heart diseases'), ('Pressure to be thin', 'Poor body image'), ('Medications', 'Coordination'), ('Beta blockers', 'Ability to engage in physical activity'), ('Antipsychotics', 'Appetite'), ('Sodium intake', 'Blood pressure'), ('Pressure to be thin', 'Unhealthy weight control practices'), ('Airway resistance', 'Asthma-like symptoms'), ('Depression', 'Stress'), ('Medications', 'Concentration'), ('Public support and demand for healthy products', 'Marketing of unhealthy foods'), ('Poor body image', 'Eating disorders'), ('Emotional eating', 'Healthy eating'), ('Obesity', 'Access to health professionals'), ('Obesity', 'Mental well-being'), ('Unhealthy foods are more available than healthy ones', 'Supportive food environment'), ('Healthy eating', 'Blood saturated fatty acid level'), ('Presence of a vibrant community', 'Resilience'), ('Cells intake of fatty acids', 'Adipose storage of fatty acids'), ('Physical activity', 'Physical well-being'), ('Appetite', 'Healthy eating'), ('Aesthetics', 'Stress'), ('Chronic conditions', 'Mental well-being'), ('Weight bias', 'Positive experience of sports'), ('Healthy eating', 'Dyslipidemia'), ('Quality of the sport infrastructure', 'Recreational physical activity'), ('Physical pain', 'Ability to engage in physical activity'), ('Prevalence of green fields', 'Aesthetics'), ('Concentration', 'Ability to engage in physical activity'), ('Aesthetics', 'Mental well-being'), ('Poor body image', 'Depression'), ('Chronic conditions', 'Physical well-being'), ('Obesity', 'Release of adipokines'), ('Blood glucose level', 'Sodium retention'), ('Restrictive covenants', 'Availability of healthy foods'), ('Musculoskeletal pain', 'Mental well-being'), ('Weight bias', 'Unhealthy weight control practices'), ('Physical activity', 'Mental well-being'), ('Access to health professionals', 'Ability to engage in physical activity'), ('Stimulants', 'Short sleep duration'), ('Culture of eating that promotes healthy choices', 'Healthy eating'), ('Culture of eating that promotes healthy choices', 'Mental well-being'), ('Weight bias', 'Exercise'), ('Obesity', 'Dysfunctional adipose tissue'), ('Medications', 'Tiredness'), ('Inflammation', 'Insulin resistance'), ('Anticonvulsants', 'Appetite'), ('Inflammation', 'Auto-inflammatory diseases'), ('Accessibility to shops', 'Utilitarian physical activity '), ('Blood fatty acid level', 'Adipose storage of fatty acids'), ('Perceived environmental safety', 'Physical activity'), ('Short sleep duration', 'Physical well-being'), ('Cultural norms around thinness', 'Pressure to be thin'), ('Weight bias', 'Access to health professionals'), ('Public health messaging around thinness', 'Pressure to be thin'), ('Dysfunctional adipose tissue', 'Blood pressure'), ('Dysfunctional adipose tissue', 'Dyslipidemia'), ('Aesthetics', 'Utilitarian physical activity '), ('Obesity', 'Unhealthy weight control practices'), ('Obesity', 'Asthma-like symptoms'), ('Marketing ratio of unhealthy to healthy foods', 'Supportive food environment'), ('Dyslipidemia', 'Atherosclerosis'), ('Physical well-being', 'Mental well-being'), ('Public support and demand for healthy products', 'Cost of unhealthy foods'), ('Musculoskeletal pain', 'Physical well-being'), ('Coronary heart diseases', 'Exercise')]"
2,"[('Medical perspective that thin is good', 'Dysfunctional adipose tissue'), ('Mental well-being', 'Inflammation'), ('Socio-economic status', 'Blood pressure'), ('Physical well-being', 'Ability to engage in physical activity'), ('Public health messaging around thinness', 'Blood saturated fatty acid level'), ('Stress', 'Cortisol'), ('Poor body image', 'Unhealthy weight control practices'), ('Weight bias', 'Coronary heart diseases'), ('Resilience', 'Heart rate'), ('Cultural norms around thinness', 'Adipose storage of fatty acids'), ('Pressure to be thin', 'Obesity'), ('Culture of eating that promotes healthy choices', 'Blood glucose level'), ('Depression', 'Pro-inflammatory cytokines')]",-1,1,-1,1,1,"[('Culture of eating that promotes healthy choices', 'Physical well-being'), ('Weight bias', 'Socio-economic status'), ('Mental well-being', 'Physical well-being'), ('Socio-economic status', 'Stress'), ('Control', 'Mental well-being'), ('Socio-economic status', 'Physical well-being'), ('Public health messaging around thinness', 'Weight bias'), ('Resilience', 'Mental well-being'), ('Medical perspective that thin is good', 'Public health messaging around thinness'), ('Weight bias', 'Depression'), ('Control', 'Stress'), ('Socio-economic status', 'Mental well-being'), ('Medical perspective that thin is good', 'Cultural norms around thinness'), ('Weight bias', 'Mental well-being'), ('Cultural norms around thinness', 'Cultural norms around thinness'), ('Cultural norms around thinness', 'Poor body image'), ('Weight bias', 'Stress'), ('Poor body image', 'Poor body image'), ('Socio-economic status', 'Control'), ('Weight bias', 'Poor body image'), ('Pressure to be thin', 'Poor body image'), ('Depression', 'Stress'), ('Poor body image', 'Depression'), ('Culture of eating that promotes healthy choices', 'Mental well-being'), ('Cultural norms around thinness', 'Pressure to be thin'), ('Public health messaging around thinness', 'Pressure to be thin'), ('Physical well-being', 'Mental well-being')]","[('Medications', 'Balance'), ('Secretion of inflammatory molecules by adipose cells', 'Insulin resistance'), ('Obesity', 'Obstructive sleep apnea'), ('Dyslipidemia', 'Blood pressure'), ('Obesity', 'Gastro-esophageal reflux disease'), ('Auto-inflammatory diseases', 'Inflammation'), ('Atherosclerosis', 'Coronary heart diseases'), ('Release of adipokines', 'Atherosclerosis'), ('Blood mono-unsaturated fatty acid level', 'Secretion of inflammatory molecules by adipose cells'), ('Insulin resistance', 'Fatty acids in the artery walls'), ('Insulin resistance', 'Cells intake of fatty acids'), ('Adipose storage of fatty acids', 'Inflammation'), ('Thoracic and abdominal obesity', 'Airway resistance'), ('Thoracic and abdominal obesity', 'Respiratory muscle fatigue'), ('Unhealthy weight control practices', 'Obesity'), ('Sodium retention', 'Blood pressure'), ('Short sleep duration', 'Pro-inflammatory cytokines'), ('Medications', 'Obesity'), ('Balance', 'Ability to engage in physical activity'), ('Short sleep duration', 'Cortisol'), ('Airway resistance', 'Asthma'), ('Short sleep duration', 'Blood pressure'), ('Fatty acids in the artery walls', 'Atherosclerosis'), ('Dyslipidemia', 'Insulin resistance'), ('Blood glucose level', 'Fatty acids in the artery walls'), ('Respiratory diseases', 'Ability to engage in physical activity'), ('Blood saturated fatty acid level', 'Secretion of inflammatory molecules by adipose cells'), ('Dysfunctional adipose tissue', 'Inflammation'), ('Coordination', 'Ability to engage in physical activity'), ('Obesity', 'Short sleep duration'), ('Inflammation', 'Asthma'), ('Coronary heart diseases', 'Dyspnea'), ('Tiredness', 'Ability to engage in physical activity'), ('Short sleep duration', 'Heart rate'), ('Blood fatty acid level', 'Blood glucose level'), ('Pro-inflammatory cytokines', 'Inflammation'), ('Respiratory muscle fatigue', 'Dyspnea'), ('Heart rate', 'Coronary heart diseases'), ('Medications', 'Coordination'), ('Beta blockers', 'Ability to engage in physical activity'), ('Sodium intake', 'Blood pressure'), ('Airway resistance', 'Asthma-like symptoms'), ('Medications', 'Concentration'), ('Cells intake of fatty acids', 'Adipose storage of fatty acids'), ('Physical pain', 'Ability to engage in physical activity'), ('Concentration', 'Ability to engage in physical activity'), ('Obesity', 'Release of adipokines'), ('Blood glucose level', 'Sodium retention'), ('Stimulants', 'Short sleep duration'), ('Obesity', 'Dysfunctional adipose tissue'), ('Medications', 'Tiredness'), ('Inflammation', 'Insulin resistance'), ('Inflammation', 'Auto-inflammatory diseases'), ('Blood fatty acid level', 'Adipose storage of fatty acids'), ('Dysfunctional adipose tissue', 'Blood pressure'), ('Dysfunctional adipose tissue', 'Dyslipidemia'), ('Obesity', 'Unhealthy weight control practices'), ('Obesity', 'Asthma-like symptoms'), ('Dyslipidemia', 'Atherosclerosis')]","[('Prevalence of walking trails', 'Quality of the sport infrastructure'), ('Medications', 'Balance'), ('Culture of eating that promotes healthy choices', 'Physical well-being'), ('Secretion of inflammatory molecules by adipose cells', 'Insulin resistance'), ('Presence of a vibrant community', 'Control'), ('Obesity', 'Weight bias'), ('Healthy eating', 'Blood mono-unsaturated fatty acid level'), ('Exercise', 'Heart rate'), ('Available time', 'Recreational physical activity'), ('Chronic conditions', 'Depression'), ('Exercise', 'Insulin resistance'), ('Weight bias', 'Socio-economic status'), ('Mental well-being', 'Physical well-being'), ('Obesity', 'Obstructive sleep apnea'), ('Eating disorders', 'Healthy eating'), ('Consumer demand for regulations', 'Marketing of healthy foods'), ('Dyslipidemia', 'Blood pressure'), ('Obesity', 'Gastro-esophageal reflux disease'), ('Perceived environmental safety', 'Mental well-being'), ('Late night TV watching', 'Short sleep duration'), ('Auto-inflammatory diseases', 'Inflammation'), ('Depression', 'Healthy eating'), ('Socio-economic status', 'Stress'), ('Exercise', 'Blood glucose level'), ('Public support and demand for healthy products', 'Marketing of healthy foods'), ('Unhealthy foods are cheaper than healthy ones', 'Supportive food environment'), ('Control', 'Mental well-being'), ('Atherosclerosis', 'Coronary heart diseases'), ('Socio-economic status', 'Physical well-being'), ('Ability to engage in physical activity', 'Physical activity'), ('Public health messaging around thinness', 'Weight bias'), ('Public support and demand for healthy products', 'Availability of healthy foods'), ('Release of adipokines', 'Atherosclerosis'), ('Consumer demand for regulations', 'Marketing of unhealthy foods'), ('Resilience', 'Mental well-being'), ('Blood mono-unsaturated fatty acid level', 'Secretion of inflammatory molecules by adipose cells'), ('Medical perspective that thin is good', 'Public health messaging around thinness'), ('Mental well-being', 'Medications'), ('Sexual difficulties', 'Mental well-being'), ('Insulin resistance', 'Fatty acids in the artery walls'), ('Insulin resistance', 'Cells intake of fatty acids'), ('Sidewalk prevalence and maintenance', 'Utilitarian physical activity '), ('Adipose storage of fatty acids', 'Inflammation'), ('Socio-economic status', 'Exercise'), ('Thoracic and abdominal obesity', 'Airway resistance'), ('Healthy eating', 'Short sleep duration'), ('Perceived environmental safety', 'Physical well-being'), ('Weight bias', 'Depression'), ('Emotional eating', 'Mental well-being'), ('Late night TV watching', 'Healthy eating'), ('Control', 'Stress'), ('Aesthetics', 'Physical well-being'), ('Economic incentives to produce unhealthy food products', 'Cost of unhealthy foods'), ('Supportive food environment', 'Healthy eating'), ('Appetite', 'Physical well-being'), ('Thoracic and abdominal obesity', 'Respiratory muscle fatigue'), ('Cardiovascular diseases', 'Fear of engaging in physical activity'), ('Socio-economic status', 'Mental well-being'), ('Unhealthy weight control practices', 'Obesity'), ('Exercise', 'Blood pressure'), ('Sodium retention', 'Blood pressure'), ('Short sleep duration', 'Pro-inflammatory cytokines'), ('Medications', 'Obesity'), ('Short sleep duration', 'Appetite'), ('Balance', 'Ability to engage in physical activity'), ('Short sleep duration', 'Cortisol'), ('Airway resistance', 'Asthma'), ('Short sleep duration', 'Blood pressure'), ('Medical perspective that thin is good', 'Cultural norms around thinness'), ('Healthy eating', 'Blood glucose level'), ('Mental well-being', 'Anticonvulsants'), ('Fatty acids in the artery walls', 'Atherosclerosis'), ('Dyslipidemia', 'Insulin resistance'), ('Blood glucose level', 'Fatty acids in the artery walls'), ('Respiratory diseases', 'Ability to engage in physical activity'), ('Blood saturated fatty acid level', 'Secretion of inflammatory molecules by adipose cells'), ('Dysfunctional adipose tissue', 'Inflammation'), ('Weight bias', 'Mental well-being'), ('Coordination', 'Ability to engage in physical activity'), ('Cultural norms around thinness', 'Cultural norms around thinness'), ('Cultural norms around thinness', 'Poor body image'), ('Obesity', 'Short sleep duration'), ('Inflammation', 'Asthma'), ('Healthy eating', 'Sodium intake'), ('Cultural norms around thinness', 'Eating disorders'), ('Poor body image', 'Sexual difficulties'), ('Fear of engaging in physical activity', 'Physical activity'), ('Short sleep duration', 'Healthy eating'), ('Coronary heart diseases', 'Dyspnea'), ('Stress', 'Inflammation'), ('Weight bias', 'Stress'), ('Unhealthy weight control practices', 'Eating disorders'), ('Tiredness', 'Ability to engage in physical activity'), ('Short sleep duration', 'Heart rate'), ('Prevalence of bike trails', 'Quality of the sport infrastructure'), ('Exercise', 'Blood fatty acid level'), ('Mental well-being', 'Emotional eating'), ('Poor body image', 'Poor body image'), ('Blood fatty acid level', 'Blood glucose level'), ('Cardiovascular diseases', 'Depression'), ('Pro-inflammatory cytokines', 'Inflammation'), ('Prevalence of green fields', 'Quality of the sport infrastructure'), ('Mental well-being', 'Antipsychotics'), ('Socio-economic status', 'Control'), ('Weight bias', 'Poor body image'), ('Positive experience of sports', 'Recreational physical activity'), ('Public support and demand for healthy products', 'Cost of healthy foods'), ('Socio-economic status', 'Availability of healthy foods'), ('Cardiovascular diseases', 'Physical well-being'), ('Respiratory muscle fatigue', 'Dyspnea'), ('Heart rate', 'Coronary heart diseases'), ('Pressure to be thin', 'Poor body image'), ('Medications', 'Coordination'), ('Beta blockers', 'Ability to engage in physical activity'), ('Antipsychotics', 'Appetite'), ('Sodium intake', 'Blood pressure'), ('Pressure to be thin', 'Unhealthy weight control practices'), ('Airway resistance', 'Asthma-like symptoms'), ('Depression', 'Stress'), ('Medications', 'Concentration'), ('Public support and demand for healthy products', 'Marketing of unhealthy foods'), ('Poor body image', 'Eating disorders'), ('Emotional eating', 'Healthy eating'), ('Obesity', 'Access to health professionals'), ('Obesity', 'Mental well-being'), ('Unhealthy foods are more available than healthy ones', 'Supportive food environment'), ('Healthy eating', 'Blood saturated fatty acid level'), ('Presence of a vibrant community', 'Resilience'), ('Cells intake of fatty acids', 'Adipose storage of fatty acids'), ('Physical activity', 'Physical well-being'), ('Appetite', 'Healthy eating'), ('Aesthetics', 'Stress'), ('Chronic conditions', 'Mental well-being'), ('Weight bias', 'Positive experience of sports'), ('Healthy eating', 'Dyslipidemia'), ('Quality of the sport infrastructure', 'Recreational physical activity'), ('Physical pain', 'Ability to engage in physical activity'), ('Prevalence of green fields', 'Aesthetics'), ('Concentration', 'Ability to engage in physical activity'), ('Aesthetics', 'Mental well-being'), ('Poor body image', 'Depression'), ('Chronic conditions', 'Physical well-being'), ('Obesity', 'Release of adipokines'), ('Blood glucose level', 'Sodium retention'), ('Restrictive covenants', 'Availability of healthy foods'), ('Musculoskeletal pain', 'Mental well-being'), ('Weight bias', 'Unhealthy weight control practices'), ('Physical activity', 'Mental well-being'), ('Access to health professionals', 'Ability to engage in physical activity'), ('Stimulants', 'Short sleep duration'), ('Culture of eating that promotes healthy choices', 'Healthy eating'), ('Culture of eating that promotes healthy choices', 'Mental well-being'), ('Weight bias', 'Exercise'), ('Obesity', 'Dysfunctional adipose tissue'), ('Medications', 'Tiredness'), ('Inflammation', 'Insulin resistance'), ('Anticonvulsants', 'Appetite'), ('Inflammation', 'Auto-inflammatory diseases'), ('Accessibility to shops', 'Utilitarian physical activity '), ('Blood fatty acid level', 'Adipose storage of fatty acids'), ('Perceived environmental safety', 'Physical activity'), ('Short sleep duration', 'Physical well-being'), ('Cultural norms around thinness', 'Pressure to be thin'), ('Weight bias', 'Access to health professionals'), ('Public health messaging around thinness', 'Pressure to be thin'), ('Dysfunctional adipose tissue', 'Blood pressure'), ('Dysfunctional adipose tissue', 'Dyslipidemia'), ('Aesthetics', 'Utilitarian physical activity '), ('Obesity', 'Unhealthy weight control practices'), ('Obesity', 'Asthma-like symptoms'), ('Marketing ratio of unhealthy to healthy foods', 'Supportive food environment'), ('Dyslipidemia', 'Atherosclerosis'), ('Physical well-being', 'Mental well-being'), ('Public support and demand for healthy products', 'Cost of unhealthy foods'), ('Musculoskeletal pain', 'Physical well-being'), ('Coronary heart diseases', 'Exercise')]"
3,"[('Medical perspective that thin is good', 'Dysfunctional adipose tissue'), ('Mental well-being', 'Inflammation'), ('Socio-economic status', 'Blood pressure'), ('Physical well-being', 'Ability to engage in physical activity'), ('Public health messaging around thinness', 'Blood saturated fatty acid level'), ('Stress', 'Cortisol'), ('Poor body image', 'Unhealthy weight control practices'), ('Weight bias', 'Coronary heart diseases'), ('Resilience', 'Heart rate'), ('Cultural norms around thinness', 'Adipose storage of fatty acids'), ('Pressure to be thin', 'Obesity'), ('Culture of eating that promotes healthy choices', 'Blood glucose level'), ('Depression', 'Pro-inflammatory cytokines')]",-1,1,-1,1,1,"[('Culture of eating that promotes healthy choices', 'Physical well-being'), ('Weight bias', 'Socio-economic status'), ('Mental well-being', 'Physical well-being'), ('Socio-economic status', 'Stress'), ('Control', 'Mental well-being'), ('Socio-economic status', 'Physical well-being'), ('Public health messaging around thinness', 'Weight bias'), ('Resilience', 'Mental well-being'), ('Medical perspective that thin is good', 'Public health messaging around thinness'), ('Weight bias', 'Depression'), ('Control', 'Stress'), ('Socio-economic status', 'Mental well-being'), ('Medical perspective that thin is good', 'Cultural norms around thinness'), ('Weight bias', 'Mental well-being'), ('Cultural norms around thinness', 'Cultural norms around thinness'), ('Cultural norms around thinness', 'Poor body image'), ('Weight bias', 'Stress'), ('Poor body image', 'Poor body image'), ('Socio-economic status', 'Control'), ('Weight bias', 'Poor body image'), ('Pressure to be thin', 'Poor body image'), ('Depression', 'Stress'), ('Poor body image', 'Depression'), ('Culture of eating that promotes healthy choices', 'Mental well-being'), ('Cultural norms around thinness', 'Pressure to be thin'), ('Public health messaging around thinness', 'Pressure to be thin'), ('Physical well-being', 'Mental well-being')]","[('Medications', 'Balance'), ('Secretion of inflammatory molecules by adipose cells', 'Insulin resistance'), ('Obesity', 'Obstructive sleep apnea'), ('Dyslipidemia', 'Blood pressure'), ('Obesity', 'Gastro-esophageal reflux disease'), ('Auto-inflammatory diseases', 'Inflammation'), ('Atherosclerosis', 'Coronary heart diseases'), ('Release of adipokines', 'Atherosclerosis'), ('Blood mono-unsaturated fatty acid level', 'Secretion of inflammatory molecules by adipose cells'), ('Insulin resistance', 'Fatty acids in the artery walls'), ('Insulin resistance', 'Cells intake of fatty acids'), ('Adipose storage of fatty acids', 'Inflammation'), ('Thoracic and abdominal obesity', 'Airway resistance'), ('Thoracic and abdominal obesity', 'Respiratory muscle fatigue'), ('Unhealthy weight control practices', 'Obesity'), ('Sodium retention', 'Blood pressure'), ('Short sleep duration', 'Pro-inflammatory cytokines'), ('Medications', 'Obesity'), ('Balance', 'Ability to engage in physical activity'), ('Short sleep duration', 'Cortisol'), ('Airway resistance', 'Asthma'), ('Short sleep duration', 'Blood pressure'), ('Fatty acids in the artery walls', 'Atherosclerosis'), ('Dyslipidemia', 'Insulin resistance'), ('Blood glucose level', 'Fatty acids in the artery walls'), ('Respiratory diseases', 'Ability to engage in physical activity'), ('Blood saturated fatty acid level', 'Secretion of inflammatory molecules by adipose cells'), ('Dysfunctional adipose tissue', 'Inflammation'), ('Coordination', 'Ability to engage in physical activity'), ('Obesity', 'Short sleep duration'), ('Inflammation', 'Asthma'), ('Coronary heart diseases', 'Dyspnea'), ('Tiredness', 'Ability to engage in physical activity'), ('Short sleep duration', 'Heart rate'), ('Blood fatty acid level', 'Blood glucose level'), ('Pro-inflammatory cytokines', 'Inflammation'), ('Respiratory muscle fatigue', 'Dyspnea'), ('Heart rate', 'Coronary heart diseases'), ('Medications', 'Coordination'), ('Beta blockers', 'Ability to engage in physical activity'), ('Sodium intake', 'Blood pressure'), ('Airway resistance', 'Asthma-like symptoms'), ('Medications', 'Concentration'), ('Cells intake of fatty acids', 'Adipose storage of fatty acids'), ('Physical pain', 'Ability to engage in physical activity'), ('Concentration', 'Ability to engage in physical activity'), ('Obesity', 'Release of adipokines'), ('Blood glucose level', 'Sodium retention'), ('Stimulants', 'Short sleep duration'), ('Obesity', 'Dysfunctional adipose tissue'), ('Medications', 'Tiredness'), ('Inflammation', 'Insulin resistance'), ('Inflammation', 'Auto-inflammatory diseases'), ('Blood fatty acid level', 'Adipose storage of fatty acids'), ('Dysfunctional adipose tissue', 'Blood pressure'), ('Dysfunctional adipose tissue', 'Dyslipidemia'), ('Obesity', 'Unhealthy weight control practices'), ('Obesity', 'Asthma-like symptoms'), ('Dyslipidemia', 'Atherosclerosis')]","[('Prevalence of walking trails', 'Quality of the sport infrastructure'), ('Medications', 'Balance'), ('Culture of eating that promotes healthy choices', 'Physical well-being'), ('Secretion of inflammatory molecules by adipose cells', 'Insulin resistance'), ('Presence of a vibrant community', 'Control'), ('Obesity', 'Weight bias'), ('Healthy eating', 'Blood mono-unsaturated fatty acid level'), ('Exercise', 'Heart rate'), ('Available time', 'Recreational physical activity'), ('Chronic conditions', 'Depression'), ('Exercise', 'Insulin resistance'), ('Weight bias', 'Socio-economic status'), ('Mental well-being', 'Physical well-being'), ('Obesity', 'Obstructive sleep apnea'), ('Eating disorders', 'Healthy eating'), ('Consumer demand for regulations', 'Marketing of healthy foods'), ('Dyslipidemia', 'Blood pressure'), ('Obesity', 'Gastro-esophageal reflux disease'), ('Perceived environmental safety', 'Mental well-being'), ('Late night TV watching', 'Short sleep duration'), ('Auto-inflammatory diseases', 'Inflammation'), ('Depression', 'Healthy eating'), ('Socio-economic status', 'Stress'), ('Exercise', 'Blood glucose level'), ('Public support and demand for healthy products', 'Marketing of healthy foods'), ('Unhealthy foods are cheaper than healthy ones', 'Supportive food environment'), ('Control', 'Mental well-being'), ('Atherosclerosis', 'Coronary heart diseases'), ('Socio-economic status', 'Physical well-being'), ('Ability to engage in physical activity', 'Physical activity'), ('Public health messaging around thinness', 'Weight bias'), ('Public support and demand for healthy products', 'Availability of healthy foods'), ('Release of adipokines', 'Atherosclerosis'), ('Consumer demand for regulations', 'Marketing of unhealthy foods'), ('Resilience', 'Mental well-being'), ('Blood mono-unsaturated fatty acid level', 'Secretion of inflammatory molecules by adipose cells'), ('Medical perspective that thin is good', 'Public health messaging around thinness'), ('Mental well-being', 'Medications'), ('Sexual difficulties', 'Mental well-being'), ('Insulin resistance', 'Fatty acids in the artery walls'), ('Insulin resistance', 'Cells intake of fatty acids'), ('Sidewalk prevalence and maintenance', 'Utilitarian physical activity '), ('Adipose storage of fatty acids', 'Inflammation'), ('Socio-economic status', 'Exercise'), ('Thoracic and abdominal obesity', 'Airway resistance'), ('Healthy eating', 'Short sleep duration'), ('Perceived environmental safety', 'Physical well-being'), ('Weight bias', 'Depression'), ('Emotional eating', 'Mental well-being'), ('Late night TV watching', 'Healthy eating'), ('Control', 'Stress'), ('Aesthetics', 'Physical well-being'), ('Economic incentives to produce unhealthy food products', 'Cost of unhealthy foods'), ('Supportive food environment', 'Healthy eating'), ('Appetite', 'Physical well-being'), ('Thoracic and abdominal obesity', 'Respiratory muscle fatigue'), ('Cardiovascular diseases', 'Fear of engaging in physical activity'), ('Socio-economic status', 'Mental well-being'), ('Unhealthy weight control practices', 'Obesity'), ('Exercise', 'Blood pressure'), ('Sodium retention', 'Blood pressure'), ('Short sleep duration', 'Pro-inflammatory cytokines'), ('Medications', 'Obesity'), ('Short sleep duration', 'Appetite'), ('Balance', 'Ability to engage in physical activity'), ('Short sleep duration', 'Cortisol'), ('Airway resistance', 'Asthma'), ('Short sleep duration', 'Blood pressure'), ('Medical perspective that thin is good', 'Cultural norms around thinness'), ('Healthy eating', 'Blood glucose level'), ('Mental well-being', 'Anticonvulsants'), ('Fatty acids in the artery walls', 'Atherosclerosis'), ('Dyslipidemia', 'Insulin resistance'), ('Blood glucose level', 'Fatty acids in the artery walls'), ('Respiratory diseases', 'Ability to engage in physical activity'), ('Blood saturated fatty acid level', 'Secretion of inflammatory molecules by adipose cells'), ('Dysfunctional adipose tissue', 'Inflammation'), ('Weight bias', 'Mental well-being'), ('Coordination', 'Ability to engage in physical activity'), ('Cultural norms around thinness', 'Cultural norms around thinness'), ('Cultural norms around thinness', 'Poor body image'), ('Obesity', 'Short sleep duration'), ('Inflammation', 'Asthma'), ('Healthy eating', 'Sodium intake'), ('Cultural norms around thinness', 'Eating disorders'), ('Poor body image', 'Sexual difficulties'), ('Fear of engaging in physical activity', 'Physical activity'), ('Short sleep duration', 'Healthy eating'), ('Coronary heart diseases', 'Dyspnea'), ('Stress', 'Inflammation'), ('Weight bias', 'Stress'), ('Unhealthy weight control practices', 'Eating disorders'), ('Tiredness', 'Ability to engage in physical activity'), ('Short sleep duration', 'Heart rate'), ('Prevalence of bike trails', 'Quality of the sport infrastructure'), ('Exercise', 'Blood fatty acid level'), ('Mental well-being', 'Emotional eating'), ('Poor body image', 'Poor body image'), ('Blood fatty acid level', 'Blood glucose level'), ('Cardiovascular diseases', 'Depression'), ('Pro-inflammatory cytokines', 'Inflammation'), ('Prevalence of green fields', 'Quality of the sport infrastructure'), ('Mental well-being', 'Antipsychotics'), ('Socio-economic status', 'Control'), ('Weight bias', 'Poor body image'), ('Positive experience of sports', 'Recreational physical activity'), ('Public support and demand for healthy products', 'Cost of healthy foods'), ('Socio-economic status', 'Availability of healthy foods'), ('Cardiovascular diseases', 'Physical well-being'), ('Respiratory muscle fatigue', 'Dyspnea'), ('Heart rate', 'Coronary heart diseases'), ('Pressure to be thin', 'Poor body image'), ('Medications', 'Coordination'), ('Beta blockers', 'Ability to engage in physical activity'), ('Antipsychotics', 'Appetite'), ('Sodium intake', 'Blood pressure'), ('Pressure to be thin', 'Unhealthy weight control practices'), ('Airway resistance', 'Asthma-like symptoms'), ('Depression', 'Stress'), ('Medications', 'Concentration'), ('Public support and demand for healthy products', 'Marketing of unhealthy foods'), ('Poor body image', 'Eating disorders'), ('Emotional eating', 'Healthy eating'), ('Obesity', 'Access to health professionals'), ('Obesity', 'Mental well-being'), ('Unhealthy foods are more available than healthy ones', 'Supportive food environment'), ('Healthy eating', 'Blood saturated fatty acid level'), ('Presence of a vibrant community', 'Resilience'), ('Cells intake of fatty acids', 'Adipose storage of fatty acids'), ('Physical activity', 'Physical well-being'), ('Appetite', 'Healthy eating'), ('Aesthetics', 'Stress'), ('Chronic conditions', 'Mental well-being'), ('Weight bias', 'Positive experience of sports'), ('Healthy eating', 'Dyslipidemia'), ('Quality of the sport infrastructure', 'Recreational physical activity'), ('Physical pain', 'Ability to engage in physical activity'), ('Prevalence of green fields', 'Aesthetics'), ('Concentration', 'Ability to engage in physical activity'), ('Aesthetics', 'Mental well-being'), ('Poor body image', 'Depression'), ('Chronic conditions', 'Physical well-being'), ('Obesity', 'Release of adipokines'), ('Blood glucose level', 'Sodium retention'), ('Restrictive covenants', 'Availability of healthy foods'), ('Musculoskeletal pain', 'Mental well-being'), ('Weight bias', 'Unhealthy weight control practices'), ('Physical activity', 'Mental well-being'), ('Access to health professionals', 'Ability to engage in physical activity'), ('Stimulants', 'Short sleep duration'), ('Culture of eating that promotes healthy choices', 'Healthy eating'), ('Culture of eating that promotes healthy choices', 'Mental well-being'), ('Weight bias', 'Exercise'), ('Obesity', 'Dysfunctional adipose tissue'), ('Medications', 'Tiredness'), ('Inflammation', 'Insulin resistance'), ('Anticonvulsants', 'Appetite'), ('Inflammation', 'Auto-inflammatory diseases'), ('Accessibility to shops', 'Utilitarian physical activity '), ('Blood fatty acid level', 'Adipose storage of fatty acids'), ('Perceived environmental safety', 'Physical activity'), ('Short sleep duration', 'Physical well-being'), ('Cultural norms around thinness', 'Pressure to be thin'), ('Weight bias', 'Access to health professionals'), ('Public health messaging around thinness', 'Pressure to be thin'), ('Dysfunctional adipose tissue', 'Blood pressure'), ('Dysfunctional adipose tissue', 'Dyslipidemia'), ('Aesthetics', 'Utilitarian physical activity '), ('Obesity', 'Unhealthy weight control practices'), ('Obesity', 'Asthma-like symptoms'), ('Marketing ratio of unhealthy to healthy foods', 'Supportive food environment'), ('Dyslipidemia', 'Atherosclerosis'), ('Physical well-being', 'Mental well-being'), ('Public support and demand for healthy products', 'Cost of unhealthy foods'), ('Musculoskeletal pain', 'Physical well-being'), ('Coronary heart diseases', 'Exercise')]"
4,"[('Medical perspective that thin is good', 'Dysfunctional adipose tissue'), ('Mental well-being', 'Inflammation'), ('Socio-economic status', 'Blood pressure'), ('Physical well-being', 'Ability to engage in physical activity'), ('Public health messaging around thinness', 'Blood saturated fatty acid level'), ('Stress', 'Cortisol'), ('Poor body image', 'Unhealthy weight control practices'), ('Weight bias', 'Coronary heart diseases'), ('Resilience', 'Heart rate'), ('Cultural norms around thinness', 'Adipose storage of fatty acids'), ('Pressure to be thin', 'Obesity'), ('Culture of eating that promotes healthy choices', 'Blood glucose level'), ('Depression', 'Pro-inflammatory cytokines')]",-1,1,-1,1,1,"[('Culture of eating that promotes healthy choices', 'Physical well-being'), ('Weight bias', 'Socio-economic status'), ('Mental well-being', 'Physical well-being'), ('Socio-economic status', 'Stress'), ('Control', 'Mental well-being'), ('Socio-economic status', 'Physical well-being'), ('Public health messaging around thinness', 'Weight bias'), ('Resilience', 'Mental well-being'), ('Medical perspective that thin is good', 'Public health messaging around thinness'), ('Weight bias', 'Depression'), ('Control', 'Stress'), ('Socio-economic status', 'Mental well-being'), ('Medical perspective that thin is good', 'Cultural norms around thinness'), ('Weight bias', 'Mental well-being'), ('Cultural norms around thinness', 'Cultural norms around thinness'), ('Cultural norms around thinness', 'Poor body image'), ('Weight bias', 'Stress'), ('Poor body image', 'Poor body image'), ('Socio-economic status', 'Control'), ('Weight bias', 'Poor body image'), ('Pressure to be thin', 'Poor body image'), ('Depression', 'Stress'), ('Poor body image', 'Depression'), ('Culture of eating that promotes healthy choices', 'Mental well-being'), ('Cultural norms around thinness', 'Pressure to be thin'), ('Public health messaging around thinness', 'Pressure to be thin'), ('Physical well-being', 'Mental well-being')]","[('Medications', 'Balance'), ('Secretion of inflammatory molecules by adipose cells', 'Insulin resistance'), ('Obesity', 'Obstructive sleep apnea'), ('Dyslipidemia', 'Blood pressure'), ('Obesity', 'Gastro-esophageal reflux disease'), ('Auto-inflammatory diseases', 'Inflammation'), ('Atherosclerosis', 'Coronary heart diseases'), ('Release of adipokines', 'Atherosclerosis'), ('Blood mono-unsaturated fatty acid level', 'Secretion of inflammatory molecules by adipose cells'), ('Insulin resistance', 'Fatty acids in the artery walls'), ('Insulin resistance', 'Cells intake of fatty acids'), ('Adipose storage of fatty acids', 'Inflammation'), ('Thoracic and abdominal obesity', 'Airway resistance'), ('Thoracic and abdominal obesity', 'Respiratory muscle fatigue'), ('Unhealthy weight control practices', 'Obesity'), ('Sodium retention', 'Blood pressure'), ('Short sleep duration', 'Pro-inflammatory cytokines'), ('Medications', 'Obesity'), ('Balance', 'Ability to engage in physical activity'), ('Short sleep duration', 'Cortisol'), ('Airway resistance', 'Asthma'), ('Short sleep duration', 'Blood pressure'), ('Fatty acids in the artery walls', 'Atherosclerosis'), ('Dyslipidemia', 'Insulin resistance'), ('Blood glucose level', 'Fatty acids in the artery walls'), ('Respiratory diseases', 'Ability to engage in physical activity'), ('Blood saturated fatty acid level', 'Secretion of inflammatory molecules by adipose cells'), ('Dysfunctional adipose tissue', 'Inflammation'), ('Coordination', 'Ability to engage in physical activity'), ('Obesity', 'Short sleep duration'), ('Inflammation', 'Asthma'), ('Coronary heart diseases', 'Dyspnea'), ('Tiredness', 'Ability to engage in physical activity'), ('Short sleep duration', 'Heart rate'), ('Blood fatty acid level', 'Blood glucose level'), ('Pro-inflammatory cytokines', 'Inflammation'), ('Respiratory muscle fatigue', 'Dyspnea'), ('Heart rate', 'Coronary heart diseases'), ('Medications', 'Coordination'), ('Beta blockers', 'Ability to engage in physical activity'), ('Sodium intake', 'Blood pressure'), ('Airway resistance', 'Asthma-like symptoms'), ('Medications', 'Concentration'), ('Cells intake of fatty acids', 'Adipose storage of fatty acids'), ('Physical pain', 'Ability to engage in physical activity'), ('Concentration', 'Ability to engage in physical activity'), ('Obesity', 'Release of adipokines'), ('Blood glucose level', 'Sodium retention'), ('Stimulants', 'Short sleep duration'), ('Obesity', 'Dysfunctional adipose tissue'), ('Medications', 'Tiredness'), ('Inflammation', 'Insulin resistance'), ('Inflammation', 'Auto-inflammatory diseases'), ('Blood fatty acid level', 'Adipose storage of fatty acids'), ('Dysfunctional adipose tissue', 'Blood pressure'), ('Dysfunctional adipose tissue', 'Dyslipidemia'), ('Obesity', 'Unhealthy weight control practices'), ('Obesity', 'Asthma-like symptoms'), ('Dyslipidemia', 'Atherosclerosis')]","[('Prevalence of walking trails', 'Quality of the sport infrastructure'), ('Medications', 'Balance'), ('Culture of eating that promotes healthy choices', 'Physical well-being'), ('Secretion of inflammatory molecules by adipose cells', 'Insulin resistance'), ('Presence of a vibrant community', 'Control'), ('Obesity', 'Weight bias'), ('Healthy eating', 'Blood mono-unsaturated fatty acid level'), ('Exercise', 'Heart rate'), ('Available time', 'Recreational physical activity'), ('Chronic conditions', 'Depression'), ('Exercise', 'Insulin resistance'), ('Weight bias', 'Socio-economic status'), ('Mental well-being', 'Physical well-being'), ('Obesity', 'Obstructive sleep apnea'), ('Eating disorders', 'Healthy eating'), ('Consumer demand for regulations', 'Marketing of healthy foods'), ('Dyslipidemia', 'Blood pressure'), ('Obesity', 'Gastro-esophageal reflux disease'), ('Perceived environmental safety', 'Mental well-being'), ('Late night TV watching', 'Short sleep duration'), ('Auto-inflammatory diseases', 'Inflammation'), ('Depression', 'Healthy eating'), ('Socio-economic status', 'Stress'), ('Exercise', 'Blood glucose level'), ('Public support and demand for healthy products', 'Marketing of healthy foods'), ('Unhealthy foods are cheaper than healthy ones', 'Supportive food environment'), ('Control', 'Mental well-being'), ('Atherosclerosis', 'Coronary heart diseases'), ('Socio-economic status', 'Physical well-being'), ('Ability to engage in physical activity', 'Physical activity'), ('Public health messaging around thinness', 'Weight bias'), ('Public support and demand for healthy products', 'Availability of healthy foods'), ('Release of adipokines', 'Atherosclerosis'), ('Consumer demand for regulations', 'Marketing of unhealthy foods'), ('Resilience', 'Mental well-being'), ('Blood mono-unsaturated fatty acid level', 'Secretion of inflammatory molecules by adipose cells'), ('Medical perspective that thin is good', 'Public health messaging around thinness'), ('Mental well-being', 'Medications'), ('Sexual difficulties', 'Mental well-being'), ('Insulin resistance', 'Fatty acids in the artery walls'), ('Insulin resistance', 'Cells intake of fatty acids'), ('Sidewalk prevalence and maintenance', 'Utilitarian physical activity '), ('Adipose storage of fatty acids', 'Inflammation'), ('Socio-economic status', 'Exercise'), ('Thoracic and abdominal obesity', 'Airway resistance'), ('Healthy eating', 'Short sleep duration'), ('Perceived environmental safety', 'Physical well-being'), ('Weight bias', 'Depression'), ('Emotional eating', 'Mental well-being'), ('Late night TV watching', 'Healthy eating'), ('Control', 'Stress'), ('Aesthetics', 'Physical well-being'), ('Economic incentives to produce unhealthy food products', 'Cost of unhealthy foods'), ('Supportive food environment', 'Healthy eating'), ('Appetite', 'Physical well-being'), ('Thoracic and abdominal obesity', 'Respiratory muscle fatigue'), ('Cardiovascular diseases', 'Fear of engaging in physical activity'), ('Socio-economic status', 'Mental well-being'), ('Unhealthy weight control practices', 'Obesity'), ('Exercise', 'Blood pressure'), ('Sodium retention', 'Blood pressure'), ('Short sleep duration', 'Pro-inflammatory cytokines'), ('Medications', 'Obesity'), ('Short sleep duration', 'Appetite'), ('Balance', 'Ability to engage in physical activity'), ('Short sleep duration', 'Cortisol'), ('Airway resistance', 'Asthma'), ('Short sleep duration', 'Blood pressure'), ('Medical perspective that thin is good', 'Cultural norms around thinness'), ('Healthy eating', 'Blood glucose level'), ('Mental well-being', 'Anticonvulsants'), ('Fatty acids in the artery walls', 'Atherosclerosis'), ('Dyslipidemia', 'Insulin resistance'), ('Blood glucose level', 'Fatty acids in the artery walls'), ('Respiratory diseases', 'Ability to engage in physical activity'), ('Blood saturated fatty acid level', 'Secretion of inflammatory molecules by adipose cells'), ('Dysfunctional adipose tissue', 'Inflammation'), ('Weight bias', 'Mental well-being'), ('Coordination', 'Ability to engage in physical activity'), ('Cultural norms around thinness', 'Cultural norms around thinness'), ('Cultural norms around thinness', 'Poor body image'), ('Obesity', 'Short sleep duration'), ('Inflammation', 'Asthma'), ('Healthy eating', 'Sodium intake'), ('Cultural norms around thinness', 'Eating disorders'), ('Poor body image', 'Sexual difficulties'), ('Fear of engaging in physical activity', 'Physical activity'), ('Short sleep duration', 'Healthy eating'), ('Coronary heart diseases', 'Dyspnea'), ('Stress', 'Inflammation'), ('Weight bias', 'Stress'), ('Unhealthy weight control practices', 'Eating disorders'), ('Tiredness', 'Ability to engage in physical activity'), ('Short sleep duration', 'Heart rate'), ('Prevalence of bike trails', 'Quality of the sport infrastructure'), ('Exercise', 'Blood fatty acid level'), ('Mental well-being', 'Emotional eating'), ('Poor body image', 'Poor body image'), ('Blood fatty acid level', 'Blood glucose level'), ('Cardiovascular diseases', 'Depression'), ('Pro-inflammatory cytokines', 'Inflammation'), ('Prevalence of green fields', 'Quality of the sport infrastructure'), ('Mental well-being', 'Antipsychotics'), ('Socio-economic status', 'Control'), ('Weight bias', 'Poor body image'), ('Positive experience of sports', 'Recreational physical activity'), ('Public support and demand for healthy products', 'Cost of healthy foods'), ('Socio-economic status', 'Availability of healthy foods'), ('Cardiovascular diseases', 'Physical well-being'), ('Respiratory muscle fatigue', 'Dyspnea'), ('Heart rate', 'Coronary heart diseases'), ('Pressure to be thin', 'Poor body image'), ('Medications', 'Coordination'), ('Beta blockers', 'Ability to engage in physical activity'), ('Antipsychotics', 'Appetite'), ('Sodium intake', 'Blood pressure'), ('Pressure to be thin', 'Unhealthy weight control practices'), ('Airway resistance', 'Asthma-like symptoms'), ('Depression', 'Stress'), ('Medications', 'Concentration'), ('Public support and demand for healthy products', 'Marketing of unhealthy foods'), ('Poor body image', 'Eating disorders'), ('Emotional eating', 'Healthy eating'), ('Obesity', 'Access to health professionals'), ('Obesity', 'Mental well-being'), ('Unhealthy foods are more available than healthy ones', 'Supportive food environment'), ('Healthy eating', 'Blood saturated fatty acid level'), ('Presence of a vibrant community', 'Resilience'), ('Cells intake of fatty acids', 'Adipose storage of fatty acids'), ('Physical activity', 'Physical well-being'), ('Appetite', 'Healthy eating'), ('Aesthetics', 'Stress'), ('Chronic conditions', 'Mental well-being'), ('Weight bias', 'Positive experience of sports'), ('Healthy eating', 'Dyslipidemia'), ('Quality of the sport infrastructure', 'Recreational physical activity'), ('Physical pain', 'Ability to engage in physical activity'), ('Prevalence of green fields', 'Aesthetics'), ('Concentration', 'Ability to engage in physical activity'), ('Aesthetics', 'Mental well-being'), ('Poor body image', 'Depression'), ('Chronic conditions', 'Physical well-being'), ('Obesity', 'Release of adipokines'), ('Blood glucose level', 'Sodium retention'), ('Restrictive covenants', 'Availability of healthy foods'), ('Musculoskeletal pain', 'Mental well-being'), ('Weight bias', 'Unhealthy weight control practices'), ('Physical activity', 'Mental well-being'), ('Access to health professionals', 'Ability to engage in physical activity'), ('Stimulants', 'Short sleep duration'), ('Culture of eating that promotes healthy choices', 'Healthy eating'), ('Culture of eating that promotes healthy choices', 'Mental well-being'), ('Weight bias', 'Exercise'), ('Obesity', 'Dysfunctional adipose tissue'), ('Medications', 'Tiredness'), ('Inflammation', 'Insulin resistance'), ('Anticonvulsants', 'Appetite'), ('Inflammation', 'Auto-inflammatory diseases'), ('Accessibility to shops', 'Utilitarian physical activity '), ('Blood fatty acid level', 'Adipose storage of fatty acids'), ('Perceived environmental safety', 'Physical activity'), ('Short sleep duration', 'Physical well-being'), ('Cultural norms around thinness', 'Pressure to be thin'), ('Weight bias', 'Access to health professionals'), ('Public health messaging around thinness', 'Pressure to be thin'), ('Dysfunctional adipose tissue', 'Blood pressure'), ('Dysfunctional adipose tissue', 'Dyslipidemia'), ('Aesthetics', 'Utilitarian physical activity '), ('Obesity', 'Unhealthy weight control practices'), ('Obesity', 'Asthma-like symptoms'), ('Marketing ratio of unhealthy to healthy foods', 'Supportive food environment'), ('Dyslipidemia', 'Atherosclerosis'), ('Physical well-being', 'Mental well-being'), ('Public support and demand for healthy products', 'Cost of unhealthy foods'), ('Musculoskeletal pain', 'Physical well-being'), ('Coronary heart diseases', 'Exercise')]"
0,"[('Weight bias', 'Dysfunctional adipose tissue'), ('Culture of eating that promotes healthy choices', 'Sodium intake'), ('Stress', 'Cortisol'), ('Poor body image', 'Unhealthy weight control practices'), ('Physical well-being', 'Ability to engage in physical activity'), ('Depression', 'Pro-inflammatory cytokines')]",-1,1,-1,-1,1,"[('Culture of eating that promotes healthy choices', 'Physical well-being'), ('Weight bias', 'Socio-economic status'), ('Mental well-being', 'Physical well-being'), ('Socio-economic status', 'Stress'), ('Control', 'Mental well-being'), ('Socio-economic status', 'Physical well-being'), ('Public health messaging around thinness', 'Weight bias'), ('Resilience', 'Mental well-being'), ('Medical perspective that thin is good', 'Public health messaging around thinness'), ('Weight bias', 'Depression'), ('Control', 'Stress'), ('Socio-economic status', 'Mental well-being'), ('Medical perspective that thin is good', 'Cultural norms around thinness'), ('Weight bias', 'Mental well-being'), ('Cultural norms around thinness', 'Cultural norms around thinness'), ('Cultural norms around thinness', 'Poor body image'), ('Weight bias', 'Stress'), ('Poor body image', 'Poor body image'), ('Socio-economic status', 'Control'), ('Weight bias', 'Poor body image'), ('Pressure to be thin', 'Poor body image'), ('Depression', 'Stress'), ('Poor body image', 'Depression'), ('Culture of eating that promotes healthy choices', 'Mental well-being'), ('Cultural norms around thinness', 'Pressure to be thin'), ('Public health messaging around thinness', 'Pressure to be thin'), ('Physical well-being', 'Mental well-being')]","[('Medications', 'Balance'), ('Secretion of inflammatory molecules by adipose cells', 'Insulin resistance'), ('Obesity', 'Obstructive sleep apnea'), ('Dyslipidemia', 'Blood pressure'), ('Obesity', 'Gastro-esophageal reflux disease'), ('Auto-inflammatory diseases', 'Inflammation'), ('Atherosclerosis', 'Coronary heart diseases'), ('Release of adipokines', 'Atherosclerosis'), ('Blood mono-unsaturated fatty acid level', 'Secretion of inflammatory molecules by adipose cells'), ('Insulin resistance', 'Fatty acids in the artery walls'), ('Insulin resistance', 'Cells intake of fatty acids'), ('Adipose storage of fatty acids', 'Inflammation'), ('Thoracic and abdominal obesity', 'Airway resistance'), ('Thoracic and abdominal obesity', 'Respiratory muscle fatigue'), ('Unhealthy weight control practices', 'Obesity'), ('Sodium retention', 'Blood pressure'), ('Short sleep duration', 'Pro-inflammatory cytokines'), ('Medications', 'Obesity'), ('Balance', 'Ability to engage in physical activity'), ('Short sleep duration', 'Cortisol'), ('Airway resistance', 'Asthma'), ('Short sleep duration', 'Blood pressure'), ('Fatty acids in the artery walls', 'Atherosclerosis'), ('Dyslipidemia', 'Insulin resistance'), ('Blood glucose level', 'Fatty acids in the artery walls'), ('Respiratory diseases', 'Ability to engage in physical activity'), ('Blood saturated fatty acid level', 'Secretion of inflammatory molecules by adipose cells'), ('Dysfunctional adipose tissue', 'Inflammation'), ('Coordination', 'Ability to engage in physical activity'), ('Obesity', 'Short sleep duration'), ('Inflammation', 'Asthma'), ('Coronary heart diseases', 'Dyspnea'), ('Tiredness', 'Ability to engage in physical activity'), ('Short sleep duration', 'Heart rate'), ('Blood fatty acid level', 'Blood glucose level'), ('Pro-inflammatory cytokines', 'Inflammation'), ('Respiratory muscle fatigue', 'Dyspnea'), ('Heart rate', 'Coronary heart diseases'), ('Medications', 'Coordination'), ('Beta blockers', 'Ability to engage in physical activity'), ('Sodium intake', 'Blood pressure'), ('Airway resistance', 'Asthma-like symptoms'), ('Medications', 'Concentration'), ('Cells intake of fatty acids', 'Adipose storage of fatty acids'), ('Physical pain', 'Ability to engage in physical activity'), ('Concentration', 'Ability to engage in physical activity'), ('Obesity', 'Release of adipokines'), ('Blood glucose level', 'Sodium retention'), ('Stimulants', 'Short sleep duration'), ('Obesity', 'Dysfunctional adipose tissue'), ('Medications', 'Tiredness'), ('Inflammation', 'Insulin resistance'), ('Inflammation', 'Auto-inflammatory diseases'), ('Blood fatty acid level', 'Adipose storage of fatty acids'), ('Dysfunctional adipose tissue', 'Blood pressure'), ('Dysfunctional adipose tissue', 'Dyslipidemia'), ('Obesity', 'Unhealthy weight control practices'), ('Obesity', 'Asthma-like symptoms'), ('Dyslipidemia', 'Atherosclerosis')]","[('Prevalence of walking trails', 'Quality of the sport infrastructure'), ('Medications', 'Balance'), ('Culture of eating that promotes healthy choices', 'Physical well-being'), ('Secretion of inflammatory molecules by adipose cells', 'Insulin resistance'), ('Presence of a vibrant community', 'Control'), ('Obesity', 'Weight bias'), ('Healthy eating', 'Blood mono-unsaturated fatty acid level'), ('Exercise', 'Heart rate'), ('Available time', 'Recreational physical activity'), ('Chronic conditions', 'Depression'), ('Exercise', 'Insulin resistance'), ('Weight bias', 'Socio-economic status'), ('Mental well-being', 'Physical well-being'), ('Obesity', 'Obstructive sleep apnea'), ('Eating disorders', 'Healthy eating'), ('Consumer demand for regulations', 'Marketing of healthy foods'), ('Dyslipidemia', 'Blood pressure'), ('Obesity', 'Gastro-esophageal reflux disease'), ('Perceived environmental safety', 'Mental well-being'), ('Late night TV watching', 'Short sleep duration'), ('Auto-inflammatory diseases', 'Inflammation'), ('Depression', 'Healthy eating'), ('Socio-economic status', 'Stress'), ('Exercise', 'Blood glucose level'), ('Public support and demand for healthy products', 'Marketing of healthy foods'), ('Unhealthy foods are cheaper than healthy ones', 'Supportive food environment'), ('Control', 'Mental well-being'), ('Atherosclerosis', 'Coronary heart diseases'), ('Socio-economic status', 'Physical well-being'), ('Ability to engage in physical activity', 'Physical activity'), ('Public health messaging around thinness', 'Weight bias'), ('Public support and demand for healthy products', 'Availability of healthy foods'), ('Release of adipokines', 'Atherosclerosis'), ('Consumer demand for regulations', 'Marketing of unhealthy foods'), ('Resilience', 'Mental well-being'), ('Blood mono-unsaturated fatty acid level', 'Secretion of inflammatory molecules by adipose cells'), ('Medical perspective that thin is good', 'Public health messaging around thinness'), ('Mental well-being', 'Medications'), ('Sexual difficulties', 'Mental well-being'), ('Insulin resistance', 'Fatty acids in the artery walls'), ('Insulin resistance', 'Cells intake of fatty acids'), ('Sidewalk prevalence and maintenance', 'Utilitarian physical activity '), ('Adipose storage of fatty acids', 'Inflammation'), ('Socio-economic status', 'Exercise'), ('Thoracic and abdominal obesity', 'Airway resistance'), ('Healthy eating', 'Short sleep duration'), ('Perceived environmental safety', 'Physical well-being'), ('Weight bias', 'Depression'), ('Emotional eating', 'Mental well-being'), ('Late night TV watching', 'Healthy eating'), ('Control', 'Stress'), ('Aesthetics', 'Physical well-being'), ('Economic incentives to produce unhealthy food products', 'Cost of unhealthy foods'), ('Supportive food environment', 'Healthy eating'), ('Appetite', 'Physical well-being'), ('Thoracic and abdominal obesity', 'Respiratory muscle fatigue'), ('Cardiovascular diseases', 'Fear of engaging in physical activity'), ('Socio-economic status', 'Mental well-being'), ('Unhealthy weight control practices', 'Obesity'), ('Exercise', 'Blood pressure'), ('Sodium retention', 'Blood pressure'), ('Short sleep duration', 'Pro-inflammatory cytokines'), ('Medications', 'Obesity'), ('Short sleep duration', 'Appetite'), ('Balance', 'Ability to engage in physical activity'), ('Short sleep duration', 'Cortisol'), ('Airway resistance', 'Asthma'), ('Short sleep duration', 'Blood pressure'), ('Medical perspective that thin is good', 'Cultural norms around thinness'), ('Healthy eating', 'Blood glucose level'), ('Mental well-being', 'Anticonvulsants'), ('Fatty acids in the artery walls', 'Atherosclerosis'), ('Dyslipidemia', 'Insulin resistance'), ('Blood glucose level', 'Fatty acids in the artery walls'), ('Respiratory diseases', 'Ability to engage in physical activity'), ('Blood saturated fatty acid level', 'Secretion of inflammatory molecules by adipose cells'), ('Dysfunctional adipose tissue', 'Inflammation'), ('Weight bias', 'Mental well-being'), ('Coordination', 'Ability to engage in physical activity'), ('Cultural norms around thinness', 'Cultural norms around thinness'), ('Cultural norms around thinness', 'Poor body image'), ('Obesity', 'Short sleep duration'), ('Inflammation', 'Asthma'), ('Healthy eating', 'Sodium intake'), ('Cultural norms around thinness', 'Eating disorders'), ('Poor body image', 'Sexual difficulties'), ('Fear of engaging in physical activity', 'Physical activity'), ('Short sleep duration', 'Healthy eating'), ('Coronary heart diseases', 'Dyspnea'), ('Stress', 'Inflammation'), ('Weight bias', 'Stress'), ('Unhealthy weight control practices', 'Eating disorders'), ('Tiredness', 'Ability to engage in physical activity'), ('Short sleep duration', 'Heart rate'), ('Prevalence of bike trails', 'Quality of the sport infrastructure'), ('Exercise', 'Blood fatty acid level'), ('Mental well-being', 'Emotional eating'), ('Poor body image', 'Poor body image'), ('Blood fatty acid level', 'Blood glucose level'), ('Cardiovascular diseases', 'Depression'), ('Pro-inflammatory cytokines', 'Inflammation'), ('Prevalence of green fields', 'Quality of the sport infrastructure'), ('Mental well-being', 'Antipsychotics'), ('Socio-economic status', 'Control'), ('Weight bias', 'Poor body image'), ('Positive experience of sports', 'Recreational physical activity'), ('Public support and demand for healthy products', 'Cost of healthy foods'), ('Socio-economic status', 'Availability of healthy foods'), ('Cardiovascular diseases', 'Physical well-being'), ('Respiratory muscle fatigue', 'Dyspnea'), ('Heart rate', 'Coronary heart diseases'), ('Pressure to be thin', 'Poor body image'), ('Medications', 'Coordination'), ('Beta blockers', 'Ability to engage in physical activity'), ('Antipsychotics', 'Appetite'), ('Sodium intake', 'Blood pressure'), ('Pressure to be thin', 'Unhealthy weight control practices'), ('Airway resistance', 'Asthma-like symptoms'), ('Depression', 'Stress'), ('Medications', 'Concentration'), ('Public support and demand for healthy products', 'Marketing of unhealthy foods'), ('Poor body image', 'Eating disorders'), ('Emotional eating', 'Healthy eating'), ('Obesity', 'Access to health professionals'), ('Obesity', 'Mental well-being'), ('Unhealthy foods are more available than healthy ones', 'Supportive food environment'), ('Healthy eating', 'Blood saturated fatty acid level'), ('Presence of a vibrant community', 'Resilience'), ('Cells intake of fatty acids', 'Adipose storage of fatty acids'), ('Physical activity', 'Physical well-being'), ('Appetite', 'Healthy eating'), ('Aesthetics', 'Stress'), ('Chronic conditions', 'Mental well-being'), ('Weight bias', 'Positive experience of sports'), ('Healthy eating', 'Dyslipidemia'), ('Quality of the sport infrastructure', 'Recreational physical activity'), ('Physical pain', 'Ability to engage in physical activity'), ('Prevalence of green fields', 'Aesthetics'), ('Concentration', 'Ability to engage in physical activity'), ('Aesthetics', 'Mental well-being'), ('Poor body image', 'Depression'), ('Chronic conditions', 'Physical well-being'), ('Obesity', 'Release of adipokines'), ('Blood glucose level', 'Sodium retention'), ('Restrictive covenants', 'Availability of healthy foods'), ('Musculoskeletal pain', 'Mental well-being'), ('Weight bias', 'Unhealthy weight control practices'), ('Physical activity', 'Mental well-being'), ('Access to health professionals', 'Ability to engage in physical activity'), ('Stimulants', 'Short sleep duration'), ('Culture of eating that promotes healthy choices', 'Healthy eating'), ('Culture of eating that promotes healthy choices', 'Mental well-being'), ('Weight bias', 'Exercise'), ('Obesity', 'Dysfunctional adipose tissue'), ('Medications', 'Tiredness'), ('Inflammation', 'Insulin resistance'), ('Anticonvulsants', 'Appetite'), ('Inflammation', 'Auto-inflammatory diseases'), ('Accessibility to shops', 'Utilitarian physical activity '), ('Blood fatty acid level', 'Adipose storage of fatty acids'), ('Perceived environmental safety', 'Physical activity'), ('Short sleep duration', 'Physical well-being'), ('Cultural norms around thinness', 'Pressure to be thin'), ('Weight bias', 'Access to health professionals'), ('Public health messaging around thinness', 'Pressure to be thin'), ('Dysfunctional adipose tissue', 'Blood pressure'), ('Dysfunctional adipose tissue', 'Dyslipidemia'), ('Aesthetics', 'Utilitarian physical activity '), ('Obesity', 'Unhealthy weight control practices'), ('Obesity', 'Asthma-like symptoms'), ('Marketing ratio of unhealthy to healthy foods', 'Supportive food environment'), ('Dyslipidemia', 'Atherosclerosis'), ('Physical well-being', 'Mental well-being'), ('Public support and demand for healthy products', 'Cost of unhealthy foods'), ('Musculoskeletal pain', 'Physical well-being'), ('Coronary heart diseases', 'Exercise')]"
1,"[('Weight bias', 'Dysfunctional adipose tissue'), ('Culture of eating that promotes healthy choices', 'Sodium intake'), ('Stress', 'Cortisol'), ('Poor body image', 'Unhealthy weight control practices'), ('Physical well-being', 'Ability to engage in physical activity'), ('Depression', 'Pro-inflammatory cytokines')]",-1,1,-1,-1,1,"[('Culture of eating that promotes healthy choices', 'Physical well-being'), ('Weight bias', 'Socio-economic status'), ('Mental well-being', 'Physical well-being'), ('Socio-economic status', 'Stress'), ('Control', 'Mental well-being'), ('Socio-economic status', 'Physical well-being'), ('Public health messaging around thinness', 'Weight bias'), ('Resilience', 'Mental well-being'), ('Medical perspective that thin is good', 'Public health messaging around thinness'), ('Weight bias', 'Depression'), ('Control', 'Stress'), ('Socio-economic status', 'Mental well-being'), ('Medical perspective that thin is good', 'Cultural norms around thinness'), ('Weight bias', 'Mental well-being'), ('Cultural norms around thinness', 'Cultural norms around thinness'), ('Cultural norms around thinness', 'Poor body image'), ('Weight bias', 'Stress'), ('Poor body image', 'Poor body image'), ('Socio-economic status', 'Control'), ('Weight bias', 'Poor body image'), ('Pressure to be thin', 'Poor body image'), ('Depression', 'Stress'), ('Poor body image', 'Depression'), ('Culture of eating that promotes healthy choices', 'Mental well-being'), ('Cultural norms around thinness', 'Pressure to be thin'), ('Public health messaging around thinness', 'Pressure to be thin'), ('Physical well-being', 'Mental well-being')]","[('Medications', 'Balance'), ('Secretion of inflammatory molecules by adipose cells', 'Insulin resistance'), ('Obesity', 'Obstructive sleep apnea'), ('Dyslipidemia', 'Blood pressure'), ('Obesity', 'Gastro-esophageal reflux disease'), ('Auto-inflammatory diseases', 'Inflammation'), ('Atherosclerosis', 'Coronary heart diseases'), ('Release of adipokines', 'Atherosclerosis'), ('Blood mono-unsaturated fatty acid level', 'Secretion of inflammatory molecules by adipose cells'), ('Insulin resistance', 'Fatty acids in the artery walls'), ('Insulin resistance', 'Cells intake of fatty acids'), ('Adipose storage of fatty acids', 'Inflammation'), ('Thoracic and abdominal obesity', 'Airway resistance'), ('Thoracic and abdominal obesity', 'Respiratory muscle fatigue'), ('Unhealthy weight control practices', 'Obesity'), ('Sodium retention', 'Blood pressure'), ('Short sleep duration', 'Pro-inflammatory cytokines'), ('Medications', 'Obesity'), ('Balance', 'Ability to engage in physical activity'), ('Short sleep duration', 'Cortisol'), ('Airway resistance', 'Asthma'), ('Short sleep duration', 'Blood pressure'), ('Fatty acids in the artery walls', 'Atherosclerosis'), ('Dyslipidemia', 'Insulin resistance'), ('Blood glucose level', 'Fatty acids in the artery walls'), ('Respiratory diseases', 'Ability to engage in physical activity'), ('Blood saturated fatty acid level', 'Secretion of inflammatory molecules by adipose cells'), ('Dysfunctional adipose tissue', 'Inflammation'), ('Coordination', 'Ability to engage in physical activity'), ('Obesity', 'Short sleep duration'), ('Inflammation', 'Asthma'), ('Coronary heart diseases', 'Dyspnea'), ('Tiredness', 'Ability to engage in physical activity'), ('Short sleep duration', 'Heart rate'), ('Blood fatty acid level', 'Blood glucose level'), ('Pro-inflammatory cytokines', 'Inflammation'), ('Respiratory muscle fatigue', 'Dyspnea'), ('Heart rate', 'Coronary heart diseases'), ('Medications', 'Coordination'), ('Beta blockers', 'Ability to engage in physical activity'), ('Sodium intake', 'Blood pressure'), ('Airway resistance', 'Asthma-like symptoms'), ('Medications', 'Concentration'), ('Cells intake of fatty acids', 'Adipose storage of fatty acids'), ('Physical pain', 'Ability to engage in physical activity'), ('Concentration', 'Ability to engage in physical activity'), ('Obesity', 'Release of adipokines'), ('Blood glucose level', 'Sodium retention'), ('Stimulants', 'Short sleep duration'), ('Obesity', 'Dysfunctional adipose tissue'), ('Medications', 'Tiredness'), ('Inflammation', 'Insulin resistance'), ('Inflammation', 'Auto-inflammatory diseases'), ('Blood fatty acid level', 'Adipose storage of fatty acids'), ('Dysfunctional adipose tissue', 'Blood pressure'), ('Dysfunctional adipose tissue', 'Dyslipidemia'), ('Obesity', 'Unhealthy weight control practices'), ('Obesity', 'Asthma-like symptoms'), ('Dyslipidemia', 'Atherosclerosis')]","[('Prevalence of walking trails', 'Quality of the sport infrastructure'), ('Medications', 'Balance'), ('Culture of eating that promotes healthy choices', 'Physical well-being'), ('Secretion of inflammatory molecules by adipose cells', 'Insulin resistance'), ('Presence of a vibrant community', 'Control'), ('Obesity', 'Weight bias'), ('Healthy eating', 'Blood mono-unsaturated fatty acid level'), ('Exercise', 'Heart rate'), ('Available time', 'Recreational physical activity'), ('Chronic conditions', 'Depression'), ('Exercise', 'Insulin resistance'), ('Weight bias', 'Socio-economic status'), ('Mental well-being', 'Physical well-being'), ('Obesity', 'Obstructive sleep apnea'), ('Eating disorders', 'Healthy eating'), ('Consumer demand for regulations', 'Marketing of healthy foods'), ('Dyslipidemia', 'Blood pressure'), ('Obesity', 'Gastro-esophageal reflux disease'), ('Perceived environmental safety', 'Mental well-being'), ('Late night TV watching', 'Short sleep duration'), ('Auto-inflammatory diseases', 'Inflammation'), ('Depression', 'Healthy eating'), ('Socio-economic status', 'Stress'), ('Exercise', 'Blood glucose level'), ('Public support and demand for healthy products', 'Marketing of healthy foods'), ('Unhealthy foods are cheaper than healthy ones', 'Supportive food environment'), ('Control', 'Mental well-being'), ('Atherosclerosis', 'Coronary heart diseases'), ('Socio-economic status', 'Physical well-being'), ('Ability to engage in physical activity', 'Physical activity'), ('Public health messaging around thinness', 'Weight bias'), ('Public support and demand for healthy products', 'Availability of healthy foods'), ('Release of adipokines', 'Atherosclerosis'), ('Consumer demand for regulations', 'Marketing of unhealthy foods'), ('Resilience', 'Mental well-being'), ('Blood mono-unsaturated fatty acid level', 'Secretion of inflammatory molecules by adipose cells'), ('Medical perspective that thin is good', 'Public health messaging around thinness'), ('Mental well-being', 'Medications'), ('Sexual difficulties', 'Mental well-being'), ('Insulin resistance', 'Fatty acids in the artery walls'), ('Insulin resistance', 'Cells intake of fatty acids'), ('Sidewalk prevalence and maintenance', 'Utilitarian physical activity '), ('Adipose storage of fatty acids', 'Inflammation'), ('Socio-economic status', 'Exercise'), ('Thoracic and abdominal obesity', 'Airway resistance'), ('Healthy eating', 'Short sleep duration'), ('Perceived environmental safety', 'Physical well-being'), ('Weight bias', 'Depression'), ('Emotional eating', 'Mental well-being'), ('Late night TV watching', 'Healthy eating'), ('Control', 'Stress'), ('Aesthetics', 'Physical well-being'), ('Economic incentives to produce unhealthy food products', 'Cost of unhealthy foods'), ('Supportive food environment', 'Healthy eating'), ('Appetite', 'Physical well-being'), ('Thoracic and abdominal obesity', 'Respiratory muscle fatigue'), ('Cardiovascular diseases', 'Fear of engaging in physical activity'), ('Socio-economic status', 'Mental well-being'), ('Unhealthy weight control practices', 'Obesity'), ('Exercise', 'Blood pressure'), ('Sodium retention', 'Blood pressure'), ('Short sleep duration', 'Pro-inflammatory cytokines'), ('Medications', 'Obesity'), ('Short sleep duration', 'Appetite'), ('Balance', 'Ability to engage in physical activity'), ('Short sleep duration', 'Cortisol'), ('Airway resistance', 'Asthma'), ('Short sleep duration', 'Blood pressure'), ('Medical perspective that thin is good', 'Cultural norms around thinness'), ('Healthy eating', 'Blood glucose level'), ('Mental well-being', 'Anticonvulsants'), ('Fatty acids in the artery walls', 'Atherosclerosis'), ('Dyslipidemia', 'Insulin resistance'), ('Blood glucose level', 'Fatty acids in the artery walls'), ('Respiratory diseases', 'Ability to engage in physical activity'), ('Blood saturated fatty acid level', 'Secretion of inflammatory molecules by adipose cells'), ('Dysfunctional adipose tissue', 'Inflammation'), ('Weight bias', 'Mental well-being'), ('Coordination', 'Ability to engage in physical activity'), ('Cultural norms around thinness', 'Cultural norms around thinness'), ('Cultural norms around thinness', 'Poor body image'), ('Obesity', 'Short sleep duration'), ('Inflammation', 'Asthma'), ('Healthy eating', 'Sodium intake'), ('Cultural norms around thinness', 'Eating disorders'), ('Poor body image', 'Sexual difficulties'), ('Fear of engaging in physical activity', 'Physical activity'), ('Short sleep duration', 'Healthy eating'), ('Coronary heart diseases', 'Dyspnea'), ('Stress', 'Inflammation'), ('Weight bias', 'Stress'), ('Unhealthy weight control practices', 'Eating disorders'), ('Tiredness', 'Ability to engage in physical activity'), ('Short sleep duration', 'Heart rate'), ('Prevalence of bike trails', 'Quality of the sport infrastructure'), ('Exercise', 'Blood fatty acid level'), ('Mental well-being', 'Emotional eating'), ('Poor body image', 'Poor body image'), ('Blood fatty acid level', 'Blood glucose level'), ('Cardiovascular diseases', 'Depression'), ('Pro-inflammatory cytokines', 'Inflammation'), ('Prevalence of green fields', 'Quality of the sport infrastructure'), ('Mental well-being', 'Antipsychotics'), ('Socio-economic status', 'Control'), ('Weight bias', 'Poor body image'), ('Positive experience of sports', 'Recreational physical activity'), ('Public support and demand for healthy products', 'Cost of healthy foods'), ('Socio-economic status', 'Availability of healthy foods'), ('Cardiovascular diseases', 'Physical well-being'), ('Respiratory muscle fatigue', 'Dyspnea'), ('Heart rate', 'Coronary heart diseases'), ('Pressure to be thin', 'Poor body image'), ('Medications', 'Coordination'), ('Beta blockers', 'Ability to engage in physical activity'), ('Antipsychotics', 'Appetite'), ('Sodium intake', 'Blood pressure'), ('Pressure to be thin', 'Unhealthy weight control practices'), ('Airway resistance', 'Asthma-like symptoms'), ('Depression', 'Stress'), ('Medications', 'Concentration'), ('Public support and demand for healthy products', 'Marketing of unhealthy foods'), ('Poor body image', 'Eating disorders'), ('Emotional eating', 'Healthy eating'), ('Obesity', 'Access to health professionals'), ('Obesity', 'Mental well-being'), ('Unhealthy foods are more available than healthy ones', 'Supportive food environment'), ('Healthy eating', 'Blood saturated fatty acid level'), ('Presence of a vibrant community', 'Resilience'), ('Cells intake of fatty acids', 'Adipose storage of fatty acids'), ('Physical activity', 'Physical well-being'), ('Appetite', 'Healthy eating'), ('Aesthetics', 'Stress'), ('Chronic conditions', 'Mental well-being'), ('Weight bias', 'Positive experience of sports'), ('Healthy eating', 'Dyslipidemia'), ('Quality of the sport infrastructure', 'Recreational physical activity'), ('Physical pain', 'Ability to engage in physical activity'), ('Prevalence of green fields', 'Aesthetics'), ('Concentration', 'Ability to engage in physical activity'), ('Aesthetics', 'Mental well-being'), ('Poor body image', 'Depression'), ('Chronic conditions', 'Physical well-being'), ('Obesity', 'Release of adipokines'), ('Blood glucose level', 'Sodium retention'), ('Restrictive covenants', 'Availability of healthy foods'), ('Musculoskeletal pain', 'Mental well-being'), ('Weight bias', 'Unhealthy weight control practices'), ('Physical activity', 'Mental well-being'), ('Access to health professionals', 'Ability to engage in physical activity'), ('Stimulants', 'Short sleep duration'), ('Culture of eating that promotes healthy choices', 'Healthy eating'), ('Culture of eating that promotes healthy choices', 'Mental well-being'), ('Weight bias', 'Exercise'), ('Obesity', 'Dysfunctional adipose tissue'), ('Medications', 'Tiredness'), ('Inflammation', 'Insulin resistance'), ('Anticonvulsants', 'Appetite'), ('Inflammation', 'Auto-inflammatory diseases'), ('Accessibility to shops', 'Utilitarian physical activity '), ('Blood fatty acid level', 'Adipose storage of fatty acids'), ('Perceived environmental safety', 'Physical activity'), ('Short sleep duration', 'Physical well-being'), ('Cultural norms around thinness', 'Pressure to be thin'), ('Weight bias', 'Access to health professionals'), ('Public health messaging around thinness', 'Pressure to be thin'), ('Dysfunctional adipose tissue', 'Blood pressure'), ('Dysfunctional adipose tissue', 'Dyslipidemia'), ('Aesthetics', 'Utilitarian physical activity '), ('Obesity', 'Unhealthy weight control practices'), ('Obesity', 'Asthma-like symptoms'), ('Marketing ratio of unhealthy to healthy foods', 'Supportive food environment'), ('Dyslipidemia', 'Atherosclerosis'), ('Physical well-being', 'Mental well-being'), ('Public support and demand for healthy products', 'Cost of unhealthy foods'), ('Musculoskeletal pain', 'Physical well-being'), ('Coronary heart diseases', 'Exercise')]"
2,"[('Weight bias', 'Dysfunctional adipose tissue'), ('Culture of eating that promotes healthy choices', 'Sodium intake'), ('Stress', 'Cortisol'), ('Poor body image', 'Unhealthy weight control practices'), ('Physical well-being', 'Ability to engage in physical activity'), ('Depression', 'Pro-inflammatory cytokines')]",-1,1,-1,-1,1,"[('Culture of eating that promotes healthy choices', 'Physical well-being'), ('Weight bias', 'Socio-economic status'), ('Mental well-being', 'Physical well-being'), ('Socio-economic status', 'Stress'), ('Control', 'Mental well-being'), ('Socio-economic status', 'Physical well-being'), ('Public health messaging around thinness', 'Weight bias'), ('Resilience', 'Mental well-being'), ('Medical perspective that thin is good', 'Public health messaging around thinness'), ('Weight bias', 'Depression'), ('Control', 'Stress'), ('Socio-economic status', 'Mental well-being'), ('Medical perspective that thin is good', 'Cultural norms around thinness'), ('Weight bias', 'Mental well-being'), ('Cultural norms around thinness', 'Cultural norms around thinness'), ('Cultural norms around thinness', 'Poor body image'), ('Weight bias', 'Stress'), ('Poor body image', 'Poor body image'), ('Socio-economic status', 'Control'), ('Weight bias', 'Poor body image'), ('Pressure to be thin', 'Poor body image'), ('Depression', 'Stress'), ('Poor body image', 'Depression'), ('Culture of eating that promotes healthy choices', 'Mental well-being'), ('Cultural norms around thinness', 'Pressure to be thin'), ('Public health messaging around thinness', 'Pressure to be thin'), ('Physical well-being', 'Mental well-being')]","[('Medications', 'Balance'), ('Secretion of inflammatory molecules by adipose cells', 'Insulin resistance'), ('Obesity', 'Obstructive sleep apnea'), ('Dyslipidemia', 'Blood pressure'), ('Obesity', 'Gastro-esophageal reflux disease'), ('Auto-inflammatory diseases', 'Inflammation'), ('Atherosclerosis', 'Coronary heart diseases'), ('Release of adipokines', 'Atherosclerosis'), ('Blood mono-unsaturated fatty acid level', 'Secretion of inflammatory molecules by adipose cells'), ('Insulin resistance', 'Fatty acids in the artery walls'), ('Insulin resistance', 'Cells intake of fatty acids'), ('Adipose storage of fatty acids', 'Inflammation'), ('Thoracic and abdominal obesity', 'Airway resistance'), ('Thoracic and abdominal obesity', 'Respiratory muscle fatigue'), ('Unhealthy weight control practices', 'Obesity'), ('Sodium retention', 'Blood pressure'), ('Short sleep duration', 'Pro-inflammatory cytokines'), ('Medications', 'Obesity'), ('Balance', 'Ability to engage in physical activity'), ('Short sleep duration', 'Cortisol'), ('Airway resistance', 'Asthma'), ('Short sleep duration', 'Blood pressure'), ('Fatty acids in the artery walls', 'Atherosclerosis'), ('Dyslipidemia', 'Insulin resistance'), ('Blood glucose level', 'Fatty acids in the artery walls'), ('Respiratory diseases', 'Ability to engage in physical activity'), ('Blood saturated fatty acid level', 'Secretion of inflammatory molecules by adipose cells'), ('Dysfunctional adipose tissue', 'Inflammation'), ('Coordination', 'Ability to engage in physical activity'), ('Obesity', 'Short sleep duration'), ('Inflammation', 'Asthma'), ('Coronary heart diseases', 'Dyspnea'), ('Tiredness', 'Ability to engage in physical activity'), ('Short sleep duration', 'Heart rate'), ('Blood fatty acid level', 'Blood glucose level'), ('Pro-inflammatory cytokines', 'Inflammation'), ('Respiratory muscle fatigue', 'Dyspnea'), ('Heart rate', 'Coronary heart diseases'), ('Medications', 'Coordination'), ('Beta blockers', 'Ability to engage in physical activity'), ('Sodium intake', 'Blood pressure'), ('Airway resistance', 'Asthma-like symptoms'), ('Medications', 'Concentration'), ('Cells intake of fatty acids', 'Adipose storage of fatty acids'), ('Physical pain', 'Ability to engage in physical activity'), ('Concentration', 'Ability to engage in physical activity'), ('Obesity', 'Release of adipokines'), ('Blood glucose level', 'Sodium retention'), ('Stimulants', 'Short sleep duration'), ('Obesity', 'Dysfunctional adipose tissue'), ('Medications', 'Tiredness'), ('Inflammation', 'Insulin resistance'), ('Inflammation', 'Auto-inflammatory diseases'), ('Blood fatty acid level', 'Adipose storage of fatty acids'), ('Dysfunctional adipose tissue', 'Blood pressure'), ('Dysfunctional adipose tissue', 'Dyslipidemia'), ('Obesity', 'Unhealthy weight control practices'), ('Obesity', 'Asthma-like symptoms'), ('Dyslipidemia', 'Atherosclerosis')]","[('Prevalence of walking trails', 'Quality of the sport infrastructure'), ('Medications', 'Balance'), ('Culture of eating that promotes healthy choices', 'Physical well-being'), ('Secretion of inflammatory molecules by adipose cells', 'Insulin resistance'), ('Presence of a vibrant community', 'Control'), ('Obesity', 'Weight bias'), ('Healthy eating', 'Blood mono-unsaturated fatty acid level'), ('Exercise', 'Heart rate'), ('Available time', 'Recreational physical activity'), ('Chronic conditions', 'Depression'), ('Exercise', 'Insulin resistance'), ('Weight bias', 'Socio-economic status'), ('Mental well-being', 'Physical well-being'), ('Obesity', 'Obstructive sleep apnea'), ('Eating disorders', 'Healthy eating'), ('Consumer demand for regulations', 'Marketing of healthy foods'), ('Dyslipidemia', 'Blood pressure'), ('Obesity', 'Gastro-esophageal reflux disease'), ('Perceived environmental safety', 'Mental well-being'), ('Late night TV watching', 'Short sleep duration'), ('Auto-inflammatory diseases', 'Inflammation'), ('Depression', 'Healthy eating'), ('Socio-economic status', 'Stress'), ('Exercise', 'Blood glucose level'), ('Public support and demand for healthy products', 'Marketing of healthy foods'), ('Unhealthy foods are cheaper than healthy ones', 'Supportive food environment'), ('Control', 'Mental well-being'), ('Atherosclerosis', 'Coronary heart diseases'), ('Socio-economic status', 'Physical well-being'), ('Ability to engage in physical activity', 'Physical activity'), ('Public health messaging around thinness', 'Weight bias'), ('Public support and demand for healthy products', 'Availability of healthy foods'), ('Release of adipokines', 'Atherosclerosis'), ('Consumer demand for regulations', 'Marketing of unhealthy foods'), ('Resilience', 'Mental well-being'), ('Blood mono-unsaturated fatty acid level', 'Secretion of inflammatory molecules by adipose cells'), ('Medical perspective that thin is good', 'Public health messaging around thinness'), ('Mental well-being', 'Medications'), ('Sexual difficulties', 'Mental well-being'), ('Insulin resistance', 'Fatty acids in the artery walls'), ('Insulin resistance', 'Cells intake of fatty acids'), ('Sidewalk prevalence and maintenance', 'Utilitarian physical activity '), ('Adipose storage of fatty acids', 'Inflammation'), ('Socio-economic status', 'Exercise'), ('Thoracic and abdominal obesity', 'Airway resistance'), ('Healthy eating', 'Short sleep duration'), ('Perceived environmental safety', 'Physical well-being'), ('Weight bias', 'Depression'), ('Emotional eating', 'Mental well-being'), ('Late night TV watching', 'Healthy eating'), ('Control', 'Stress'), ('Aesthetics', 'Physical well-being'), ('Economic incentives to produce unhealthy food products', 'Cost of unhealthy foods'), ('Supportive food environment', 'Healthy eating'), ('Appetite', 'Physical well-being'), ('Thoracic and abdominal obesity', 'Respiratory muscle fatigue'), ('Cardiovascular diseases', 'Fear of engaging in physical activity'), ('Socio-economic status', 'Mental well-being'), ('Unhealthy weight control practices', 'Obesity'), ('Exercise', 'Blood pressure'), ('Sodium retention', 'Blood pressure'), ('Short sleep duration', 'Pro-inflammatory cytokines'), ('Medications', 'Obesity'), ('Short sleep duration', 'Appetite'), ('Balance', 'Ability to engage in physical activity'), ('Short sleep duration', 'Cortisol'), ('Airway resistance', 'Asthma'), ('Short sleep duration', 'Blood pressure'), ('Medical perspective that thin is good', 'Cultural norms around thinness'), ('Healthy eating', 'Blood glucose level'), ('Mental well-being', 'Anticonvulsants'), ('Fatty acids in the artery walls', 'Atherosclerosis'), ('Dyslipidemia', 'Insulin resistance'), ('Blood glucose level', 'Fatty acids in the artery walls'), ('Respiratory diseases', 'Ability to engage in physical activity'), ('Blood saturated fatty acid level', 'Secretion of inflammatory molecules by adipose cells'), ('Dysfunctional adipose tissue', 'Inflammation'), ('Weight bias', 'Mental well-being'), ('Coordination', 'Ability to engage in physical activity'), ('Cultural norms around thinness', 'Cultural norms around thinness'), ('Cultural norms around thinness', 'Poor body image'), ('Obesity', 'Short sleep duration'), ('Inflammation', 'Asthma'), ('Healthy eating', 'Sodium intake'), ('Cultural norms around thinness', 'Eating disorders'), ('Poor body image', 'Sexual difficulties'), ('Fear of engaging in physical activity', 'Physical activity'), ('Short sleep duration', 'Healthy eating'), ('Coronary heart diseases', 'Dyspnea'), ('Stress', 'Inflammation'), ('Weight bias', 'Stress'), ('Unhealthy weight control practices', 'Eating disorders'), ('Tiredness', 'Ability to engage in physical activity'), ('Short sleep duration', 'Heart rate'), ('Prevalence of bike trails', 'Quality of the sport infrastructure'), ('Exercise', 'Blood fatty acid level'), ('Mental well-being', 'Emotional eating'), ('Poor body image', 'Poor body image'), ('Blood fatty acid level', 'Blood glucose level'), ('Cardiovascular diseases', 'Depression'), ('Pro-inflammatory cytokines', 'Inflammation'), ('Prevalence of green fields', 'Quality of the sport infrastructure'), ('Mental well-being', 'Antipsychotics'), ('Socio-economic status', 'Control'), ('Weight bias', 'Poor body image'), ('Positive experience of sports', 'Recreational physical activity'), ('Public support and demand for healthy products', 'Cost of healthy foods'), ('Socio-economic status', 'Availability of healthy foods'), ('Cardiovascular diseases', 'Physical well-being'), ('Respiratory muscle fatigue', 'Dyspnea'), ('Heart rate', 'Coronary heart diseases'), ('Pressure to be thin', 'Poor body image'), ('Medications', 'Coordination'), ('Beta blockers', 'Ability to engage in physical activity'), ('Antipsychotics', 'Appetite'), ('Sodium intake', 'Blood pressure'), ('Pressure to be thin', 'Unhealthy weight control practices'), ('Airway resistance', 'Asthma-like symptoms'), ('Depression', 'Stress'), ('Medications', 'Concentration'), ('Public support and demand for healthy products', 'Marketing of unhealthy foods'), ('Poor body image', 'Eating disorders'), ('Emotional eating', 'Healthy eating'), ('Obesity', 'Access to health professionals'), ('Obesity', 'Mental well-being'), ('Unhealthy foods are more available than healthy ones', 'Supportive food environment'), ('Healthy eating', 'Blood saturated fatty acid level'), ('Presence of a vibrant community', 'Resilience'), ('Cells intake of fatty acids', 'Adipose storage of fatty acids'), ('Physical activity', 'Physical well-being'), ('Appetite', 'Healthy eating'), ('Aesthetics', 'Stress'), ('Chronic conditions', 'Mental well-being'), ('Weight bias', 'Positive experience of sports'), ('Healthy eating', 'Dyslipidemia'), ('Quality of the sport infrastructure', 'Recreational physical activity'), ('Physical pain', 'Ability to engage in physical activity'), ('Prevalence of green fields', 'Aesthetics'), ('Concentration', 'Ability to engage in physical activity'), ('Aesthetics', 'Mental well-being'), ('Poor body image', 'Depression'), ('Chronic conditions', 'Physical well-being'), ('Obesity', 'Release of adipokines'), ('Blood glucose level', 'Sodium retention'), ('Restrictive covenants', 'Availability of healthy foods'), ('Musculoskeletal pain', 'Mental well-being'), ('Weight bias', 'Unhealthy weight control practices'), ('Physical activity', 'Mental well-being'), ('Access to health professionals', 'Ability to engage in physical activity'), ('Stimulants', 'Short sleep duration'), ('Culture of eating that promotes healthy choices', 'Healthy eating'), ('Culture of eating that promotes healthy choices', 'Mental well-being'), ('Weight bias', 'Exercise'), ('Obesity', 'Dysfunctional adipose tissue'), ('Medications', 'Tiredness'), ('Inflammation', 'Insulin resistance'), ('Anticonvulsants', 'Appetite'), ('Inflammation', 'Auto-inflammatory diseases'), ('Accessibility to shops', 'Utilitarian physical activity '), ('Blood fatty acid level', 'Adipose storage of fatty acids'), ('Perceived environmental safety', 'Physical activity'), ('Short sleep duration', 'Physical well-being'), ('Cultural norms around thinness', 'Pressure to be thin'), ('Weight bias', 'Access to health professionals'), ('Public health messaging around thinness', 'Pressure to be thin'), ('Dysfunctional adipose tissue', 'Blood pressure'), ('Dysfunctional adipose tissue', 'Dyslipidemia'), ('Aesthetics', 'Utilitarian physical activity '), ('Obesity', 'Unhealthy weight control practices'), ('Obesity', 'Asthma-like symptoms'), ('Marketing ratio of unhealthy to healthy foods', 'Supportive food environment'), ('Dyslipidemia', 'Atherosclerosis'), ('Physical well-being', 'Mental well-being'), ('Public support and demand for healthy products', 'Cost of unhealthy foods'), ('Musculoskeletal pain', 'Physical well-being'), ('Coronary heart diseases', 'Exercise')]"
3,"[('Weight bias', 'Dysfunctional adipose tissue'), ('Culture of eating that promotes healthy choices', 'Sodium intake'), ('Stress', 'Cortisol'), ('Poor body image', 'Unhealthy weight control practices'), ('Physical well-being', 'Ability to engage in physical activity'), ('Depression', 'Pro-inflammatory cytokines')]",-1,1,-1,-1,1,"[('Culture of eating that promotes healthy choices', 'Physical well-being'), ('Weight bias', 'Socio-economic status'), ('Mental well-being', 'Physical well-being'), ('Socio-economic status', 'Stress'), ('Control', 'Mental well-being'), ('Socio-economic status', 'Physical well-being'), ('Public health messaging around thinness', 'Weight bias'), ('Resilience', 'Mental well-being'), ('Medical perspective that thin is good', 'Public health messaging around thinness'), ('Weight bias', 'Depression'), ('Control', 'Stress'), ('Socio-economic status', 'Mental well-being'), ('Medical perspective that thin is good', 'Cultural norms around thinness'), ('Weight bias', 'Mental well-being'), ('Cultural norms around thinness', 'Cultural norms around thinness'), ('Cultural norms around thinness', 'Poor body image'), ('Weight bias', 'Stress'), ('Poor body image', 'Poor body image'), ('Socio-economic status', 'Control'), ('Weight bias', 'Poor body image'), ('Pressure to be thin', 'Poor body image'), ('Depression', 'Stress'), ('Poor body image', 'Depression'), ('Culture of eating that promotes healthy choices', 'Mental well-being'), ('Cultural norms around thinness', 'Pressure to be thin'), ('Public health messaging around thinness', 'Pressure to be thin'), ('Physical well-being', 'Mental well-being')]","[('Medications', 'Balance'), ('Secretion of inflammatory molecules by adipose cells', 'Insulin resistance'), ('Obesity', 'Obstructive sleep apnea'), ('Dyslipidemia', 'Blood pressure'), ('Obesity', 'Gastro-esophageal reflux disease'), ('Auto-inflammatory diseases', 'Inflammation'), ('Atherosclerosis', 'Coronary heart diseases'), ('Release of adipokines', 'Atherosclerosis'), ('Blood mono-unsaturated fatty acid level', 'Secretion of inflammatory molecules by adipose cells'), ('Insulin resistance', 'Fatty acids in the artery walls'), ('Insulin resistance', 'Cells intake of fatty acids'), ('Adipose storage of fatty acids', 'Inflammation'), ('Thoracic and abdominal obesity', 'Airway resistance'), ('Thoracic and abdominal obesity', 'Respiratory muscle fatigue'), ('Unhealthy weight control practices', 'Obesity'), ('Sodium retention', 'Blood pressure'), ('Short sleep duration', 'Pro-inflammatory cytokines'), ('Medications', 'Obesity'), ('Balance', 'Ability to engage in physical activity'), ('Short sleep duration', 'Cortisol'), ('Airway resistance', 'Asthma'), ('Short sleep duration', 'Blood pressure'), ('Fatty acids in the artery walls', 'Atherosclerosis'), ('Dyslipidemia', 'Insulin resistance'), ('Blood glucose level', 'Fatty acids in the artery walls'), ('Respiratory diseases', 'Ability to engage in physical activity'), ('Blood saturated fatty acid level', 'Secretion of inflammatory molecules by adipose cells'), ('Dysfunctional adipose tissue', 'Inflammation'), ('Coordination', 'Ability to engage in physical activity'), ('Obesity', 'Short sleep duration'), ('Inflammation', 'Asthma'), ('Coronary heart diseases', 'Dyspnea'), ('Tiredness', 'Ability to engage in physical activity'), ('Short sleep duration', 'Heart rate'), ('Blood fatty acid level', 'Blood glucose level'), ('Pro-inflammatory cytokines', 'Inflammation'), ('Respiratory muscle fatigue', 'Dyspnea'), ('Heart rate', 'Coronary heart diseases'), ('Medications', 'Coordination'), ('Beta blockers', 'Ability to engage in physical activity'), ('Sodium intake', 'Blood pressure'), ('Airway resistance', 'Asthma-like symptoms'), ('Medications', 'Concentration'), ('Cells intake of fatty acids', 'Adipose storage of fatty acids'), ('Physical pain', 'Ability to engage in physical activity'), ('Concentration', 'Ability to engage in physical activity'), ('Obesity', 'Release of adipokines'), ('Blood glucose level', 'Sodium retention'), ('Stimulants', 'Short sleep duration'), ('Obesity', 'Dysfunctional adipose tissue'), ('Medications', 'Tiredness'), ('Inflammation', 'Insulin resistance'), ('Inflammation', 'Auto-inflammatory diseases'), ('Blood fatty acid level', 'Adipose storage of fatty acids'), ('Dysfunctional adipose tissue', 'Blood pressure'), ('Dysfunctional adipose tissue', 'Dyslipidemia'), ('Obesity', 'Unhealthy weight control practices'), ('Obesity', 'Asthma-like symptoms'), ('Dyslipidemia', 'Atherosclerosis')]","[('Prevalence of walking trails', 'Quality of the sport infrastructure'), ('Medications', 'Balance'), ('Culture of eating that promotes healthy choices', 'Physical well-being'), ('Secretion of inflammatory molecules by adipose cells', 'Insulin resistance'), ('Presence of a vibrant community', 'Control'), ('Obesity', 'Weight bias'), ('Healthy eating', 'Blood mono-unsaturated fatty acid level'), ('Exercise', 'Heart rate'), ('Available time', 'Recreational physical activity'), ('Chronic conditions', 'Depression'), ('Exercise', 'Insulin resistance'), ('Weight bias', 'Socio-economic status'), ('Mental well-being', 'Physical well-being'), ('Obesity', 'Obstructive sleep apnea'), ('Eating disorders', 'Healthy eating'), ('Consumer demand for regulations', 'Marketing of healthy foods'), ('Dyslipidemia', 'Blood pressure'), ('Obesity', 'Gastro-esophageal reflux disease'), ('Perceived environmental safety', 'Mental well-being'), ('Late night TV watching', 'Short sleep duration'), ('Auto-inflammatory diseases', 'Inflammation'), ('Depression', 'Healthy eating'), ('Socio-economic status', 'Stress'), ('Exercise', 'Blood glucose level'), ('Public support and demand for healthy products', 'Marketing of healthy foods'), ('Unhealthy foods are cheaper than healthy ones', 'Supportive food environment'), ('Control', 'Mental well-being'), ('Atherosclerosis', 'Coronary heart diseases'), ('Socio-economic status', 'Physical well-being'), ('Ability to engage in physical activity', 'Physical activity'), ('Public health messaging around thinness', 'Weight bias'), ('Public support and demand for healthy products', 'Availability of healthy foods'), ('Release of adipokines', 'Atherosclerosis'), ('Consumer demand for regulations', 'Marketing of unhealthy foods'), ('Resilience', 'Mental well-being'), ('Blood mono-unsaturated fatty acid level', 'Secretion of inflammatory molecules by adipose cells'), ('Medical perspective that thin is good', 'Public health messaging around thinness'), ('Mental well-being', 'Medications'), ('Sexual difficulties', 'Mental well-being'), ('Insulin resistance', 'Fatty acids in the artery walls'), ('Insulin resistance', 'Cells intake of fatty acids'), ('Sidewalk prevalence and maintenance', 'Utilitarian physical activity '), ('Adipose storage of fatty acids', 'Inflammation'), ('Socio-economic status', 'Exercise'), ('Thoracic and abdominal obesity', 'Airway resistance'), ('Healthy eating', 'Short sleep duration'), ('Perceived environmental safety', 'Physical well-being'), ('Weight bias', 'Depression'), ('Emotional eating', 'Mental well-being'), ('Late night TV watching', 'Healthy eating'), ('Control', 'Stress'), ('Aesthetics', 'Physical well-being'), ('Economic incentives to produce unhealthy food products', 'Cost of unhealthy foods'), ('Supportive food environment', 'Healthy eating'), ('Appetite', 'Physical well-being'), ('Thoracic and abdominal obesity', 'Respiratory muscle fatigue'), ('Cardiovascular diseases', 'Fear of engaging in physical activity'), ('Socio-economic status', 'Mental well-being'), ('Unhealthy weight control practices', 'Obesity'), ('Exercise', 'Blood pressure'), ('Sodium retention', 'Blood pressure'), ('Short sleep duration', 'Pro-inflammatory cytokines'), ('Medications', 'Obesity'), ('Short sleep duration', 'Appetite'), ('Balance', 'Ability to engage in physical activity'), ('Short sleep duration', 'Cortisol'), ('Airway resistance', 'Asthma'), ('Short sleep duration', 'Blood pressure'), ('Medical perspective that thin is good', 'Cultural norms around thinness'), ('Healthy eating', 'Blood glucose level'), ('Mental well-being', 'Anticonvulsants'), ('Fatty acids in the artery walls', 'Atherosclerosis'), ('Dyslipidemia', 'Insulin resistance'), ('Blood glucose level', 'Fatty acids in the artery walls'), ('Respiratory diseases', 'Ability to engage in physical activity'), ('Blood saturated fatty acid level', 'Secretion of inflammatory molecules by adipose cells'), ('Dysfunctional adipose tissue', 'Inflammation'), ('Weight bias', 'Mental well-being'), ('Coordination', 'Ability to engage in physical activity'), ('Cultural norms around thinness', 'Cultural norms around thinness'), ('Cultural norms around thinness', 'Poor body image'), ('Obesity', 'Short sleep duration'), ('Inflammation', 'Asthma'), ('Healthy eating', 'Sodium intake'), ('Cultural norms around thinness', 'Eating disorders'), ('Poor body image', 'Sexual difficulties'), ('Fear of engaging in physical activity', 'Physical activity'), ('Short sleep duration', 'Healthy eating'), ('Coronary heart diseases', 'Dyspnea'), ('Stress', 'Inflammation'), ('Weight bias', 'Stress'), ('Unhealthy weight control practices', 'Eating disorders'), ('Tiredness', 'Ability to engage in physical activity'), ('Short sleep duration', 'Heart rate'), ('Prevalence of bike trails', 'Quality of the sport infrastructure'), ('Exercise', 'Blood fatty acid level'), ('Mental well-being', 'Emotional eating'), ('Poor body image', 'Poor body image'), ('Blood fatty acid level', 'Blood glucose level'), ('Cardiovascular diseases', 'Depression'), ('Pro-inflammatory cytokines', 'Inflammation'), ('Prevalence of green fields', 'Quality of the sport infrastructure'), ('Mental well-being', 'Antipsychotics'), ('Socio-economic status', 'Control'), ('Weight bias', 'Poor body image'), ('Positive experience of sports', 'Recreational physical activity'), ('Public support and demand for healthy products', 'Cost of healthy foods'), ('Socio-economic status', 'Availability of healthy foods'), ('Cardiovascular diseases', 'Physical well-being'), ('Respiratory muscle fatigue', 'Dyspnea'), ('Heart rate', 'Coronary heart diseases'), ('Pressure to be thin', 'Poor body image'), ('Medications', 'Coordination'), ('Beta blockers', 'Ability to engage in physical activity'), ('Antipsychotics', 'Appetite'), ('Sodium intake', 'Blood pressure'), ('Pressure to be thin', 'Unhealthy weight control practices'), ('Airway resistance', 'Asthma-like symptoms'), ('Depression', 'Stress'), ('Medications', 'Concentration'), ('Public support and demand for healthy products', 'Marketing of unhealthy foods'), ('Poor body image', 'Eating disorders'), ('Emotional eating', 'Healthy eating'), ('Obesity', 'Access to health professionals'), ('Obesity', 'Mental well-being'), ('Unhealthy foods are more available than healthy ones', 'Supportive food environment'), ('Healthy eating', 'Blood saturated fatty acid level'), ('Presence of a vibrant community', 'Resilience'), ('Cells intake of fatty acids', 'Adipose storage of fatty acids'), ('Physical activity', 'Physical well-being'), ('Appetite', 'Healthy eating'), ('Aesthetics', 'Stress'), ('Chronic conditions', 'Mental well-being'), ('Weight bias', 'Positive experience of sports'), ('Healthy eating', 'Dyslipidemia'), ('Quality of the sport infrastructure', 'Recreational physical activity'), ('Physical pain', 'Ability to engage in physical activity'), ('Prevalence of green fields', 'Aesthetics'), ('Concentration', 'Ability to engage in physical activity'), ('Aesthetics', 'Mental well-being'), ('Poor body image', 'Depression'), ('Chronic conditions', 'Physical well-being'), ('Obesity', 'Release of adipokines'), ('Blood glucose level', 'Sodium retention'), ('Restrictive covenants', 'Availability of healthy foods'), ('Musculoskeletal pain', 'Mental well-being'), ('Weight bias', 'Unhealthy weight control practices'), ('Physical activity', 'Mental well-being'), ('Access to health professionals', 'Ability to engage in physical activity'), ('Stimulants', 'Short sleep duration'), ('Culture of eating that promotes healthy choices', 'Healthy eating'), ('Culture of eating that promotes healthy choices', 'Mental well-being'), ('Weight bias', 'Exercise'), ('Obesity', 'Dysfunctional adipose tissue'), ('Medications', 'Tiredness'), ('Inflammation', 'Insulin resistance'), ('Anticonvulsants', 'Appetite'), ('Inflammation', 'Auto-inflammatory diseases'), ('Accessibility to shops', 'Utilitarian physical activity '), ('Blood fatty acid level', 'Adipose storage of fatty acids'), ('Perceived environmental safety', 'Physical activity'), ('Short sleep duration', 'Physical well-being'), ('Cultural norms around thinness', 'Pressure to be thin'), ('Weight bias', 'Access to health professionals'), ('Public health messaging around thinness', 'Pressure to be thin'), ('Dysfunctional adipose tissue', 'Blood pressure'), ('Dysfunctional adipose tissue', 'Dyslipidemia'), ('Aesthetics', 'Utilitarian physical activity '), ('Obesity', 'Unhealthy weight control practices'), ('Obesity', 'Asthma-like symptoms'), ('Marketing ratio of unhealthy to healthy foods', 'Supportive food environment'), ('Dyslipidemia', 'Atherosclerosis'), ('Physical well-being', 'Mental well-being'), ('Public support and demand for healthy products', 'Cost of unhealthy foods'), ('Musculoskeletal pain', 'Physical well-being'), ('Coronary heart diseases', 'Exercise')]"
4,"[('Weight bias', 'Dysfunctional adipose tissue'), ('Culture of eating that promotes healthy choices', 'Sodium intake'), ('Stress', 'Cortisol'), ('Poor body image', 'Unhealthy weight control practices'), ('Physical well-being', 'Ability to engage in physical activity'), ('Depression', 'Pro-inflammatory cytokines')]",-1,1,-1,-1,1,"[('Culture of eating that promotes healthy choices', 'Physical well-being'), ('Weight bias', 'Socio-economic status'), ('Mental well-being', 'Physical well-being'), ('Socio-economic status', 'Stress'), ('Control', 'Mental well-being'), ('Socio-economic status', 'Physical well-being'), ('Public health messaging around thinness', 'Weight bias'), ('Resilience', 'Mental well-being'), ('Medical perspective that thin is good', 'Public health messaging around thinness'), ('Weight bias', 'Depression'), ('Control', 'Stress'), ('Socio-economic status', 'Mental well-being'), ('Medical perspective that thin is good', 'Cultural norms around thinness'), ('Weight bias', 'Mental well-being'), ('Cultural norms around thinness', 'Cultural norms around thinness'), ('Cultural norms around thinness', 'Poor body image'), ('Weight bias', 'Stress'), ('Poor body image', 'Poor body image'), ('Socio-economic status', 'Control'), ('Weight bias', 'Poor body image'), ('Pressure to be thin', 'Poor body image'), ('Depression', 'Stress'), ('Poor body image', 'Depression'), ('Culture of eating that promotes healthy choices', 'Mental well-being'), ('Cultural norms around thinness', 'Pressure to be thin'), ('Public health messaging around thinness', 'Pressure to be thin'), ('Physical well-being', 'Mental well-being')]","[('Medications', 'Balance'), ('Secretion of inflammatory molecules by adipose cells', 'Insulin resistance'), ('Obesity', 'Obstructive sleep apnea'), ('Dyslipidemia', 'Blood pressure'), ('Obesity', 'Gastro-esophageal reflux disease'), ('Auto-inflammatory diseases', 'Inflammation'), ('Atherosclerosis', 'Coronary heart diseases'), ('Release of adipokines', 'Atherosclerosis'), ('Blood mono-unsaturated fatty acid level', 'Secretion of inflammatory molecules by adipose cells'), ('Insulin resistance', 'Fatty acids in the artery walls'), ('Insulin resistance', 'Cells intake of fatty acids'), ('Adipose storage of fatty acids', 'Inflammation'), ('Thoracic and abdominal obesity', 'Airway resistance'), ('Thoracic and abdominal obesity', 'Respiratory muscle fatigue'), ('Unhealthy weight control practices', 'Obesity'), ('Sodium retention', 'Blood pressure'), ('Short sleep duration', 'Pro-inflammatory cytokines'), ('Medications', 'Obesity'), ('Balance', 'Ability to engage in physical activity'), ('Short sleep duration', 'Cortisol'), ('Airway resistance', 'Asthma'), ('Short sleep duration', 'Blood pressure'), ('Fatty acids in the artery walls', 'Atherosclerosis'), ('Dyslipidemia', 'Insulin resistance'), ('Blood glucose level', 'Fatty acids in the artery walls'), ('Respiratory diseases', 'Ability to engage in physical activity'), ('Blood saturated fatty acid level', 'Secretion of inflammatory molecules by adipose cells'), ('Dysfunctional adipose tissue', 'Inflammation'), ('Coordination', 'Ability to engage in physical activity'), ('Obesity', 'Short sleep duration'), ('Inflammation', 'Asthma'), ('Coronary heart diseases', 'Dyspnea'), ('Tiredness', 'Ability to engage in physical activity'), ('Short sleep duration', 'Heart rate'), ('Blood fatty acid level', 'Blood glucose level'), ('Pro-inflammatory cytokines', 'Inflammation'), ('Respiratory muscle fatigue', 'Dyspnea'), ('Heart rate', 'Coronary heart diseases'), ('Medications', 'Coordination'), ('Beta blockers', 'Ability to engage in physical activity'), ('Sodium intake', 'Blood pressure'), ('Airway resistance', 'Asthma-like symptoms'), ('Medications', 'Concentration'), ('Cells intake of fatty acids', 'Adipose storage of fatty acids'), ('Physical pain', 'Ability to engage in physical activity'), ('Concentration', 'Ability to engage in physical activity'), ('Obesity', 'Release of adipokines'), ('Blood glucose level', 'Sodium retention'), ('Stimulants', 'Short sleep duration'), ('Obesity', 'Dysfunctional adipose tissue'), ('Medications', 'Tiredness'), ('Inflammation', 'Insulin resistance'), ('Inflammation', 'Auto-inflammatory diseases'), ('Blood fatty acid level', 'Adipose storage of fatty acids'), ('Dysfunctional adipose tissue', 'Blood pressure'), ('Dysfunctional adipose tissue', 'Dyslipidemia'), ('Obesity', 'Unhealthy weight control practices'), ('Obesity', 'Asthma-like symptoms'), ('Dyslipidemia', 'Atherosclerosis')]","[('Prevalence of walking trails', 'Quality of the sport infrastructure'), ('Medications', 'Balance'), ('Culture of eating that promotes healthy choices', 'Physical well-being'), ('Secretion of inflammatory molecules by adipose cells', 'Insulin resistance'), ('Presence of a vibrant community', 'Control'), ('Obesity', 'Weight bias'), ('Healthy eating', 'Blood mono-unsaturated fatty acid level'), ('Exercise', 'Heart rate'), ('Available time', 'Recreational physical activity'), ('Chronic conditions', 'Depression'), ('Exercise', 'Insulin resistance'), ('Weight bias', 'Socio-economic status'), ('Mental well-being', 'Physical well-being'), ('Obesity', 'Obstructive sleep apnea'), ('Eating disorders', 'Healthy eating'), ('Consumer demand for regulations', 'Marketing of healthy foods'), ('Dyslipidemia', 'Blood pressure'), ('Obesity', 'Gastro-esophageal reflux disease'), ('Perceived environmental safety', 'Mental well-being'), ('Late night TV watching', 'Short sleep duration'), ('Auto-inflammatory diseases', 'Inflammation'), ('Depression', 'Healthy eating'), ('Socio-economic status', 'Stress'), ('Exercise', 'Blood glucose level'), ('Public support and demand for healthy products', 'Marketing of healthy foods'), ('Unhealthy foods are cheaper than healthy ones', 'Supportive food environment'), ('Control', 'Mental well-being'), ('Atherosclerosis', 'Coronary heart diseases'), ('Socio-economic status', 'Physical well-being'), ('Ability to engage in physical activity', 'Physical activity'), ('Public health messaging around thinness', 'Weight bias'), ('Public support and demand for healthy products', 'Availability of healthy foods'), ('Release of adipokines', 'Atherosclerosis'), ('Consumer demand for regulations', 'Marketing of unhealthy foods'), ('Resilience', 'Mental well-being'), ('Blood mono-unsaturated fatty acid level', 'Secretion of inflammatory molecules by adipose cells'), ('Medical perspective that thin is good', 'Public health messaging around thinness'), ('Mental well-being', 'Medications'), ('Sexual difficulties', 'Mental well-being'), ('Insulin resistance', 'Fatty acids in the artery walls'), ('Insulin resistance', 'Cells intake of fatty acids'), ('Sidewalk prevalence and maintenance', 'Utilitarian physical activity '), ('Adipose storage of fatty acids', 'Inflammation'), ('Socio-economic status', 'Exercise'), ('Thoracic and abdominal obesity', 'Airway resistance'), ('Healthy eating', 'Short sleep duration'), ('Perceived environmental safety', 'Physical well-being'), ('Weight bias', 'Depression'), ('Emotional eating', 'Mental well-being'), ('Late night TV watching', 'Healthy eating'), ('Control', 'Stress'), ('Aesthetics', 'Physical well-being'), ('Economic incentives to produce unhealthy food products', 'Cost of unhealthy foods'), ('Supportive food environment', 'Healthy eating'), ('Appetite', 'Physical well-being'), ('Thoracic and abdominal obesity', 'Respiratory muscle fatigue'), ('Cardiovascular diseases', 'Fear of engaging in physical activity'), ('Socio-economic status', 'Mental well-being'), ('Unhealthy weight control practices', 'Obesity'), ('Exercise', 'Blood pressure'), ('Sodium retention', 'Blood pressure'), ('Short sleep duration', 'Pro-inflammatory cytokines'), ('Medications', 'Obesity'), ('Short sleep duration', 'Appetite'), ('Balance', 'Ability to engage in physical activity'), ('Short sleep duration', 'Cortisol'), ('Airway resistance', 'Asthma'), ('Short sleep duration', 'Blood pressure'), ('Medical perspective that thin is good', 'Cultural norms around thinness'), ('Healthy eating', 'Blood glucose level'), ('Mental well-being', 'Anticonvulsants'), ('Fatty acids in the artery walls', 'Atherosclerosis'), ('Dyslipidemia', 'Insulin resistance'), ('Blood glucose level', 'Fatty acids in the artery walls'), ('Respiratory diseases', 'Ability to engage in physical activity'), ('Blood saturated fatty acid level', 'Secretion of inflammatory molecules by adipose cells'), ('Dysfunctional adipose tissue', 'Inflammation'), ('Weight bias', 'Mental well-being'), ('Coordination', 'Ability to engage in physical activity'), ('Cultural norms around thinness', 'Cultural norms around thinness'), ('Cultural norms around thinness', 'Poor body image'), ('Obesity', 'Short sleep duration'), ('Inflammation', 'Asthma'), ('Healthy eating', 'Sodium intake'), ('Cultural norms around thinness', 'Eating disorders'), ('Poor body image', 'Sexual difficulties'), ('Fear of engaging in physical activity', 'Physical activity'), ('Short sleep duration', 'Healthy eating'), ('Coronary heart diseases', 'Dyspnea'), ('Stress', 'Inflammation'), ('Weight bias', 'Stress'), ('Unhealthy weight control practices', 'Eating disorders'), ('Tiredness', 'Ability to engage in physical activity'), ('Short sleep duration', 'Heart rate'), ('Prevalence of bike trails', 'Quality of the sport infrastructure'), ('Exercise', 'Blood fatty acid level'), ('Mental well-being', 'Emotional eating'), ('Poor body image', 'Poor body image'), ('Blood fatty acid level', 'Blood glucose level'), ('Cardiovascular diseases', 'Depression'), ('Pro-inflammatory cytokines', 'Inflammation'), ('Prevalence of green fields', 'Quality of the sport infrastructure'), ('Mental well-being', 'Antipsychotics'), ('Socio-economic status', 'Control'), ('Weight bias', 'Poor body image'), ('Positive experience of sports', 'Recreational physical activity'), ('Public support and demand for healthy products', 'Cost of healthy foods'), ('Socio-economic status', 'Availability of healthy foods'), ('Cardiovascular diseases', 'Physical well-being'), ('Respiratory muscle fatigue', 'Dyspnea'), ('Heart rate', 'Coronary heart diseases'), ('Pressure to be thin', 'Poor body image'), ('Medications', 'Coordination'), ('Beta blockers', 'Ability to engage in physical activity'), ('Antipsychotics', 'Appetite'), ('Sodium intake', 'Blood pressure'), ('Pressure to be thin', 'Unhealthy weight control practices'), ('Airway resistance', 'Asthma-like symptoms'), ('Depression', 'Stress'), ('Medications', 'Concentration'), ('Public support and demand for healthy products', 'Marketing of unhealthy foods'), ('Poor body image', 'Eating disorders'), ('Emotional eating', 'Healthy eating'), ('Obesity', 'Access to health professionals'), ('Obesity', 'Mental well-being'), ('Unhealthy foods are more available than healthy ones', 'Supportive food environment'), ('Healthy eating', 'Blood saturated fatty acid level'), ('Presence of a vibrant community', 'Resilience'), ('Cells intake of fatty acids', 'Adipose storage of fatty acids'), ('Physical activity', 'Physical well-being'), ('Appetite', 'Healthy eating'), ('Aesthetics', 'Stress'), ('Chronic conditions', 'Mental well-being'), ('Weight bias', 'Positive experience of sports'), ('Healthy eating', 'Dyslipidemia'), ('Quality of the sport infrastructure', 'Recreational physical activity'), ('Physical pain', 'Ability to engage in physical activity'), ('Prevalence of green fields', 'Aesthetics'), ('Concentration', 'Ability to engage in physical activity'), ('Aesthetics', 'Mental well-being'), ('Poor body image', 'Depression'), ('Chronic conditions', 'Physical well-being'), ('Obesity', 'Release of adipokines'), ('Blood glucose level', 'Sodium retention'), ('Restrictive covenants', 'Availability of healthy foods'), ('Musculoskeletal pain', 'Mental well-being'), ('Weight bias', 'Unhealthy weight control practices'), ('Physical activity', 'Mental well-being'), ('Access to health professionals', 'Ability to engage in physical activity'), ('Stimulants', 'Short sleep duration'), ('Culture of eating that promotes healthy choices', 'Healthy eating'), ('Culture of eating that promotes healthy choices', 'Mental well-being'), ('Weight bias', 'Exercise'), ('Obesity', 'Dysfunctional adipose tissue'), ('Medications', 'Tiredness'), ('Inflammation', 'Insulin resistance'), ('Anticonvulsants', 'Appetite'), ('Inflammation', 'Auto-inflammatory diseases'), ('Accessibility to shops', 'Utilitarian physical activity '), ('Blood fatty acid level', 'Adipose storage of fatty acids'), ('Perceived environmental safety', 'Physical activity'), ('Short sleep duration', 'Physical well-being'), ('Cultural norms around thinness', 'Pressure to be thin'), ('Weight bias', 'Access to health professionals'), ('Public health messaging around thinness', 'Pressure to be thin'), ('Dysfunctional adipose tissue', 'Blood pressure'), ('Dysfunctional adipose tissue', 'Dyslipidemia'), ('Aesthetics', 'Utilitarian physical activity '), ('Obesity', 'Unhealthy weight control practices'), ('Obesity', 'Asthma-like symptoms'), ('Marketing ratio of unhealthy to healthy foods', 'Supportive food environment'), ('Dyslipidemia', 'Atherosclerosis'), ('Physical well-being', 'Mental well-being'), ('Public support and demand for healthy products', 'Cost of unhealthy foods'), ('Musculoskeletal pain', 'Physical well-being'), ('Coronary heart diseases', 'Exercise')]"
0,"[('Physical pain', 'Depression'), ('Medical perspective that thin is good', 'Dyslipidemia'), ('Mental well-being', 'Ability to engage in physical activity'), ('Depression', 'Short sleep duration'), ('Poor body image', 'Unhealthy weight control practices'), ('Tiredness', 'Stress'), ('Physical well-being', 'Ability to engage in physical activity'), ('Coordination', 'Physical well-being'), ('Socio-economic status', 'Medications'), ('Weight bias', 'Inflammation'), ('Stimulants', 'Mental well-being'), ('Stress', 'Short sleep duration'), ('Concentration', 'Mental well-being'), ('Public health messaging around thinness', 'Dyslipidemia'), ('Beta blockers', 'Physical well-being')]",-1,1,-1,1,-1,"[('Culture of eating that promotes healthy choices', 'Physical well-being'), ('Weight bias', 'Socio-economic status'), ('Mental well-being', 'Physical well-being'), ('Socio-economic status', 'Stress'), ('Control', 'Mental well-being'), ('Socio-economic status', 'Physical well-being'), ('Public health messaging around thinness', 'Weight bias'), ('Resilience', 'Mental well-being'), ('Medical perspective that thin is good', 'Public health messaging around thinness'), ('Weight bias', 'Depression'), ('Control', 'Stress'), ('Socio-economic status', 'Mental well-being'), ('Medical perspective that thin is good', 'Cultural norms around thinness'), ('Weight bias', 'Mental well-being'), ('Cultural norms around thinness', 'Cultural norms around thinness'), ('Cultural norms around thinness', 'Poor body image'), ('Weight bias', 'Stress'), ('Poor body image', 'Poor body image'), ('Socio-economic status', 'Control'), ('Weight bias', 'Poor body image'), ('Pressure to be thin', 'Poor body image'), ('Depression', 'Stress'), ('Poor body image', 'Depression'), ('Culture of eating that promotes healthy choices', 'Mental well-being'), ('Cultural norms around thinness', 'Pressure to be thin'), ('Public health messaging around thinness', 'Pressure to be thin'), ('Physical well-being', 'Mental well-being')]","[('Medications', 'Balance'), ('Secretion of inflammatory molecules by adipose cells', 'Insulin resistance'), ('Obesity', 'Obstructive sleep apnea'), ('Dyslipidemia', 'Blood pressure'), ('Obesity', 'Gastro-esophageal reflux disease'), ('Auto-inflammatory diseases', 'Inflammation'), ('Atherosclerosis', 'Coronary heart diseases'), ('Release of adipokines', 'Atherosclerosis'), ('Blood mono-unsaturated fatty acid level', 'Secretion of inflammatory molecules by adipose cells'), ('Insulin resistance', 'Fatty acids in the artery walls'), ('Insulin resistance', 'Cells intake of fatty acids'), ('Adipose storage of fatty acids', 'Inflammation'), ('Thoracic and abdominal obesity', 'Airway resistance'), ('Thoracic and abdominal obesity', 'Respiratory muscle fatigue'), ('Unhealthy weight control practices', 'Obesity'), ('Sodium retention', 'Blood pressure'), ('Short sleep duration', 'Pro-inflammatory cytokines'), ('Medications', 'Obesity'), ('Balance', 'Ability to engage in physical activity'), ('Short sleep duration', 'Cortisol'), ('Airway resistance', 'Asthma'), ('Short sleep duration', 'Blood pressure'), ('Fatty acids in the artery walls', 'Atherosclerosis'), ('Dyslipidemia', 'Insulin resistance'), ('Blood glucose level', 'Fatty acids in the artery walls'), ('Respiratory diseases', 'Ability to engage in physical activity'), ('Blood saturated fatty acid level', 'Secretion of inflammatory molecules by adipose cells'), ('Dysfunctional adipose tissue', 'Inflammation'), ('Coordination', 'Ability to engage in physical activity'), ('Obesity', 'Short sleep duration'), ('Inflammation', 'Asthma'), ('Coronary heart diseases', 'Dyspnea'), ('Tiredness', 'Ability to engage in physical activity'), ('Short sleep duration', 'Heart rate'), ('Blood fatty acid level', 'Blood glucose level'), ('Pro-inflammatory cytokines', 'Inflammation'), ('Respiratory muscle fatigue', 'Dyspnea'), ('Heart rate', 'Coronary heart diseases'), ('Medications', 'Coordination'), ('Beta blockers', 'Ability to engage in physical activity'), ('Sodium intake', 'Blood pressure'), ('Airway resistance', 'Asthma-like symptoms'), ('Medications', 'Concentration'), ('Cells intake of fatty acids', 'Adipose storage of fatty acids'), ('Physical pain', 'Ability to engage in physical activity'), ('Concentration', 'Ability to engage in physical activity'), ('Obesity', 'Release of adipokines'), ('Blood glucose level', 'Sodium retention'), ('Stimulants', 'Short sleep duration'), ('Obesity', 'Dysfunctional adipose tissue'), ('Medications', 'Tiredness'), ('Inflammation', 'Insulin resistance'), ('Inflammation', 'Auto-inflammatory diseases'), ('Blood fatty acid level', 'Adipose storage of fatty acids'), ('Dysfunctional adipose tissue', 'Blood pressure'), ('Dysfunctional adipose tissue', 'Dyslipidemia'), ('Obesity', 'Unhealthy weight control practices'), ('Obesity', 'Asthma-like symptoms'), ('Dyslipidemia', 'Atherosclerosis')]","[('Prevalence of walking trails', 'Quality of the sport infrastructure'), ('Medications', 'Balance'), ('Culture of eating that promotes healthy choices', 'Physical well-being'), ('Secretion of inflammatory molecules by adipose cells', 'Insulin resistance'), ('Presence of a vibrant community', 'Control'), ('Obesity', 'Weight bias'), ('Healthy eating', 'Blood mono-unsaturated fatty acid level'), ('Exercise', 'Heart rate'), ('Available time', 'Recreational physical activity'), ('Chronic conditions', 'Depression'), ('Exercise', 'Insulin resistance'), ('Weight bias', 'Socio-economic status'), ('Mental well-being', 'Physical well-being'), ('Obesity', 'Obstructive sleep apnea'), ('Eating disorders', 'Healthy eating'), ('Consumer demand for regulations', 'Marketing of healthy foods'), ('Dyslipidemia', 'Blood pressure'), ('Obesity', 'Gastro-esophageal reflux disease'), ('Perceived environmental safety', 'Mental well-being'), ('Late night TV watching', 'Short sleep duration'), ('Auto-inflammatory diseases', 'Inflammation'), ('Depression', 'Healthy eating'), ('Socio-economic status', 'Stress'), ('Exercise', 'Blood glucose level'), ('Public support and demand for healthy products', 'Marketing of healthy foods'), ('Unhealthy foods are cheaper than healthy ones', 'Supportive food environment'), ('Control', 'Mental well-being'), ('Atherosclerosis', 'Coronary heart diseases'), ('Socio-economic status', 'Physical well-being'), ('Ability to engage in physical activity', 'Physical activity'), ('Public health messaging around thinness', 'Weight bias'), ('Public support and demand for healthy products', 'Availability of healthy foods'), ('Release of adipokines', 'Atherosclerosis'), ('Consumer demand for regulations', 'Marketing of unhealthy foods'), ('Resilience', 'Mental well-being'), ('Blood mono-unsaturated fatty acid level', 'Secretion of inflammatory molecules by adipose cells'), ('Medical perspective that thin is good', 'Public health messaging around thinness'), ('Mental well-being', 'Medications'), ('Sexual difficulties', 'Mental well-being'), ('Insulin resistance', 'Fatty acids in the artery walls'), ('Insulin resistance', 'Cells intake of fatty acids'), ('Sidewalk prevalence and maintenance', 'Utilitarian physical activity '), ('Adipose storage of fatty acids', 'Inflammation'), ('Socio-economic status', 'Exercise'), ('Thoracic and abdominal obesity', 'Airway resistance'), ('Healthy eating', 'Short sleep duration'), ('Perceived environmental safety', 'Physical well-being'), ('Weight bias', 'Depression'), ('Emotional eating', 'Mental well-being'), ('Late night TV watching', 'Healthy eating'), ('Control', 'Stress'), ('Aesthetics', 'Physical well-being'), ('Economic incentives to produce unhealthy food products', 'Cost of unhealthy foods'), ('Supportive food environment', 'Healthy eating'), ('Appetite', 'Physical well-being'), ('Thoracic and abdominal obesity', 'Respiratory muscle fatigue'), ('Cardiovascular diseases', 'Fear of engaging in physical activity'), ('Socio-economic status', 'Mental well-being'), ('Unhealthy weight control practices', 'Obesity'), ('Exercise', 'Blood pressure'), ('Sodium retention', 'Blood pressure'), ('Short sleep duration', 'Pro-inflammatory cytokines'), ('Medications', 'Obesity'), ('Short sleep duration', 'Appetite'), ('Balance', 'Ability to engage in physical activity'), ('Short sleep duration', 'Cortisol'), ('Airway resistance', 'Asthma'), ('Short sleep duration', 'Blood pressure'), ('Medical perspective that thin is good', 'Cultural norms around thinness'), ('Healthy eating', 'Blood glucose level'), ('Mental well-being', 'Anticonvulsants'), ('Fatty acids in the artery walls', 'Atherosclerosis'), ('Dyslipidemia', 'Insulin resistance'), ('Blood glucose level', 'Fatty acids in the artery walls'), ('Respiratory diseases', 'Ability to engage in physical activity'), ('Blood saturated fatty acid level', 'Secretion of inflammatory molecules by adipose cells'), ('Dysfunctional adipose tissue', 'Inflammation'), ('Weight bias', 'Mental well-being'), ('Coordination', 'Ability to engage in physical activity'), ('Cultural norms around thinness', 'Cultural norms around thinness'), ('Cultural norms around thinness', 'Poor body image'), ('Obesity', 'Short sleep duration'), ('Inflammation', 'Asthma'), ('Healthy eating', 'Sodium intake'), ('Cultural norms around thinness', 'Eating disorders'), ('Poor body image', 'Sexual difficulties'), ('Fear of engaging in physical activity', 'Physical activity'), ('Short sleep duration', 'Healthy eating'), ('Coronary heart diseases', 'Dyspnea'), ('Stress', 'Inflammation'), ('Weight bias', 'Stress'), ('Unhealthy weight control practices', 'Eating disorders'), ('Tiredness', 'Ability to engage in physical activity'), ('Short sleep duration', 'Heart rate'), ('Prevalence of bike trails', 'Quality of the sport infrastructure'), ('Exercise', 'Blood fatty acid level'), ('Mental well-being', 'Emotional eating'), ('Poor body image', 'Poor body image'), ('Blood fatty acid level', 'Blood glucose level'), ('Cardiovascular diseases', 'Depression'), ('Pro-inflammatory cytokines', 'Inflammation'), ('Prevalence of green fields', 'Quality of the sport infrastructure'), ('Mental well-being', 'Antipsychotics'), ('Socio-economic status', 'Control'), ('Weight bias', 'Poor body image'), ('Positive experience of sports', 'Recreational physical activity'), ('Public support and demand for healthy products', 'Cost of healthy foods'), ('Socio-economic status', 'Availability of healthy foods'), ('Cardiovascular diseases', 'Physical well-being'), ('Respiratory muscle fatigue', 'Dyspnea'), ('Heart rate', 'Coronary heart diseases'), ('Pressure to be thin', 'Poor body image'), ('Medications', 'Coordination'), ('Beta blockers', 'Ability to engage in physical activity'), ('Antipsychotics', 'Appetite'), ('Sodium intake', 'Blood pressure'), ('Pressure to be thin', 'Unhealthy weight control practices'), ('Airway resistance', 'Asthma-like symptoms'), ('Depression', 'Stress'), ('Medications', 'Concentration'), ('Public support and demand for healthy products', 'Marketing of unhealthy foods'), ('Poor body image', 'Eating disorders'), ('Emotional eating', 'Healthy eating'), ('Obesity', 'Access to health professionals'), ('Obesity', 'Mental well-being'), ('Unhealthy foods are more available than healthy ones', 'Supportive food environment'), ('Healthy eating', 'Blood saturated fatty acid level'), ('Presence of a vibrant community', 'Resilience'), ('Cells intake of fatty acids', 'Adipose storage of fatty acids'), ('Physical activity', 'Physical well-being'), ('Appetite', 'Healthy eating'), ('Aesthetics', 'Stress'), ('Chronic conditions', 'Mental well-being'), ('Weight bias', 'Positive experience of sports'), ('Healthy eating', 'Dyslipidemia'), ('Quality of the sport infrastructure', 'Recreational physical activity'), ('Physical pain', 'Ability to engage in physical activity'), ('Prevalence of green fields', 'Aesthetics'), ('Concentration', 'Ability to engage in physical activity'), ('Aesthetics', 'Mental well-being'), ('Poor body image', 'Depression'), ('Chronic conditions', 'Physical well-being'), ('Obesity', 'Release of adipokines'), ('Blood glucose level', 'Sodium retention'), ('Restrictive covenants', 'Availability of healthy foods'), ('Musculoskeletal pain', 'Mental well-being'), ('Weight bias', 'Unhealthy weight control practices'), ('Physical activity', 'Mental well-being'), ('Access to health professionals', 'Ability to engage in physical activity'), ('Stimulants', 'Short sleep duration'), ('Culture of eating that promotes healthy choices', 'Healthy eating'), ('Culture of eating that promotes healthy choices', 'Mental well-being'), ('Weight bias', 'Exercise'), ('Obesity', 'Dysfunctional adipose tissue'), ('Medications', 'Tiredness'), ('Inflammation', 'Insulin resistance'), ('Anticonvulsants', 'Appetite'), ('Inflammation', 'Auto-inflammatory diseases'), ('Accessibility to shops', 'Utilitarian physical activity '), ('Blood fatty acid level', 'Adipose storage of fatty acids'), ('Perceived environmental safety', 'Physical activity'), ('Short sleep duration', 'Physical well-being'), ('Cultural norms around thinness', 'Pressure to be thin'), ('Weight bias', 'Access to health professionals'), ('Public health messaging around thinness', 'Pressure to be thin'), ('Dysfunctional adipose tissue', 'Blood pressure'), ('Dysfunctional adipose tissue', 'Dyslipidemia'), ('Aesthetics', 'Utilitarian physical activity '), ('Obesity', 'Unhealthy weight control practices'), ('Obesity', 'Asthma-like symptoms'), ('Marketing ratio of unhealthy to healthy foods', 'Supportive food environment'), ('Dyslipidemia', 'Atherosclerosis'), ('Physical well-being', 'Mental well-being'), ('Public support and demand for healthy products', 'Cost of unhealthy foods'), ('Musculoskeletal pain', 'Physical well-being'), ('Coronary heart diseases', 'Exercise')]"
1,"[('Physical pain', 'Depression'), ('Medical perspective that thin is good', 'Dyslipidemia'), ('Mental well-being', 'Ability to engage in physical activity'), ('Depression', 'Short sleep duration'), ('Poor body image', 'Unhealthy weight control practices'), ('Tiredness', 'Stress'), ('Physical well-being', 'Ability to engage in physical activity'), ('Coordination', 'Physical well-being'), ('Socio-economic status', 'Medications'), ('Weight bias', 'Inflammation'), ('Stimulants', 'Mental well-being'), ('Stress', 'Short sleep duration'), ('Concentration', 'Mental well-being'), ('Public health messaging around thinness', 'Dyslipidemia'), ('Beta blockers', 'Physical well-being')]",-1,1,-1,1,-1,"[('Culture of eating that promotes healthy choices', 'Physical well-being'), ('Weight bias', 'Socio-economic status'), ('Mental well-being', 'Physical well-being'), ('Socio-economic status', 'Stress'), ('Control', 'Mental well-being'), ('Socio-economic status', 'Physical well-being'), ('Public health messaging around thinness', 'Weight bias'), ('Resilience', 'Mental well-being'), ('Medical perspective that thin is good', 'Public health messaging around thinness'), ('Weight bias', 'Depression'), ('Control', 'Stress'), ('Socio-economic status', 'Mental well-being'), ('Medical perspective that thin is good', 'Cultural norms around thinness'), ('Weight bias', 'Mental well-being'), ('Cultural norms around thinness', 'Cultural norms around thinness'), ('Cultural norms around thinness', 'Poor body image'), ('Weight bias', 'Stress'), ('Poor body image', 'Poor body image'), ('Socio-economic status', 'Control'), ('Weight bias', 'Poor body image'), ('Pressure to be thin', 'Poor body image'), ('Depression', 'Stress'), ('Poor body image', 'Depression'), ('Culture of eating that promotes healthy choices', 'Mental well-being'), ('Cultural norms around thinness', 'Pressure to be thin'), ('Public health messaging around thinness', 'Pressure to be thin'), ('Physical well-being', 'Mental well-being')]","[('Medications', 'Balance'), ('Secretion of inflammatory molecules by adipose cells', 'Insulin resistance'), ('Obesity', 'Obstructive sleep apnea'), ('Dyslipidemia', 'Blood pressure'), ('Obesity', 'Gastro-esophageal reflux disease'), ('Auto-inflammatory diseases', 'Inflammation'), ('Atherosclerosis', 'Coronary heart diseases'), ('Release of adipokines', 'Atherosclerosis'), ('Blood mono-unsaturated fatty acid level', 'Secretion of inflammatory molecules by adipose cells'), ('Insulin resistance', 'Fatty acids in the artery walls'), ('Insulin resistance', 'Cells intake of fatty acids'), ('Adipose storage of fatty acids', 'Inflammation'), ('Thoracic and abdominal obesity', 'Airway resistance'), ('Thoracic and abdominal obesity', 'Respiratory muscle fatigue'), ('Unhealthy weight control practices', 'Obesity'), ('Sodium retention', 'Blood pressure'), ('Short sleep duration', 'Pro-inflammatory cytokines'), ('Medications', 'Obesity'), ('Balance', 'Ability to engage in physical activity'), ('Short sleep duration', 'Cortisol'), ('Airway resistance', 'Asthma'), ('Short sleep duration', 'Blood pressure'), ('Fatty acids in the artery walls', 'Atherosclerosis'), ('Dyslipidemia', 'Insulin resistance'), ('Blood glucose level', 'Fatty acids in the artery walls'), ('Respiratory diseases', 'Ability to engage in physical activity'), ('Blood saturated fatty acid level', 'Secretion of inflammatory molecules by adipose cells'), ('Dysfunctional adipose tissue', 'Inflammation'), ('Coordination', 'Ability to engage in physical activity'), ('Obesity', 'Short sleep duration'), ('Inflammation', 'Asthma'), ('Coronary heart diseases', 'Dyspnea'), ('Tiredness', 'Ability to engage in physical activity'), ('Short sleep duration', 'Heart rate'), ('Blood fatty acid level', 'Blood glucose level'), ('Pro-inflammatory cytokines', 'Inflammation'), ('Respiratory muscle fatigue', 'Dyspnea'), ('Heart rate', 'Coronary heart diseases'), ('Medications', 'Coordination'), ('Beta blockers', 'Ability to engage in physical activity'), ('Sodium intake', 'Blood pressure'), ('Airway resistance', 'Asthma-like symptoms'), ('Medications', 'Concentration'), ('Cells intake of fatty acids', 'Adipose storage of fatty acids'), ('Physical pain', 'Ability to engage in physical activity'), ('Concentration', 'Ability to engage in physical activity'), ('Obesity', 'Release of adipokines'), ('Blood glucose level', 'Sodium retention'), ('Stimulants', 'Short sleep duration'), ('Obesity', 'Dysfunctional adipose tissue'), ('Medications', 'Tiredness'), ('Inflammation', 'Insulin resistance'), ('Inflammation', 'Auto-inflammatory diseases'), ('Blood fatty acid level', 'Adipose storage of fatty acids'), ('Dysfunctional adipose tissue', 'Blood pressure'), ('Dysfunctional adipose tissue', 'Dyslipidemia'), ('Obesity', 'Unhealthy weight control practices'), ('Obesity', 'Asthma-like symptoms'), ('Dyslipidemia', 'Atherosclerosis')]","[('Prevalence of walking trails', 'Quality of the sport infrastructure'), ('Medications', 'Balance'), ('Culture of eating that promotes healthy choices', 'Physical well-being'), ('Secretion of inflammatory molecules by adipose cells', 'Insulin resistance'), ('Presence of a vibrant community', 'Control'), ('Obesity', 'Weight bias'), ('Healthy eating', 'Blood mono-unsaturated fatty acid level'), ('Exercise', 'Heart rate'), ('Available time', 'Recreational physical activity'), ('Chronic conditions', 'Depression'), ('Exercise', 'Insulin resistance'), ('Weight bias', 'Socio-economic status'), ('Mental well-being', 'Physical well-being'), ('Obesity', 'Obstructive sleep apnea'), ('Eating disorders', 'Healthy eating'), ('Consumer demand for regulations', 'Marketing of healthy foods'), ('Dyslipidemia', 'Blood pressure'), ('Obesity', 'Gastro-esophageal reflux disease'), ('Perceived environmental safety', 'Mental well-being'), ('Late night TV watching', 'Short sleep duration'), ('Auto-inflammatory diseases', 'Inflammation'), ('Depression', 'Healthy eating'), ('Socio-economic status', 'Stress'), ('Exercise', 'Blood glucose level'), ('Public support and demand for healthy products', 'Marketing of healthy foods'), ('Unhealthy foods are cheaper than healthy ones', 'Supportive food environment'), ('Control', 'Mental well-being'), ('Atherosclerosis', 'Coronary heart diseases'), ('Socio-economic status', 'Physical well-being'), ('Ability to engage in physical activity', 'Physical activity'), ('Public health messaging around thinness', 'Weight bias'), ('Public support and demand for healthy products', 'Availability of healthy foods'), ('Release of adipokines', 'Atherosclerosis'), ('Consumer demand for regulations', 'Marketing of unhealthy foods'), ('Resilience', 'Mental well-being'), ('Blood mono-unsaturated fatty acid level', 'Secretion of inflammatory molecules by adipose cells'), ('Medical perspective that thin is good', 'Public health messaging around thinness'), ('Mental well-being', 'Medications'), ('Sexual difficulties', 'Mental well-being'), ('Insulin resistance', 'Fatty acids in the artery walls'), ('Insulin resistance', 'Cells intake of fatty acids'), ('Sidewalk prevalence and maintenance', 'Utilitarian physical activity '), ('Adipose storage of fatty acids', 'Inflammation'), ('Socio-economic status', 'Exercise'), ('Thoracic and abdominal obesity', 'Airway resistance'), ('Healthy eating', 'Short sleep duration'), ('Perceived environmental safety', 'Physical well-being'), ('Weight bias', 'Depression'), ('Emotional eating', 'Mental well-being'), ('Late night TV watching', 'Healthy eating'), ('Control', 'Stress'), ('Aesthetics', 'Physical well-being'), ('Economic incentives to produce unhealthy food products', 'Cost of unhealthy foods'), ('Supportive food environment', 'Healthy eating'), ('Appetite', 'Physical well-being'), ('Thoracic and abdominal obesity', 'Respiratory muscle fatigue'), ('Cardiovascular diseases', 'Fear of engaging in physical activity'), ('Socio-economic status', 'Mental well-being'), ('Unhealthy weight control practices', 'Obesity'), ('Exercise', 'Blood pressure'), ('Sodium retention', 'Blood pressure'), ('Short sleep duration', 'Pro-inflammatory cytokines'), ('Medications', 'Obesity'), ('Short sleep duration', 'Appetite'), ('Balance', 'Ability to engage in physical activity'), ('Short sleep duration', 'Cortisol'), ('Airway resistance', 'Asthma'), ('Short sleep duration', 'Blood pressure'), ('Medical perspective that thin is good', 'Cultural norms around thinness'), ('Healthy eating', 'Blood glucose level'), ('Mental well-being', 'Anticonvulsants'), ('Fatty acids in the artery walls', 'Atherosclerosis'), ('Dyslipidemia', 'Insulin resistance'), ('Blood glucose level', 'Fatty acids in the artery walls'), ('Respiratory diseases', 'Ability to engage in physical activity'), ('Blood saturated fatty acid level', 'Secretion of inflammatory molecules by adipose cells'), ('Dysfunctional adipose tissue', 'Inflammation'), ('Weight bias', 'Mental well-being'), ('Coordination', 'Ability to engage in physical activity'), ('Cultural norms around thinness', 'Cultural norms around thinness'), ('Cultural norms around thinness', 'Poor body image'), ('Obesity', 'Short sleep duration'), ('Inflammation', 'Asthma'), ('Healthy eating', 'Sodium intake'), ('Cultural norms around thinness', 'Eating disorders'), ('Poor body image', 'Sexual difficulties'), ('Fear of engaging in physical activity', 'Physical activity'), ('Short sleep duration', 'Healthy eating'), ('Coronary heart diseases', 'Dyspnea'), ('Stress', 'Inflammation'), ('Weight bias', 'Stress'), ('Unhealthy weight control practices', 'Eating disorders'), ('Tiredness', 'Ability to engage in physical activity'), ('Short sleep duration', 'Heart rate'), ('Prevalence of bike trails', 'Quality of the sport infrastructure'), ('Exercise', 'Blood fatty acid level'), ('Mental well-being', 'Emotional eating'), ('Poor body image', 'Poor body image'), ('Blood fatty acid level', 'Blood glucose level'), ('Cardiovascular diseases', 'Depression'), ('Pro-inflammatory cytokines', 'Inflammation'), ('Prevalence of green fields', 'Quality of the sport infrastructure'), ('Mental well-being', 'Antipsychotics'), ('Socio-economic status', 'Control'), ('Weight bias', 'Poor body image'), ('Positive experience of sports', 'Recreational physical activity'), ('Public support and demand for healthy products', 'Cost of healthy foods'), ('Socio-economic status', 'Availability of healthy foods'), ('Cardiovascular diseases', 'Physical well-being'), ('Respiratory muscle fatigue', 'Dyspnea'), ('Heart rate', 'Coronary heart diseases'), ('Pressure to be thin', 'Poor body image'), ('Medications', 'Coordination'), ('Beta blockers', 'Ability to engage in physical activity'), ('Antipsychotics', 'Appetite'), ('Sodium intake', 'Blood pressure'), ('Pressure to be thin', 'Unhealthy weight control practices'), ('Airway resistance', 'Asthma-like symptoms'), ('Depression', 'Stress'), ('Medications', 'Concentration'), ('Public support and demand for healthy products', 'Marketing of unhealthy foods'), ('Poor body image', 'Eating disorders'), ('Emotional eating', 'Healthy eating'), ('Obesity', 'Access to health professionals'), ('Obesity', 'Mental well-being'), ('Unhealthy foods are more available than healthy ones', 'Supportive food environment'), ('Healthy eating', 'Blood saturated fatty acid level'), ('Presence of a vibrant community', 'Resilience'), ('Cells intake of fatty acids', 'Adipose storage of fatty acids'), ('Physical activity', 'Physical well-being'), ('Appetite', 'Healthy eating'), ('Aesthetics', 'Stress'), ('Chronic conditions', 'Mental well-being'), ('Weight bias', 'Positive experience of sports'), ('Healthy eating', 'Dyslipidemia'), ('Quality of the sport infrastructure', 'Recreational physical activity'), ('Physical pain', 'Ability to engage in physical activity'), ('Prevalence of green fields', 'Aesthetics'), ('Concentration', 'Ability to engage in physical activity'), ('Aesthetics', 'Mental well-being'), ('Poor body image', 'Depression'), ('Chronic conditions', 'Physical well-being'), ('Obesity', 'Release of adipokines'), ('Blood glucose level', 'Sodium retention'), ('Restrictive covenants', 'Availability of healthy foods'), ('Musculoskeletal pain', 'Mental well-being'), ('Weight bias', 'Unhealthy weight control practices'), ('Physical activity', 'Mental well-being'), ('Access to health professionals', 'Ability to engage in physical activity'), ('Stimulants', 'Short sleep duration'), ('Culture of eating that promotes healthy choices', 'Healthy eating'), ('Culture of eating that promotes healthy choices', 'Mental well-being'), ('Weight bias', 'Exercise'), ('Obesity', 'Dysfunctional adipose tissue'), ('Medications', 'Tiredness'), ('Inflammation', 'Insulin resistance'), ('Anticonvulsants', 'Appetite'), ('Inflammation', 'Auto-inflammatory diseases'), ('Accessibility to shops', 'Utilitarian physical activity '), ('Blood fatty acid level', 'Adipose storage of fatty acids'), ('Perceived environmental safety', 'Physical activity'), ('Short sleep duration', 'Physical well-being'), ('Cultural norms around thinness', 'Pressure to be thin'), ('Weight bias', 'Access to health professionals'), ('Public health messaging around thinness', 'Pressure to be thin'), ('Dysfunctional adipose tissue', 'Blood pressure'), ('Dysfunctional adipose tissue', 'Dyslipidemia'), ('Aesthetics', 'Utilitarian physical activity '), ('Obesity', 'Unhealthy weight control practices'), ('Obesity', 'Asthma-like symptoms'), ('Marketing ratio of unhealthy to healthy foods', 'Supportive food environment'), ('Dyslipidemia', 'Atherosclerosis'), ('Physical well-being', 'Mental well-being'), ('Public support and demand for healthy products', 'Cost of unhealthy foods'), ('Musculoskeletal pain', 'Physical well-being'), ('Coronary heart diseases', 'Exercise')]"
2,"[('Physical pain', 'Depression'), ('Medical perspective that thin is good', 'Dyslipidemia'), ('Mental well-being', 'Ability to engage in physical activity'), ('Depression', 'Short sleep duration'), ('Poor body image', 'Unhealthy weight control practices'), ('Tiredness', 'Stress'), ('Physical well-being', 'Ability to engage in physical activity'), ('Coordination', 'Physical well-being'), ('Socio-economic status', 'Medications'), ('Weight bias', 'Inflammation'), ('Stimulants', 'Mental well-being'), ('Stress', 'Short sleep duration'), ('Concentration', 'Mental well-being'), ('Public health messaging around thinness', 'Dyslipidemia'), ('Beta blockers', 'Physical well-being')]",-1,1,-1,1,-1,"[('Culture of eating that promotes healthy choices', 'Physical well-being'), ('Weight bias', 'Socio-economic status'), ('Mental well-being', 'Physical well-being'), ('Socio-economic status', 'Stress'), ('Control', 'Mental well-being'), ('Socio-economic status', 'Physical well-being'), ('Public health messaging around thinness', 'Weight bias'), ('Resilience', 'Mental well-being'), ('Medical perspective that thin is good', 'Public health messaging around thinness'), ('Weight bias', 'Depression'), ('Control', 'Stress'), ('Socio-economic status', 'Mental well-being'), ('Medical perspective that thin is good', 'Cultural norms around thinness'), ('Weight bias', 'Mental well-being'), ('Cultural norms around thinness', 'Cultural norms around thinness'), ('Cultural norms around thinness', 'Poor body image'), ('Weight bias', 'Stress'), ('Poor body image', 'Poor body image'), ('Socio-economic status', 'Control'), ('Weight bias', 'Poor body image'), ('Pressure to be thin', 'Poor body image'), ('Depression', 'Stress'), ('Poor body image', 'Depression'), ('Culture of eating that promotes healthy choices', 'Mental well-being'), ('Cultural norms around thinness', 'Pressure to be thin'), ('Public health messaging around thinness', 'Pressure to be thin'), ('Physical well-being', 'Mental well-being')]","[('Medications', 'Balance'), ('Secretion of inflammatory molecules by adipose cells', 'Insulin resistance'), ('Obesity', 'Obstructive sleep apnea'), ('Dyslipidemia', 'Blood pressure'), ('Obesity', 'Gastro-esophageal reflux disease'), ('Auto-inflammatory diseases', 'Inflammation'), ('Atherosclerosis', 'Coronary heart diseases'), ('Release of adipokines', 'Atherosclerosis'), ('Blood mono-unsaturated fatty acid level', 'Secretion of inflammatory molecules by adipose cells'), ('Insulin resistance', 'Fatty acids in the artery walls'), ('Insulin resistance', 'Cells intake of fatty acids'), ('Adipose storage of fatty acids', 'Inflammation'), ('Thoracic and abdominal obesity', 'Airway resistance'), ('Thoracic and abdominal obesity', 'Respiratory muscle fatigue'), ('Unhealthy weight control practices', 'Obesity'), ('Sodium retention', 'Blood pressure'), ('Short sleep duration', 'Pro-inflammatory cytokines'), ('Medications', 'Obesity'), ('Balance', 'Ability to engage in physical activity'), ('Short sleep duration', 'Cortisol'), ('Airway resistance', 'Asthma'), ('Short sleep duration', 'Blood pressure'), ('Fatty acids in the artery walls', 'Atherosclerosis'), ('Dyslipidemia', 'Insulin resistance'), ('Blood glucose level', 'Fatty acids in the artery walls'), ('Respiratory diseases', 'Ability to engage in physical activity'), ('Blood saturated fatty acid level', 'Secretion of inflammatory molecules by adipose cells'), ('Dysfunctional adipose tissue', 'Inflammation'), ('Coordination', 'Ability to engage in physical activity'), ('Obesity', 'Short sleep duration'), ('Inflammation', 'Asthma'), ('Coronary heart diseases', 'Dyspnea'), ('Tiredness', 'Ability to engage in physical activity'), ('Short sleep duration', 'Heart rate'), ('Blood fatty acid level', 'Blood glucose level'), ('Pro-inflammatory cytokines', 'Inflammation'), ('Respiratory muscle fatigue', 'Dyspnea'), ('Heart rate', 'Coronary heart diseases'), ('Medications', 'Coordination'), ('Beta blockers', 'Ability to engage in physical activity'), ('Sodium intake', 'Blood pressure'), ('Airway resistance', 'Asthma-like symptoms'), ('Medications', 'Concentration'), ('Cells intake of fatty acids', 'Adipose storage of fatty acids'), ('Physical pain', 'Ability to engage in physical activity'), ('Concentration', 'Ability to engage in physical activity'), ('Obesity', 'Release of adipokines'), ('Blood glucose level', 'Sodium retention'), ('Stimulants', 'Short sleep duration'), ('Obesity', 'Dysfunctional adipose tissue'), ('Medications', 'Tiredness'), ('Inflammation', 'Insulin resistance'), ('Inflammation', 'Auto-inflammatory diseases'), ('Blood fatty acid level', 'Adipose storage of fatty acids'), ('Dysfunctional adipose tissue', 'Blood pressure'), ('Dysfunctional adipose tissue', 'Dyslipidemia'), ('Obesity', 'Unhealthy weight control practices'), ('Obesity', 'Asthma-like symptoms'), ('Dyslipidemia', 'Atherosclerosis')]","[('Prevalence of walking trails', 'Quality of the sport infrastructure'), ('Medications', 'Balance'), ('Culture of eating that promotes healthy choices', 'Physical well-being'), ('Secretion of inflammatory molecules by adipose cells', 'Insulin resistance'), ('Presence of a vibrant community', 'Control'), ('Obesity', 'Weight bias'), ('Healthy eating', 'Blood mono-unsaturated fatty acid level'), ('Exercise', 'Heart rate'), ('Available time', 'Recreational physical activity'), ('Chronic conditions', 'Depression'), ('Exercise', 'Insulin resistance'), ('Weight bias', 'Socio-economic status'), ('Mental well-being', 'Physical well-being'), ('Obesity', 'Obstructive sleep apnea'), ('Eating disorders', 'Healthy eating'), ('Consumer demand for regulations', 'Marketing of healthy foods'), ('Dyslipidemia', 'Blood pressure'), ('Obesity', 'Gastro-esophageal reflux disease'), ('Perceived environmental safety', 'Mental well-being'), ('Late night TV watching', 'Short sleep duration'), ('Auto-inflammatory diseases', 'Inflammation'), ('Depression', 'Healthy eating'), ('Socio-economic status', 'Stress'), ('Exercise', 'Blood glucose level'), ('Public support and demand for healthy products', 'Marketing of healthy foods'), ('Unhealthy foods are cheaper than healthy ones', 'Supportive food environment'), ('Control', 'Mental well-being'), ('Atherosclerosis', 'Coronary heart diseases'), ('Socio-economic status', 'Physical well-being'), ('Ability to engage in physical activity', 'Physical activity'), ('Public health messaging around thinness', 'Weight bias'), ('Public support and demand for healthy products', 'Availability of healthy foods'), ('Release of adipokines', 'Atherosclerosis'), ('Consumer demand for regulations', 'Marketing of unhealthy foods'), ('Resilience', 'Mental well-being'), ('Blood mono-unsaturated fatty acid level', 'Secretion of inflammatory molecules by adipose cells'), ('Medical perspective that thin is good', 'Public health messaging around thinness'), ('Mental well-being', 'Medications'), ('Sexual difficulties', 'Mental well-being'), ('Insulin resistance', 'Fatty acids in the artery walls'), ('Insulin resistance', 'Cells intake of fatty acids'), ('Sidewalk prevalence and maintenance', 'Utilitarian physical activity '), ('Adipose storage of fatty acids', 'Inflammation'), ('Socio-economic status', 'Exercise'), ('Thoracic and abdominal obesity', 'Airway resistance'), ('Healthy eating', 'Short sleep duration'), ('Perceived environmental safety', 'Physical well-being'), ('Weight bias', 'Depression'), ('Emotional eating', 'Mental well-being'), ('Late night TV watching', 'Healthy eating'), ('Control', 'Stress'), ('Aesthetics', 'Physical well-being'), ('Economic incentives to produce unhealthy food products', 'Cost of unhealthy foods'), ('Supportive food environment', 'Healthy eating'), ('Appetite', 'Physical well-being'), ('Thoracic and abdominal obesity', 'Respiratory muscle fatigue'), ('Cardiovascular diseases', 'Fear of engaging in physical activity'), ('Socio-economic status', 'Mental well-being'), ('Unhealthy weight control practices', 'Obesity'), ('Exercise', 'Blood pressure'), ('Sodium retention', 'Blood pressure'), ('Short sleep duration', 'Pro-inflammatory cytokines'), ('Medications', 'Obesity'), ('Short sleep duration', 'Appetite'), ('Balance', 'Ability to engage in physical activity'), ('Short sleep duration', 'Cortisol'), ('Airway resistance', 'Asthma'), ('Short sleep duration', 'Blood pressure'), ('Medical perspective that thin is good', 'Cultural norms around thinness'), ('Healthy eating', 'Blood glucose level'), ('Mental well-being', 'Anticonvulsants'), ('Fatty acids in the artery walls', 'Atherosclerosis'), ('Dyslipidemia', 'Insulin resistance'), ('Blood glucose level', 'Fatty acids in the artery walls'), ('Respiratory diseases', 'Ability to engage in physical activity'), ('Blood saturated fatty acid level', 'Secretion of inflammatory molecules by adipose cells'), ('Dysfunctional adipose tissue', 'Inflammation'), ('Weight bias', 'Mental well-being'), ('Coordination', 'Ability to engage in physical activity'), ('Cultural norms around thinness', 'Cultural norms around thinness'), ('Cultural norms around thinness', 'Poor body image'), ('Obesity', 'Short sleep duration'), ('Inflammation', 'Asthma'), ('Healthy eating', 'Sodium intake'), ('Cultural norms around thinness', 'Eating disorders'), ('Poor body image', 'Sexual difficulties'), ('Fear of engaging in physical activity', 'Physical activity'), ('Short sleep duration', 'Healthy eating'), ('Coronary heart diseases', 'Dyspnea'), ('Stress', 'Inflammation'), ('Weight bias', 'Stress'), ('Unhealthy weight control practices', 'Eating disorders'), ('Tiredness', 'Ability to engage in physical activity'), ('Short sleep duration', 'Heart rate'), ('Prevalence of bike trails', 'Quality of the sport infrastructure'), ('Exercise', 'Blood fatty acid level'), ('Mental well-being', 'Emotional eating'), ('Poor body image', 'Poor body image'), ('Blood fatty acid level', 'Blood glucose level'), ('Cardiovascular diseases', 'Depression'), ('Pro-inflammatory cytokines', 'Inflammation'), ('Prevalence of green fields', 'Quality of the sport infrastructure'), ('Mental well-being', 'Antipsychotics'), ('Socio-economic status', 'Control'), ('Weight bias', 'Poor body image'), ('Positive experience of sports', 'Recreational physical activity'), ('Public support and demand for healthy products', 'Cost of healthy foods'), ('Socio-economic status', 'Availability of healthy foods'), ('Cardiovascular diseases', 'Physical well-being'), ('Respiratory muscle fatigue', 'Dyspnea'), ('Heart rate', 'Coronary heart diseases'), ('Pressure to be thin', 'Poor body image'), ('Medications', 'Coordination'), ('Beta blockers', 'Ability to engage in physical activity'), ('Antipsychotics', 'Appetite'), ('Sodium intake', 'Blood pressure'), ('Pressure to be thin', 'Unhealthy weight control practices'), ('Airway resistance', 'Asthma-like symptoms'), ('Depression', 'Stress'), ('Medications', 'Concentration'), ('Public support and demand for healthy products', 'Marketing of unhealthy foods'), ('Poor body image', 'Eating disorders'), ('Emotional eating', 'Healthy eating'), ('Obesity', 'Access to health professionals'), ('Obesity', 'Mental well-being'), ('Unhealthy foods are more available than healthy ones', 'Supportive food environment'), ('Healthy eating', 'Blood saturated fatty acid level'), ('Presence of a vibrant community', 'Resilience'), ('Cells intake of fatty acids', 'Adipose storage of fatty acids'), ('Physical activity', 'Physical well-being'), ('Appetite', 'Healthy eating'), ('Aesthetics', 'Stress'), ('Chronic conditions', 'Mental well-being'), ('Weight bias', 'Positive experience of sports'), ('Healthy eating', 'Dyslipidemia'), ('Quality of the sport infrastructure', 'Recreational physical activity'), ('Physical pain', 'Ability to engage in physical activity'), ('Prevalence of green fields', 'Aesthetics'), ('Concentration', 'Ability to engage in physical activity'), ('Aesthetics', 'Mental well-being'), ('Poor body image', 'Depression'), ('Chronic conditions', 'Physical well-being'), ('Obesity', 'Release of adipokines'), ('Blood glucose level', 'Sodium retention'), ('Restrictive covenants', 'Availability of healthy foods'), ('Musculoskeletal pain', 'Mental well-being'), ('Weight bias', 'Unhealthy weight control practices'), ('Physical activity', 'Mental well-being'), ('Access to health professionals', 'Ability to engage in physical activity'), ('Stimulants', 'Short sleep duration'), ('Culture of eating that promotes healthy choices', 'Healthy eating'), ('Culture of eating that promotes healthy choices', 'Mental well-being'), ('Weight bias', 'Exercise'), ('Obesity', 'Dysfunctional adipose tissue'), ('Medications', 'Tiredness'), ('Inflammation', 'Insulin resistance'), ('Anticonvulsants', 'Appetite'), ('Inflammation', 'Auto-inflammatory diseases'), ('Accessibility to shops', 'Utilitarian physical activity '), ('Blood fatty acid level', 'Adipose storage of fatty acids'), ('Perceived environmental safety', 'Physical activity'), ('Short sleep duration', 'Physical well-being'), ('Cultural norms around thinness', 'Pressure to be thin'), ('Weight bias', 'Access to health professionals'), ('Public health messaging around thinness', 'Pressure to be thin'), ('Dysfunctional adipose tissue', 'Blood pressure'), ('Dysfunctional adipose tissue', 'Dyslipidemia'), ('Aesthetics', 'Utilitarian physical activity '), ('Obesity', 'Unhealthy weight control practices'), ('Obesity', 'Asthma-like symptoms'), ('Marketing ratio of unhealthy to healthy foods', 'Supportive food environment'), ('Dyslipidemia', 'Atherosclerosis'), ('Physical well-being', 'Mental well-being'), ('Public support and demand for healthy products', 'Cost of unhealthy foods'), ('Musculoskeletal pain', 'Physical well-being'), ('Coronary heart diseases', 'Exercise')]"
3,"[('Physical pain', 'Depression'), ('Medical perspective that thin is good', 'Dyslipidemia'), ('Mental well-being', 'Ability to engage in physical activity'), ('Depression', 'Short sleep duration'), ('Poor body image', 'Unhealthy weight control practices'), ('Tiredness', 'Stress'), ('Physical well-being', 'Ability to engage in physical activity'), ('Coordination', 'Physical well-being'), ('Socio-economic status', 'Medications'), ('Weight bias', 'Inflammation'), ('Stimulants', 'Mental well-being'), ('Stress', 'Short sleep duration'), ('Concentration', 'Mental well-being'), ('Public health messaging around thinness', 'Dyslipidemia'), ('Beta blockers', 'Physical well-being')]",-1,1,-1,1,-1,"[('Culture of eating that promotes healthy choices', 'Physical well-being'), ('Weight bias', 'Socio-economic status'), ('Mental well-being', 'Physical well-being'), ('Socio-economic status', 'Stress'), ('Control', 'Mental well-being'), ('Socio-economic status', 'Physical well-being'), ('Public health messaging around thinness', 'Weight bias'), ('Resilience', 'Mental well-being'), ('Medical perspective that thin is good', 'Public health messaging around thinness'), ('Weight bias', 'Depression'), ('Control', 'Stress'), ('Socio-economic status', 'Mental well-being'), ('Medical perspective that thin is good', 'Cultural norms around thinness'), ('Weight bias', 'Mental well-being'), ('Cultural norms around thinness', 'Cultural norms around thinness'), ('Cultural norms around thinness', 'Poor body image'), ('Weight bias', 'Stress'), ('Poor body image', 'Poor body image'), ('Socio-economic status', 'Control'), ('Weight bias', 'Poor body image'), ('Pressure to be thin', 'Poor body image'), ('Depression', 'Stress'), ('Poor body image', 'Depression'), ('Culture of eating that promotes healthy choices', 'Mental well-being'), ('Cultural norms around thinness', 'Pressure to be thin'), ('Public health messaging around thinness', 'Pressure to be thin'), ('Physical well-being', 'Mental well-being')]","[('Medications', 'Balance'), ('Secretion of inflammatory molecules by adipose cells', 'Insulin resistance'), ('Obesity', 'Obstructive sleep apnea'), ('Dyslipidemia', 'Blood pressure'), ('Obesity', 'Gastro-esophageal reflux disease'), ('Auto-inflammatory diseases', 'Inflammation'), ('Atherosclerosis', 'Coronary heart diseases'), ('Release of adipokines', 'Atherosclerosis'), ('Blood mono-unsaturated fatty acid level', 'Secretion of inflammatory molecules by adipose cells'), ('Insulin resistance', 'Fatty acids in the artery walls'), ('Insulin resistance', 'Cells intake of fatty acids'), ('Adipose storage of fatty acids', 'Inflammation'), ('Thoracic and abdominal obesity', 'Airway resistance'), ('Thoracic and abdominal obesity', 'Respiratory muscle fatigue'), ('Unhealthy weight control practices', 'Obesity'), ('Sodium retention', 'Blood pressure'), ('Short sleep duration', 'Pro-inflammatory cytokines'), ('Medications', 'Obesity'), ('Balance', 'Ability to engage in physical activity'), ('Short sleep duration', 'Cortisol'), ('Airway resistance', 'Asthma'), ('Short sleep duration', 'Blood pressure'), ('Fatty acids in the artery walls', 'Atherosclerosis'), ('Dyslipidemia', 'Insulin resistance'), ('Blood glucose level', 'Fatty acids in the artery walls'), ('Respiratory diseases', 'Ability to engage in physical activity'), ('Blood saturated fatty acid level', 'Secretion of inflammatory molecules by adipose cells'), ('Dysfunctional adipose tissue', 'Inflammation'), ('Coordination', 'Ability to engage in physical activity'), ('Obesity', 'Short sleep duration'), ('Inflammation', 'Asthma'), ('Coronary heart diseases', 'Dyspnea'), ('Tiredness', 'Ability to engage in physical activity'), ('Short sleep duration', 'Heart rate'), ('Blood fatty acid level', 'Blood glucose level'), ('Pro-inflammatory cytokines', 'Inflammation'), ('Respiratory muscle fatigue', 'Dyspnea'), ('Heart rate', 'Coronary heart diseases'), ('Medications', 'Coordination'), ('Beta blockers', 'Ability to engage in physical activity'), ('Sodium intake', 'Blood pressure'), ('Airway resistance', 'Asthma-like symptoms'), ('Medications', 'Concentration'), ('Cells intake of fatty acids', 'Adipose storage of fatty acids'), ('Physical pain', 'Ability to engage in physical activity'), ('Concentration', 'Ability to engage in physical activity'), ('Obesity', 'Release of adipokines'), ('Blood glucose level', 'Sodium retention'), ('Stimulants', 'Short sleep duration'), ('Obesity', 'Dysfunctional adipose tissue'), ('Medications', 'Tiredness'), ('Inflammation', 'Insulin resistance'), ('Inflammation', 'Auto-inflammatory diseases'), ('Blood fatty acid level', 'Adipose storage of fatty acids'), ('Dysfunctional adipose tissue', 'Blood pressure'), ('Dysfunctional adipose tissue', 'Dyslipidemia'), ('Obesity', 'Unhealthy weight control practices'), ('Obesity', 'Asthma-like symptoms'), ('Dyslipidemia', 'Atherosclerosis')]","[('Prevalence of walking trails', 'Quality of the sport infrastructure'), ('Medications', 'Balance'), ('Culture of eating that promotes healthy choices', 'Physical well-being'), ('Secretion of inflammatory molecules by adipose cells', 'Insulin resistance'), ('Presence of a vibrant community', 'Control'), ('Obesity', 'Weight bias'), ('Healthy eating', 'Blood mono-unsaturated fatty acid level'), ('Exercise', 'Heart rate'), ('Available time', 'Recreational physical activity'), ('Chronic conditions', 'Depression'), ('Exercise', 'Insulin resistance'), ('Weight bias', 'Socio-economic status'), ('Mental well-being', 'Physical well-being'), ('Obesity', 'Obstructive sleep apnea'), ('Eating disorders', 'Healthy eating'), ('Consumer demand for regulations', 'Marketing of healthy foods'), ('Dyslipidemia', 'Blood pressure'), ('Obesity', 'Gastro-esophageal reflux disease'), ('Perceived environmental safety', 'Mental well-being'), ('Late night TV watching', 'Short sleep duration'), ('Auto-inflammatory diseases', 'Inflammation'), ('Depression', 'Healthy eating'), ('Socio-economic status', 'Stress'), ('Exercise', 'Blood glucose level'), ('Public support and demand for healthy products', 'Marketing of healthy foods'), ('Unhealthy foods are cheaper than healthy ones', 'Supportive food environment'), ('Control', 'Mental well-being'), ('Atherosclerosis', 'Coronary heart diseases'), ('Socio-economic status', 'Physical well-being'), ('Ability to engage in physical activity', 'Physical activity'), ('Public health messaging around thinness', 'Weight bias'), ('Public support and demand for healthy products', 'Availability of healthy foods'), ('Release of adipokines', 'Atherosclerosis'), ('Consumer demand for regulations', 'Marketing of unhealthy foods'), ('Resilience', 'Mental well-being'), ('Blood mono-unsaturated fatty acid level', 'Secretion of inflammatory molecules by adipose cells'), ('Medical perspective that thin is good', 'Public health messaging around thinness'), ('Mental well-being', 'Medications'), ('Sexual difficulties', 'Mental well-being'), ('Insulin resistance', 'Fatty acids in the artery walls'), ('Insulin resistance', 'Cells intake of fatty acids'), ('Sidewalk prevalence and maintenance', 'Utilitarian physical activity '), ('Adipose storage of fatty acids', 'Inflammation'), ('Socio-economic status', 'Exercise'), ('Thoracic and abdominal obesity', 'Airway resistance'), ('Healthy eating', 'Short sleep duration'), ('Perceived environmental safety', 'Physical well-being'), ('Weight bias', 'Depression'), ('Emotional eating', 'Mental well-being'), ('Late night TV watching', 'Healthy eating'), ('Control', 'Stress'), ('Aesthetics', 'Physical well-being'), ('Economic incentives to produce unhealthy food products', 'Cost of unhealthy foods'), ('Supportive food environment', 'Healthy eating'), ('Appetite', 'Physical well-being'), ('Thoracic and abdominal obesity', 'Respiratory muscle fatigue'), ('Cardiovascular diseases', 'Fear of engaging in physical activity'), ('Socio-economic status', 'Mental well-being'), ('Unhealthy weight control practices', 'Obesity'), ('Exercise', 'Blood pressure'), ('Sodium retention', 'Blood pressure'), ('Short sleep duration', 'Pro-inflammatory cytokines'), ('Medications', 'Obesity'), ('Short sleep duration', 'Appetite'), ('Balance', 'Ability to engage in physical activity'), ('Short sleep duration', 'Cortisol'), ('Airway resistance', 'Asthma'), ('Short sleep duration', 'Blood pressure'), ('Medical perspective that thin is good', 'Cultural norms around thinness'), ('Healthy eating', 'Blood glucose level'), ('Mental well-being', 'Anticonvulsants'), ('Fatty acids in the artery walls', 'Atherosclerosis'), ('Dyslipidemia', 'Insulin resistance'), ('Blood glucose level', 'Fatty acids in the artery walls'), ('Respiratory diseases', 'Ability to engage in physical activity'), ('Blood saturated fatty acid level', 'Secretion of inflammatory molecules by adipose cells'), ('Dysfunctional adipose tissue', 'Inflammation'), ('Weight bias', 'Mental well-being'), ('Coordination', 'Ability to engage in physical activity'), ('Cultural norms around thinness', 'Cultural norms around thinness'), ('Cultural norms around thinness', 'Poor body image'), ('Obesity', 'Short sleep duration'), ('Inflammation', 'Asthma'), ('Healthy eating', 'Sodium intake'), ('Cultural norms around thinness', 'Eating disorders'), ('Poor body image', 'Sexual difficulties'), ('Fear of engaging in physical activity', 'Physical activity'), ('Short sleep duration', 'Healthy eating'), ('Coronary heart diseases', 'Dyspnea'), ('Stress', 'Inflammation'), ('Weight bias', 'Stress'), ('Unhealthy weight control practices', 'Eating disorders'), ('Tiredness', 'Ability to engage in physical activity'), ('Short sleep duration', 'Heart rate'), ('Prevalence of bike trails', 'Quality of the sport infrastructure'), ('Exercise', 'Blood fatty acid level'), ('Mental well-being', 'Emotional eating'), ('Poor body image', 'Poor body image'), ('Blood fatty acid level', 'Blood glucose level'), ('Cardiovascular diseases', 'Depression'), ('Pro-inflammatory cytokines', 'Inflammation'), ('Prevalence of green fields', 'Quality of the sport infrastructure'), ('Mental well-being', 'Antipsychotics'), ('Socio-economic status', 'Control'), ('Weight bias', 'Poor body image'), ('Positive experience of sports', 'Recreational physical activity'), ('Public support and demand for healthy products', 'Cost of healthy foods'), ('Socio-economic status', 'Availability of healthy foods'), ('Cardiovascular diseases', 'Physical well-being'), ('Respiratory muscle fatigue', 'Dyspnea'), ('Heart rate', 'Coronary heart diseases'), ('Pressure to be thin', 'Poor body image'), ('Medications', 'Coordination'), ('Beta blockers', 'Ability to engage in physical activity'), ('Antipsychotics', 'Appetite'), ('Sodium intake', 'Blood pressure'), ('Pressure to be thin', 'Unhealthy weight control practices'), ('Airway resistance', 'Asthma-like symptoms'), ('Depression', 'Stress'), ('Medications', 'Concentration'), ('Public support and demand for healthy products', 'Marketing of unhealthy foods'), ('Poor body image', 'Eating disorders'), ('Emotional eating', 'Healthy eating'), ('Obesity', 'Access to health professionals'), ('Obesity', 'Mental well-being'), ('Unhealthy foods are more available than healthy ones', 'Supportive food environment'), ('Healthy eating', 'Blood saturated fatty acid level'), ('Presence of a vibrant community', 'Resilience'), ('Cells intake of fatty acids', 'Adipose storage of fatty acids'), ('Physical activity', 'Physical well-being'), ('Appetite', 'Healthy eating'), ('Aesthetics', 'Stress'), ('Chronic conditions', 'Mental well-being'), ('Weight bias', 'Positive experience of sports'), ('Healthy eating', 'Dyslipidemia'), ('Quality of the sport infrastructure', 'Recreational physical activity'), ('Physical pain', 'Ability to engage in physical activity'), ('Prevalence of green fields', 'Aesthetics'), ('Concentration', 'Ability to engage in physical activity'), ('Aesthetics', 'Mental well-being'), ('Poor body image', 'Depression'), ('Chronic conditions', 'Physical well-being'), ('Obesity', 'Release of adipokines'), ('Blood glucose level', 'Sodium retention'), ('Restrictive covenants', 'Availability of healthy foods'), ('Musculoskeletal pain', 'Mental well-being'), ('Weight bias', 'Unhealthy weight control practices'), ('Physical activity', 'Mental well-being'), ('Access to health professionals', 'Ability to engage in physical activity'), ('Stimulants', 'Short sleep duration'), ('Culture of eating that promotes healthy choices', 'Healthy eating'), ('Culture of eating that promotes healthy choices', 'Mental well-being'), ('Weight bias', 'Exercise'), ('Obesity', 'Dysfunctional adipose tissue'), ('Medications', 'Tiredness'), ('Inflammation', 'Insulin resistance'), ('Anticonvulsants', 'Appetite'), ('Inflammation', 'Auto-inflammatory diseases'), ('Accessibility to shops', 'Utilitarian physical activity '), ('Blood fatty acid level', 'Adipose storage of fatty acids'), ('Perceived environmental safety', 'Physical activity'), ('Short sleep duration', 'Physical well-being'), ('Cultural norms around thinness', 'Pressure to be thin'), ('Weight bias', 'Access to health professionals'), ('Public health messaging around thinness', 'Pressure to be thin'), ('Dysfunctional adipose tissue', 'Blood pressure'), ('Dysfunctional adipose tissue', 'Dyslipidemia'), ('Aesthetics', 'Utilitarian physical activity '), ('Obesity', 'Unhealthy weight control practices'), ('Obesity', 'Asthma-like symptoms'), ('Marketing ratio of unhealthy to healthy foods', 'Supportive food environment'), ('Dyslipidemia', 'Atherosclerosis'), ('Physical well-being', 'Mental well-being'), ('Public support and demand for healthy products', 'Cost of unhealthy foods'), ('Musculoskeletal pain', 'Physical well-being'), ('Coronary heart diseases', 'Exercise')]"
4,"[('Physical pain', 'Depression'), ('Medical perspective that thin is good', 'Dyslipidemia'), ('Mental well-being', 'Ability to engage in physical activity'), ('Depression', 'Short sleep duration'), ('Poor body image', 'Unhealthy weight control practices'), ('Tiredness', 'Stress'), ('Physical well-being', 'Ability to engage in physical activity'), ('Coordination', 'Physical well-being'), ('Socio-economic status', 'Medications'), ('Weight bias', 'Inflammation'), ('Stimulants', 'Mental well-being'), ('Stress', 'Short sleep duration'), ('Concentration', 'Mental well-being'), ('Public health messaging around thinness', 'Dyslipidemia'), ('Beta blockers', 'Physical well-being')]",-1,1,-1,1,-1,"[('Culture of eating that promotes healthy choices', 'Physical well-being'), ('Weight bias', 'Socio-economic status'), ('Mental well-being', 'Physical well-being'), ('Socio-economic status', 'Stress'), ('Control', 'Mental well-being'), ('Socio-economic status', 'Physical well-being'), ('Public health messaging around thinness', 'Weight bias'), ('Resilience', 'Mental well-being'), ('Medical perspective that thin is good', 'Public health messaging around thinness'), ('Weight bias', 'Depression'), ('Control', 'Stress'), ('Socio-economic status', 'Mental well-being'), ('Medical perspective that thin is good', 'Cultural norms around thinness'), ('Weight bias', 'Mental well-being'), ('Cultural norms around thinness', 'Cultural norms around thinness'), ('Cultural norms around thinness', 'Poor body image'), ('Weight bias', 'Stress'), ('Poor body image', 'Poor body image'), ('Socio-economic status', 'Control'), ('Weight bias', 'Poor body image'), ('Pressure to be thin', 'Poor body image'), ('Depression', 'Stress'), ('Poor body image', 'Depression'), ('Culture of eating that promotes healthy choices', 'Mental well-being'), ('Cultural norms around thinness', 'Pressure to be thin'), ('Public health messaging around thinness', 'Pressure to be thin'), ('Physical well-being', 'Mental well-being')]","[('Medications', 'Balance'), ('Secretion of inflammatory molecules by adipose cells', 'Insulin resistance'), ('Obesity', 'Obstructive sleep apnea'), ('Dyslipidemia', 'Blood pressure'), ('Obesity', 'Gastro-esophageal reflux disease'), ('Auto-inflammatory diseases', 'Inflammation'), ('Atherosclerosis', 'Coronary heart diseases'), ('Release of adipokines', 'Atherosclerosis'), ('Blood mono-unsaturated fatty acid level', 'Secretion of inflammatory molecules by adipose cells'), ('Insulin resistance', 'Fatty acids in the artery walls'), ('Insulin resistance', 'Cells intake of fatty acids'), ('Adipose storage of fatty acids', 'Inflammation'), ('Thoracic and abdominal obesity', 'Airway resistance'), ('Thoracic and abdominal obesity', 'Respiratory muscle fatigue'), ('Unhealthy weight control practices', 'Obesity'), ('Sodium retention', 'Blood pressure'), ('Short sleep duration', 'Pro-inflammatory cytokines'), ('Medications', 'Obesity'), ('Balance', 'Ability to engage in physical activity'), ('Short sleep duration', 'Cortisol'), ('Airway resistance', 'Asthma'), ('Short sleep duration', 'Blood pressure'), ('Fatty acids in the artery walls', 'Atherosclerosis'), ('Dyslipidemia', 'Insulin resistance'), ('Blood glucose level', 'Fatty acids in the artery walls'), ('Respiratory diseases', 'Ability to engage in physical activity'), ('Blood saturated fatty acid level', 'Secretion of inflammatory molecules by adipose cells'), ('Dysfunctional adipose tissue', 'Inflammation'), ('Coordination', 'Ability to engage in physical activity'), ('Obesity', 'Short sleep duration'), ('Inflammation', 'Asthma'), ('Coronary heart diseases', 'Dyspnea'), ('Tiredness', 'Ability to engage in physical activity'), ('Short sleep duration', 'Heart rate'), ('Blood fatty acid level', 'Blood glucose level'), ('Pro-inflammatory cytokines', 'Inflammation'), ('Respiratory muscle fatigue', 'Dyspnea'), ('Heart rate', 'Coronary heart diseases'), ('Medications', 'Coordination'), ('Beta blockers', 'Ability to engage in physical activity'), ('Sodium intake', 'Blood pressure'), ('Airway resistance', 'Asthma-like symptoms'), ('Medications', 'Concentration'), ('Cells intake of fatty acids', 'Adipose storage of fatty acids'), ('Physical pain', 'Ability to engage in physical activity'), ('Concentration', 'Ability to engage in physical activity'), ('Obesity', 'Release of adipokines'), ('Blood glucose level', 'Sodium retention'), ('Stimulants', 'Short sleep duration'), ('Obesity', 'Dysfunctional adipose tissue'), ('Medications', 'Tiredness'), ('Inflammation', 'Insulin resistance'), ('Inflammation', 'Auto-inflammatory diseases'), ('Blood fatty acid level', 'Adipose storage of fatty acids'), ('Dysfunctional adipose tissue', 'Blood pressure'), ('Dysfunctional adipose tissue', 'Dyslipidemia'), ('Obesity', 'Unhealthy weight control practices'), ('Obesity', 'Asthma-like symptoms'), ('Dyslipidemia', 'Atherosclerosis')]","[('Prevalence of walking trails', 'Quality of the sport infrastructure'), ('Medications', 'Balance'), ('Culture of eating that promotes healthy choices', 'Physical well-being'), ('Secretion of inflammatory molecules by adipose cells', 'Insulin resistance'), ('Presence of a vibrant community', 'Control'), ('Obesity', 'Weight bias'), ('Healthy eating', 'Blood mono-unsaturated fatty acid level'), ('Exercise', 'Heart rate'), ('Available time', 'Recreational physical activity'), ('Chronic conditions', 'Depression'), ('Exercise', 'Insulin resistance'), ('Weight bias', 'Socio-economic status'), ('Mental well-being', 'Physical well-being'), ('Obesity', 'Obstructive sleep apnea'), ('Eating disorders', 'Healthy eating'), ('Consumer demand for regulations', 'Marketing of healthy foods'), ('Dyslipidemia', 'Blood pressure'), ('Obesity', 'Gastro-esophageal reflux disease'), ('Perceived environmental safety', 'Mental well-being'), ('Late night TV watching', 'Short sleep duration'), ('Auto-inflammatory diseases', 'Inflammation'), ('Depression', 'Healthy eating'), ('Socio-economic status', 'Stress'), ('Exercise', 'Blood glucose level'), ('Public support and demand for healthy products', 'Marketing of healthy foods'), ('Unhealthy foods are cheaper than healthy ones', 'Supportive food environment'), ('Control', 'Mental well-being'), ('Atherosclerosis', 'Coronary heart diseases'), ('Socio-economic status', 'Physical well-being'), ('Ability to engage in physical activity', 'Physical activity'), ('Public health messaging around thinness', 'Weight bias'), ('Public support and demand for healthy products', 'Availability of healthy foods'), ('Release of adipokines', 'Atherosclerosis'), ('Consumer demand for regulations', 'Marketing of unhealthy foods'), ('Resilience', 'Mental well-being'), ('Blood mono-unsaturated fatty acid level', 'Secretion of inflammatory molecules by adipose cells'), ('Medical perspective that thin is good', 'Public health messaging around thinness'), ('Mental well-being', 'Medications'), ('Sexual difficulties', 'Mental well-being'), ('Insulin resistance', 'Fatty acids in the artery walls'), ('Insulin resistance', 'Cells intake of fatty acids'), ('Sidewalk prevalence and maintenance', 'Utilitarian physical activity '), ('Adipose storage of fatty acids', 'Inflammation'), ('Socio-economic status', 'Exercise'), ('Thoracic and abdominal obesity', 'Airway resistance'), ('Healthy eating', 'Short sleep duration'), ('Perceived environmental safety', 'Physical well-being'), ('Weight bias', 'Depression'), ('Emotional eating', 'Mental well-being'), ('Late night TV watching', 'Healthy eating'), ('Control', 'Stress'), ('Aesthetics', 'Physical well-being'), ('Economic incentives to produce unhealthy food products', 'Cost of unhealthy foods'), ('Supportive food environment', 'Healthy eating'), ('Appetite', 'Physical well-being'), ('Thoracic and abdominal obesity', 'Respiratory muscle fatigue'), ('Cardiovascular diseases', 'Fear of engaging in physical activity'), ('Socio-economic status', 'Mental well-being'), ('Unhealthy weight control practices', 'Obesity'), ('Exercise', 'Blood pressure'), ('Sodium retention', 'Blood pressure'), ('Short sleep duration', 'Pro-inflammatory cytokines'), ('Medications', 'Obesity'), ('Short sleep duration', 'Appetite'), ('Balance', 'Ability to engage in physical activity'), ('Short sleep duration', 'Cortisol'), ('Airway resistance', 'Asthma'), ('Short sleep duration', 'Blood pressure'), ('Medical perspective that thin is good', 'Cultural norms around thinness'), ('Healthy eating', 'Blood glucose level'), ('Mental well-being', 'Anticonvulsants'), ('Fatty acids in the artery walls', 'Atherosclerosis'), ('Dyslipidemia', 'Insulin resistance'), ('Blood glucose level', 'Fatty acids in the artery walls'), ('Respiratory diseases', 'Ability to engage in physical activity'), ('Blood saturated fatty acid level', 'Secretion of inflammatory molecules by adipose cells'), ('Dysfunctional adipose tissue', 'Inflammation'), ('Weight bias', 'Mental well-being'), ('Coordination', 'Ability to engage in physical activity'), ('Cultural norms around thinness', 'Cultural norms around thinness'), ('Cultural norms around thinness', 'Poor body image'), ('Obesity', 'Short sleep duration'), ('Inflammation', 'Asthma'), ('Healthy eating', 'Sodium intake'), ('Cultural norms around thinness', 'Eating disorders'), ('Poor body image', 'Sexual difficulties'), ('Fear of engaging in physical activity', 'Physical activity'), ('Short sleep duration', 'Healthy eating'), ('Coronary heart diseases', 'Dyspnea'), ('Stress', 'Inflammation'), ('Weight bias', 'Stress'), ('Unhealthy weight control practices', 'Eating disorders'), ('Tiredness', 'Ability to engage in physical activity'), ('Short sleep duration', 'Heart rate'), ('Prevalence of bike trails', 'Quality of the sport infrastructure'), ('Exercise', 'Blood fatty acid level'), ('Mental well-being', 'Emotional eating'), ('Poor body image', 'Poor body image'), ('Blood fatty acid level', 'Blood glucose level'), ('Cardiovascular diseases', 'Depression'), ('Pro-inflammatory cytokines', 'Inflammation'), ('Prevalence of green fields', 'Quality of the sport infrastructure'), ('Mental well-being', 'Antipsychotics'), ('Socio-economic status', 'Control'), ('Weight bias', 'Poor body image'), ('Positive experience of sports', 'Recreational physical activity'), ('Public support and demand for healthy products', 'Cost of healthy foods'), ('Socio-economic status', 'Availability of healthy foods'), ('Cardiovascular diseases', 'Physical well-being'), ('Respiratory muscle fatigue', 'Dyspnea'), ('Heart rate', 'Coronary heart diseases'), ('Pressure to be thin', 'Poor body image'), ('Medications', 'Coordination'), ('Beta blockers', 'Ability to engage in physical activity'), ('Antipsychotics', 'Appetite'), ('Sodium intake', 'Blood pressure'), ('Pressure to be thin', 'Unhealthy weight control practices'), ('Airway resistance', 'Asthma-like symptoms'), ('Depression', 'Stress'), ('Medications', 'Concentration'), ('Public support and demand for healthy products', 'Marketing of unhealthy foods'), ('Poor body image', 'Eating disorders'), ('Emotional eating', 'Healthy eating'), ('Obesity', 'Access to health professionals'), ('Obesity', 'Mental well-being'), ('Unhealthy foods are more available than healthy ones', 'Supportive food environment'), ('Healthy eating', 'Blood saturated fatty acid level'), ('Presence of a vibrant community', 'Resilience'), ('Cells intake of fatty acids', 'Adipose storage of fatty acids'), ('Physical activity', 'Physical well-being'), ('Appetite', 'Healthy eating'), ('Aesthetics', 'Stress'), ('Chronic conditions', 'Mental well-being'), ('Weight bias', 'Positive experience of sports'), ('Healthy eating', 'Dyslipidemia'), ('Quality of the sport infrastructure', 'Recreational physical activity'), ('Physical pain', 'Ability to engage in physical activity'), ('Prevalence of green fields', 'Aesthetics'), ('Concentration', 'Ability to engage in physical activity'), ('Aesthetics', 'Mental well-being'), ('Poor body image', 'Depression'), ('Chronic conditions', 'Physical well-being'), ('Obesity', 'Release of adipokines'), ('Blood glucose level', 'Sodium retention'), ('Restrictive covenants', 'Availability of healthy foods'), ('Musculoskeletal pain', 'Mental well-being'), ('Weight bias', 'Unhealthy weight control practices'), ('Physical activity', 'Mental well-being'), ('Access to health professionals', 'Ability to engage in physical activity'), ('Stimulants', 'Short sleep duration'), ('Culture of eating that promotes healthy choices', 'Healthy eating'), ('Culture of eating that promotes healthy choices', 'Mental well-being'), ('Weight bias', 'Exercise'), ('Obesity', 'Dysfunctional adipose tissue'), ('Medications', 'Tiredness'), ('Inflammation', 'Insulin resistance'), ('Anticonvulsants', 'Appetite'), ('Inflammation', 'Auto-inflammatory diseases'), ('Accessibility to shops', 'Utilitarian physical activity '), ('Blood fatty acid level', 'Adipose storage of fatty acids'), ('Perceived environmental safety', 'Physical activity'), ('Short sleep duration', 'Physical well-being'), ('Cultural norms around thinness', 'Pressure to be thin'), ('Weight bias', 'Access to health professionals'), ('Public health messaging around thinness', 'Pressure to be thin'), ('Dysfunctional adipose tissue', 'Blood pressure'), ('Dysfunctional adipose tissue', 'Dyslipidemia'), ('Aesthetics', 'Utilitarian physical activity '), ('Obesity', 'Unhealthy weight control practices'), ('Obesity', 'Asthma-like symptoms'), ('Marketing ratio of unhealthy to healthy foods', 'Supportive food environment'), ('Dyslipidemia', 'Atherosclerosis'), ('Physical well-being', 'Mental well-being'), ('Public support and demand for healthy products', 'Cost of unhealthy foods'), ('Musculoskeletal pain', 'Physical well-being'), ('Coronary heart diseases', 'Exercise')]"
0,"[('Weight bias', 'Dysfunctional adipose tissue'), ('Depression', 'Inflammation'), ('Stress', 'Cortisol'), ('Physical well-being', 'Ability to engage in physical activity'), ('Cultural norms around thinness', 'Unhealthy weight control practices'), ('Pressure to be thin', 'Obesity'), ('Mental well-being', 'Concentration')]",-1,1,-1,-1,-1,"[('Culture of eating that promotes healthy choices', 'Physical well-being'), ('Weight bias', 'Socio-economic status'), ('Mental well-being', 'Physical well-being'), ('Socio-economic status', 'Stress'), ('Control', 'Mental well-being'), ('Socio-economic status', 'Physical well-being'), ('Public health messaging around thinness', 'Weight bias'), ('Resilience', 'Mental well-being'), ('Medical perspective that thin is good', 'Public health messaging around thinness'), ('Weight bias', 'Depression'), ('Control', 'Stress'), ('Socio-economic status', 'Mental well-being'), ('Medical perspective that thin is good', 'Cultural norms around thinness'), ('Weight bias', 'Mental well-being'), ('Cultural norms around thinness', 'Cultural norms around thinness'), ('Cultural norms around thinness', 'Poor body image'), ('Weight bias', 'Stress'), ('Poor body image', 'Poor body image'), ('Socio-economic status', 'Control'), ('Weight bias', 'Poor body image'), ('Pressure to be thin', 'Poor body image'), ('Depression', 'Stress'), ('Poor body image', 'Depression'), ('Culture of eating that promotes healthy choices', 'Mental well-being'), ('Cultural norms around thinness', 'Pressure to be thin'), ('Public health messaging around thinness', 'Pressure to be thin'), ('Physical well-being', 'Mental well-being')]","[('Medications', 'Balance'), ('Secretion of inflammatory molecules by adipose cells', 'Insulin resistance'), ('Obesity', 'Obstructive sleep apnea'), ('Dyslipidemia', 'Blood pressure'), ('Obesity', 'Gastro-esophageal reflux disease'), ('Auto-inflammatory diseases', 'Inflammation'), ('Atherosclerosis', 'Coronary heart diseases'), ('Release of adipokines', 'Atherosclerosis'), ('Blood mono-unsaturated fatty acid level', 'Secretion of inflammatory molecules by adipose cells'), ('Insulin resistance', 'Fatty acids in the artery walls'), ('Insulin resistance', 'Cells intake of fatty acids'), ('Adipose storage of fatty acids', 'Inflammation'), ('Thoracic and abdominal obesity', 'Airway resistance'), ('Thoracic and abdominal obesity', 'Respiratory muscle fatigue'), ('Unhealthy weight control practices', 'Obesity'), ('Sodium retention', 'Blood pressure'), ('Short sleep duration', 'Pro-inflammatory cytokines'), ('Medications', 'Obesity'), ('Balance', 'Ability to engage in physical activity'), ('Short sleep duration', 'Cortisol'), ('Airway resistance', 'Asthma'), ('Short sleep duration', 'Blood pressure'), ('Fatty acids in the artery walls', 'Atherosclerosis'), ('Dyslipidemia', 'Insulin resistance'), ('Blood glucose level', 'Fatty acids in the artery walls'), ('Respiratory diseases', 'Ability to engage in physical activity'), ('Blood saturated fatty acid level', 'Secretion of inflammatory molecules by adipose cells'), ('Dysfunctional adipose tissue', 'Inflammation'), ('Coordination', 'Ability to engage in physical activity'), ('Obesity', 'Short sleep duration'), ('Inflammation', 'Asthma'), ('Coronary heart diseases', 'Dyspnea'), ('Tiredness', 'Ability to engage in physical activity'), ('Short sleep duration', 'Heart rate'), ('Blood fatty acid level', 'Blood glucose level'), ('Pro-inflammatory cytokines', 'Inflammation'), ('Respiratory muscle fatigue', 'Dyspnea'), ('Heart rate', 'Coronary heart diseases'), ('Medications', 'Coordination'), ('Beta blockers', 'Ability to engage in physical activity'), ('Sodium intake', 'Blood pressure'), ('Airway resistance', 'Asthma-like symptoms'), ('Medications', 'Concentration'), ('Cells intake of fatty acids', 'Adipose storage of fatty acids'), ('Physical pain', 'Ability to engage in physical activity'), ('Concentration', 'Ability to engage in physical activity'), ('Obesity', 'Release of adipokines'), ('Blood glucose level', 'Sodium retention'), ('Stimulants', 'Short sleep duration'), ('Obesity', 'Dysfunctional adipose tissue'), ('Medications', 'Tiredness'), ('Inflammation', 'Insulin resistance'), ('Inflammation', 'Auto-inflammatory diseases'), ('Blood fatty acid level', 'Adipose storage of fatty acids'), ('Dysfunctional adipose tissue', 'Blood pressure'), ('Dysfunctional adipose tissue', 'Dyslipidemia'), ('Obesity', 'Unhealthy weight control practices'), ('Obesity', 'Asthma-like symptoms'), ('Dyslipidemia', 'Atherosclerosis')]","[('Prevalence of walking trails', 'Quality of the sport infrastructure'), ('Medications', 'Balance'), ('Culture of eating that promotes healthy choices', 'Physical well-being'), ('Secretion of inflammatory molecules by adipose cells', 'Insulin resistance'), ('Presence of a vibrant community', 'Control'), ('Obesity', 'Weight bias'), ('Healthy eating', 'Blood mono-unsaturated fatty acid level'), ('Exercise', 'Heart rate'), ('Available time', 'Recreational physical activity'), ('Chronic conditions', 'Depression'), ('Exercise', 'Insulin resistance'), ('Weight bias', 'Socio-economic status'), ('Mental well-being', 'Physical well-being'), ('Obesity', 'Obstructive sleep apnea'), ('Eating disorders', 'Healthy eating'), ('Consumer demand for regulations', 'Marketing of healthy foods'), ('Dyslipidemia', 'Blood pressure'), ('Obesity', 'Gastro-esophageal reflux disease'), ('Perceived environmental safety', 'Mental well-being'), ('Late night TV watching', 'Short sleep duration'), ('Auto-inflammatory diseases', 'Inflammation'), ('Depression', 'Healthy eating'), ('Socio-economic status', 'Stress'), ('Exercise', 'Blood glucose level'), ('Public support and demand for healthy products', 'Marketing of healthy foods'), ('Unhealthy foods are cheaper than healthy ones', 'Supportive food environment'), ('Control', 'Mental well-being'), ('Atherosclerosis', 'Coronary heart diseases'), ('Socio-economic status', 'Physical well-being'), ('Ability to engage in physical activity', 'Physical activity'), ('Public health messaging around thinness', 'Weight bias'), ('Public support and demand for healthy products', 'Availability of healthy foods'), ('Release of adipokines', 'Atherosclerosis'), ('Consumer demand for regulations', 'Marketing of unhealthy foods'), ('Resilience', 'Mental well-being'), ('Blood mono-unsaturated fatty acid level', 'Secretion of inflammatory molecules by adipose cells'), ('Medical perspective that thin is good', 'Public health messaging around thinness'), ('Mental well-being', 'Medications'), ('Sexual difficulties', 'Mental well-being'), ('Insulin resistance', 'Fatty acids in the artery walls'), ('Insulin resistance', 'Cells intake of fatty acids'), ('Sidewalk prevalence and maintenance', 'Utilitarian physical activity '), ('Adipose storage of fatty acids', 'Inflammation'), ('Socio-economic status', 'Exercise'), ('Thoracic and abdominal obesity', 'Airway resistance'), ('Healthy eating', 'Short sleep duration'), ('Perceived environmental safety', 'Physical well-being'), ('Weight bias', 'Depression'), ('Emotional eating', 'Mental well-being'), ('Late night TV watching', 'Healthy eating'), ('Control', 'Stress'), ('Aesthetics', 'Physical well-being'), ('Economic incentives to produce unhealthy food products', 'Cost of unhealthy foods'), ('Supportive food environment', 'Healthy eating'), ('Appetite', 'Physical well-being'), ('Thoracic and abdominal obesity', 'Respiratory muscle fatigue'), ('Cardiovascular diseases', 'Fear of engaging in physical activity'), ('Socio-economic status', 'Mental well-being'), ('Unhealthy weight control practices', 'Obesity'), ('Exercise', 'Blood pressure'), ('Sodium retention', 'Blood pressure'), ('Short sleep duration', 'Pro-inflammatory cytokines'), ('Medications', 'Obesity'), ('Short sleep duration', 'Appetite'), ('Balance', 'Ability to engage in physical activity'), ('Short sleep duration', 'Cortisol'), ('Airway resistance', 'Asthma'), ('Short sleep duration', 'Blood pressure'), ('Medical perspective that thin is good', 'Cultural norms around thinness'), ('Healthy eating', 'Blood glucose level'), ('Mental well-being', 'Anticonvulsants'), ('Fatty acids in the artery walls', 'Atherosclerosis'), ('Dyslipidemia', 'Insulin resistance'), ('Blood glucose level', 'Fatty acids in the artery walls'), ('Respiratory diseases', 'Ability to engage in physical activity'), ('Blood saturated fatty acid level', 'Secretion of inflammatory molecules by adipose cells'), ('Dysfunctional adipose tissue', 'Inflammation'), ('Weight bias', 'Mental well-being'), ('Coordination', 'Ability to engage in physical activity'), ('Cultural norms around thinness', 'Cultural norms around thinness'), ('Cultural norms around thinness', 'Poor body image'), ('Obesity', 'Short sleep duration'), ('Inflammation', 'Asthma'), ('Healthy eating', 'Sodium intake'), ('Cultural norms around thinness', 'Eating disorders'), ('Poor body image', 'Sexual difficulties'), ('Fear of engaging in physical activity', 'Physical activity'), ('Short sleep duration', 'Healthy eating'), ('Coronary heart diseases', 'Dyspnea'), ('Stress', 'Inflammation'), ('Weight bias', 'Stress'), ('Unhealthy weight control practices', 'Eating disorders'), ('Tiredness', 'Ability to engage in physical activity'), ('Short sleep duration', 'Heart rate'), ('Prevalence of bike trails', 'Quality of the sport infrastructure'), ('Exercise', 'Blood fatty acid level'), ('Mental well-being', 'Emotional eating'), ('Poor body image', 'Poor body image'), ('Blood fatty acid level', 'Blood glucose level'), ('Cardiovascular diseases', 'Depression'), ('Pro-inflammatory cytokines', 'Inflammation'), ('Prevalence of green fields', 'Quality of the sport infrastructure'), ('Mental well-being', 'Antipsychotics'), ('Socio-economic status', 'Control'), ('Weight bias', 'Poor body image'), ('Positive experience of sports', 'Recreational physical activity'), ('Public support and demand for healthy products', 'Cost of healthy foods'), ('Socio-economic status', 'Availability of healthy foods'), ('Cardiovascular diseases', 'Physical well-being'), ('Respiratory muscle fatigue', 'Dyspnea'), ('Heart rate', 'Coronary heart diseases'), ('Pressure to be thin', 'Poor body image'), ('Medications', 'Coordination'), ('Beta blockers', 'Ability to engage in physical activity'), ('Antipsychotics', 'Appetite'), ('Sodium intake', 'Blood pressure'), ('Pressure to be thin', 'Unhealthy weight control practices'), ('Airway resistance', 'Asthma-like symptoms'), ('Depression', 'Stress'), ('Medications', 'Concentration'), ('Public support and demand for healthy products', 'Marketing of unhealthy foods'), ('Poor body image', 'Eating disorders'), ('Emotional eating', 'Healthy eating'), ('Obesity', 'Access to health professionals'), ('Obesity', 'Mental well-being'), ('Unhealthy foods are more available than healthy ones', 'Supportive food environment'), ('Healthy eating', 'Blood saturated fatty acid level'), ('Presence of a vibrant community', 'Resilience'), ('Cells intake of fatty acids', 'Adipose storage of fatty acids'), ('Physical activity', 'Physical well-being'), ('Appetite', 'Healthy eating'), ('Aesthetics', 'Stress'), ('Chronic conditions', 'Mental well-being'), ('Weight bias', 'Positive experience of sports'), ('Healthy eating', 'Dyslipidemia'), ('Quality of the sport infrastructure', 'Recreational physical activity'), ('Physical pain', 'Ability to engage in physical activity'), ('Prevalence of green fields', 'Aesthetics'), ('Concentration', 'Ability to engage in physical activity'), ('Aesthetics', 'Mental well-being'), ('Poor body image', 'Depression'), ('Chronic conditions', 'Physical well-being'), ('Obesity', 'Release of adipokines'), ('Blood glucose level', 'Sodium retention'), ('Restrictive covenants', 'Availability of healthy foods'), ('Musculoskeletal pain', 'Mental well-being'), ('Weight bias', 'Unhealthy weight control practices'), ('Physical activity', 'Mental well-being'), ('Access to health professionals', 'Ability to engage in physical activity'), ('Stimulants', 'Short sleep duration'), ('Culture of eating that promotes healthy choices', 'Healthy eating'), ('Culture of eating that promotes healthy choices', 'Mental well-being'), ('Weight bias', 'Exercise'), ('Obesity', 'Dysfunctional adipose tissue'), ('Medications', 'Tiredness'), ('Inflammation', 'Insulin resistance'), ('Anticonvulsants', 'Appetite'), ('Inflammation', 'Auto-inflammatory diseases'), ('Accessibility to shops', 'Utilitarian physical activity '), ('Blood fatty acid level', 'Adipose storage of fatty acids'), ('Perceived environmental safety', 'Physical activity'), ('Short sleep duration', 'Physical well-being'), ('Cultural norms around thinness', 'Pressure to be thin'), ('Weight bias', 'Access to health professionals'), ('Public health messaging around thinness', 'Pressure to be thin'), ('Dysfunctional adipose tissue', 'Blood pressure'), ('Dysfunctional adipose tissue', 'Dyslipidemia'), ('Aesthetics', 'Utilitarian physical activity '), ('Obesity', 'Unhealthy weight control practices'), ('Obesity', 'Asthma-like symptoms'), ('Marketing ratio of unhealthy to healthy foods', 'Supportive food environment'), ('Dyslipidemia', 'Atherosclerosis'), ('Physical well-being', 'Mental well-being'), ('Public support and demand for healthy products', 'Cost of unhealthy foods'), ('Musculoskeletal pain', 'Physical well-being'), ('Coronary heart diseases', 'Exercise')]"
1,"[('Weight bias', 'Dysfunctional adipose tissue'), ('Depression', 'Inflammation'), ('Stress', 'Cortisol'), ('Physical well-being', 'Ability to engage in physical activity'), ('Cultural norms around thinness', 'Unhealthy weight control practices'), ('Pressure to be thin', 'Obesity'), ('Mental well-being', 'Concentration')]",-1,1,-1,-1,-1,"[('Culture of eating that promotes healthy choices', 'Physical well-being'), ('Weight bias', 'Socio-economic status'), ('Mental well-being', 'Physical well-being'), ('Socio-economic status', 'Stress'), ('Control', 'Mental well-being'), ('Socio-economic status', 'Physical well-being'), ('Public health messaging around thinness', 'Weight bias'), ('Resilience', 'Mental well-being'), ('Medical perspective that thin is good', 'Public health messaging around thinness'), ('Weight bias', 'Depression'), ('Control', 'Stress'), ('Socio-economic status', 'Mental well-being'), ('Medical perspective that thin is good', 'Cultural norms around thinness'), ('Weight bias', 'Mental well-being'), ('Cultural norms around thinness', 'Cultural norms around thinness'), ('Cultural norms around thinness', 'Poor body image'), ('Weight bias', 'Stress'), ('Poor body image', 'Poor body image'), ('Socio-economic status', 'Control'), ('Weight bias', 'Poor body image'), ('Pressure to be thin', 'Poor body image'), ('Depression', 'Stress'), ('Poor body image', 'Depression'), ('Culture of eating that promotes healthy choices', 'Mental well-being'), ('Cultural norms around thinness', 'Pressure to be thin'), ('Public health messaging around thinness', 'Pressure to be thin'), ('Physical well-being', 'Mental well-being')]","[('Medications', 'Balance'), ('Secretion of inflammatory molecules by adipose cells', 'Insulin resistance'), ('Obesity', 'Obstructive sleep apnea'), ('Dyslipidemia', 'Blood pressure'), ('Obesity', 'Gastro-esophageal reflux disease'), ('Auto-inflammatory diseases', 'Inflammation'), ('Atherosclerosis', 'Coronary heart diseases'), ('Release of adipokines', 'Atherosclerosis'), ('Blood mono-unsaturated fatty acid level', 'Secretion of inflammatory molecules by adipose cells'), ('Insulin resistance', 'Fatty acids in the artery walls'), ('Insulin resistance', 'Cells intake of fatty acids'), ('Adipose storage of fatty acids', 'Inflammation'), ('Thoracic and abdominal obesity', 'Airway resistance'), ('Thoracic and abdominal obesity', 'Respiratory muscle fatigue'), ('Unhealthy weight control practices', 'Obesity'), ('Sodium retention', 'Blood pressure'), ('Short sleep duration', 'Pro-inflammatory cytokines'), ('Medications', 'Obesity'), ('Balance', 'Ability to engage in physical activity'), ('Short sleep duration', 'Cortisol'), ('Airway resistance', 'Asthma'), ('Short sleep duration', 'Blood pressure'), ('Fatty acids in the artery walls', 'Atherosclerosis'), ('Dyslipidemia', 'Insulin resistance'), ('Blood glucose level', 'Fatty acids in the artery walls'), ('Respiratory diseases', 'Ability to engage in physical activity'), ('Blood saturated fatty acid level', 'Secretion of inflammatory molecules by adipose cells'), ('Dysfunctional adipose tissue', 'Inflammation'), ('Coordination', 'Ability to engage in physical activity'), ('Obesity', 'Short sleep duration'), ('Inflammation', 'Asthma'), ('Coronary heart diseases', 'Dyspnea'), ('Tiredness', 'Ability to engage in physical activity'), ('Short sleep duration', 'Heart rate'), ('Blood fatty acid level', 'Blood glucose level'), ('Pro-inflammatory cytokines', 'Inflammation'), ('Respiratory muscle fatigue', 'Dyspnea'), ('Heart rate', 'Coronary heart diseases'), ('Medications', 'Coordination'), ('Beta blockers', 'Ability to engage in physical activity'), ('Sodium intake', 'Blood pressure'), ('Airway resistance', 'Asthma-like symptoms'), ('Medications', 'Concentration'), ('Cells intake of fatty acids', 'Adipose storage of fatty acids'), ('Physical pain', 'Ability to engage in physical activity'), ('Concentration', 'Ability to engage in physical activity'), ('Obesity', 'Release of adipokines'), ('Blood glucose level', 'Sodium retention'), ('Stimulants', 'Short sleep duration'), ('Obesity', 'Dysfunctional adipose tissue'), ('Medications', 'Tiredness'), ('Inflammation', 'Insulin resistance'), ('Inflammation', 'Auto-inflammatory diseases'), ('Blood fatty acid level', 'Adipose storage of fatty acids'), ('Dysfunctional adipose tissue', 'Blood pressure'), ('Dysfunctional adipose tissue', 'Dyslipidemia'), ('Obesity', 'Unhealthy weight control practices'), ('Obesity', 'Asthma-like symptoms'), ('Dyslipidemia', 'Atherosclerosis')]","[('Prevalence of walking trails', 'Quality of the sport infrastructure'), ('Medications', 'Balance'), ('Culture of eating that promotes healthy choices', 'Physical well-being'), ('Secretion of inflammatory molecules by adipose cells', 'Insulin resistance'), ('Presence of a vibrant community', 'Control'), ('Obesity', 'Weight bias'), ('Healthy eating', 'Blood mono-unsaturated fatty acid level'), ('Exercise', 'Heart rate'), ('Available time', 'Recreational physical activity'), ('Chronic conditions', 'Depression'), ('Exercise', 'Insulin resistance'), ('Weight bias', 'Socio-economic status'), ('Mental well-being', 'Physical well-being'), ('Obesity', 'Obstructive sleep apnea'), ('Eating disorders', 'Healthy eating'), ('Consumer demand for regulations', 'Marketing of healthy foods'), ('Dyslipidemia', 'Blood pressure'), ('Obesity', 'Gastro-esophageal reflux disease'), ('Perceived environmental safety', 'Mental well-being'), ('Late night TV watching', 'Short sleep duration'), ('Auto-inflammatory diseases', 'Inflammation'), ('Depression', 'Healthy eating'), ('Socio-economic status', 'Stress'), ('Exercise', 'Blood glucose level'), ('Public support and demand for healthy products', 'Marketing of healthy foods'), ('Unhealthy foods are cheaper than healthy ones', 'Supportive food environment'), ('Control', 'Mental well-being'), ('Atherosclerosis', 'Coronary heart diseases'), ('Socio-economic status', 'Physical well-being'), ('Ability to engage in physical activity', 'Physical activity'), ('Public health messaging around thinness', 'Weight bias'), ('Public support and demand for healthy products', 'Availability of healthy foods'), ('Release of adipokines', 'Atherosclerosis'), ('Consumer demand for regulations', 'Marketing of unhealthy foods'), ('Resilience', 'Mental well-being'), ('Blood mono-unsaturated fatty acid level', 'Secretion of inflammatory molecules by adipose cells'), ('Medical perspective that thin is good', 'Public health messaging around thinness'), ('Mental well-being', 'Medications'), ('Sexual difficulties', 'Mental well-being'), ('Insulin resistance', 'Fatty acids in the artery walls'), ('Insulin resistance', 'Cells intake of fatty acids'), ('Sidewalk prevalence and maintenance', 'Utilitarian physical activity '), ('Adipose storage of fatty acids', 'Inflammation'), ('Socio-economic status', 'Exercise'), ('Thoracic and abdominal obesity', 'Airway resistance'), ('Healthy eating', 'Short sleep duration'), ('Perceived environmental safety', 'Physical well-being'), ('Weight bias', 'Depression'), ('Emotional eating', 'Mental well-being'), ('Late night TV watching', 'Healthy eating'), ('Control', 'Stress'), ('Aesthetics', 'Physical well-being'), ('Economic incentives to produce unhealthy food products', 'Cost of unhealthy foods'), ('Supportive food environment', 'Healthy eating'), ('Appetite', 'Physical well-being'), ('Thoracic and abdominal obesity', 'Respiratory muscle fatigue'), ('Cardiovascular diseases', 'Fear of engaging in physical activity'), ('Socio-economic status', 'Mental well-being'), ('Unhealthy weight control practices', 'Obesity'), ('Exercise', 'Blood pressure'), ('Sodium retention', 'Blood pressure'), ('Short sleep duration', 'Pro-inflammatory cytokines'), ('Medications', 'Obesity'), ('Short sleep duration', 'Appetite'), ('Balance', 'Ability to engage in physical activity'), ('Short sleep duration', 'Cortisol'), ('Airway resistance', 'Asthma'), ('Short sleep duration', 'Blood pressure'), ('Medical perspective that thin is good', 'Cultural norms around thinness'), ('Healthy eating', 'Blood glucose level'), ('Mental well-being', 'Anticonvulsants'), ('Fatty acids in the artery walls', 'Atherosclerosis'), ('Dyslipidemia', 'Insulin resistance'), ('Blood glucose level', 'Fatty acids in the artery walls'), ('Respiratory diseases', 'Ability to engage in physical activity'), ('Blood saturated fatty acid level', 'Secretion of inflammatory molecules by adipose cells'), ('Dysfunctional adipose tissue', 'Inflammation'), ('Weight bias', 'Mental well-being'), ('Coordination', 'Ability to engage in physical activity'), ('Cultural norms around thinness', 'Cultural norms around thinness'), ('Cultural norms around thinness', 'Poor body image'), ('Obesity', 'Short sleep duration'), ('Inflammation', 'Asthma'), ('Healthy eating', 'Sodium intake'), ('Cultural norms around thinness', 'Eating disorders'), ('Poor body image', 'Sexual difficulties'), ('Fear of engaging in physical activity', 'Physical activity'), ('Short sleep duration', 'Healthy eating'), ('Coronary heart diseases', 'Dyspnea'), ('Stress', 'Inflammation'), ('Weight bias', 'Stress'), ('Unhealthy weight control practices', 'Eating disorders'), ('Tiredness', 'Ability to engage in physical activity'), ('Short sleep duration', 'Heart rate'), ('Prevalence of bike trails', 'Quality of the sport infrastructure'), ('Exercise', 'Blood fatty acid level'), ('Mental well-being', 'Emotional eating'), ('Poor body image', 'Poor body image'), ('Blood fatty acid level', 'Blood glucose level'), ('Cardiovascular diseases', 'Depression'), ('Pro-inflammatory cytokines', 'Inflammation'), ('Prevalence of green fields', 'Quality of the sport infrastructure'), ('Mental well-being', 'Antipsychotics'), ('Socio-economic status', 'Control'), ('Weight bias', 'Poor body image'), ('Positive experience of sports', 'Recreational physical activity'), ('Public support and demand for healthy products', 'Cost of healthy foods'), ('Socio-economic status', 'Availability of healthy foods'), ('Cardiovascular diseases', 'Physical well-being'), ('Respiratory muscle fatigue', 'Dyspnea'), ('Heart rate', 'Coronary heart diseases'), ('Pressure to be thin', 'Poor body image'), ('Medications', 'Coordination'), ('Beta blockers', 'Ability to engage in physical activity'), ('Antipsychotics', 'Appetite'), ('Sodium intake', 'Blood pressure'), ('Pressure to be thin', 'Unhealthy weight control practices'), ('Airway resistance', 'Asthma-like symptoms'), ('Depression', 'Stress'), ('Medications', 'Concentration'), ('Public support and demand for healthy products', 'Marketing of unhealthy foods'), ('Poor body image', 'Eating disorders'), ('Emotional eating', 'Healthy eating'), ('Obesity', 'Access to health professionals'), ('Obesity', 'Mental well-being'), ('Unhealthy foods are more available than healthy ones', 'Supportive food environment'), ('Healthy eating', 'Blood saturated fatty acid level'), ('Presence of a vibrant community', 'Resilience'), ('Cells intake of fatty acids', 'Adipose storage of fatty acids'), ('Physical activity', 'Physical well-being'), ('Appetite', 'Healthy eating'), ('Aesthetics', 'Stress'), ('Chronic conditions', 'Mental well-being'), ('Weight bias', 'Positive experience of sports'), ('Healthy eating', 'Dyslipidemia'), ('Quality of the sport infrastructure', 'Recreational physical activity'), ('Physical pain', 'Ability to engage in physical activity'), ('Prevalence of green fields', 'Aesthetics'), ('Concentration', 'Ability to engage in physical activity'), ('Aesthetics', 'Mental well-being'), ('Poor body image', 'Depression'), ('Chronic conditions', 'Physical well-being'), ('Obesity', 'Release of adipokines'), ('Blood glucose level', 'Sodium retention'), ('Restrictive covenants', 'Availability of healthy foods'), ('Musculoskeletal pain', 'Mental well-being'), ('Weight bias', 'Unhealthy weight control practices'), ('Physical activity', 'Mental well-being'), ('Access to health professionals', 'Ability to engage in physical activity'), ('Stimulants', 'Short sleep duration'), ('Culture of eating that promotes healthy choices', 'Healthy eating'), ('Culture of eating that promotes healthy choices', 'Mental well-being'), ('Weight bias', 'Exercise'), ('Obesity', 'Dysfunctional adipose tissue'), ('Medications', 'Tiredness'), ('Inflammation', 'Insulin resistance'), ('Anticonvulsants', 'Appetite'), ('Inflammation', 'Auto-inflammatory diseases'), ('Accessibility to shops', 'Utilitarian physical activity '), ('Blood fatty acid level', 'Adipose storage of fatty acids'), ('Perceived environmental safety', 'Physical activity'), ('Short sleep duration', 'Physical well-being'), ('Cultural norms around thinness', 'Pressure to be thin'), ('Weight bias', 'Access to health professionals'), ('Public health messaging around thinness', 'Pressure to be thin'), ('Dysfunctional adipose tissue', 'Blood pressure'), ('Dysfunctional adipose tissue', 'Dyslipidemia'), ('Aesthetics', 'Utilitarian physical activity '), ('Obesity', 'Unhealthy weight control practices'), ('Obesity', 'Asthma-like symptoms'), ('Marketing ratio of unhealthy to healthy foods', 'Supportive food environment'), ('Dyslipidemia', 'Atherosclerosis'), ('Physical well-being', 'Mental well-being'), ('Public support and demand for healthy products', 'Cost of unhealthy foods'), ('Musculoskeletal pain', 'Physical well-being'), ('Coronary heart diseases', 'Exercise')]"
2,"[('Weight bias', 'Dysfunctional adipose tissue'), ('Depression', 'Inflammation'), ('Stress', 'Cortisol'), ('Physical well-being', 'Ability to engage in physical activity'), ('Cultural norms around thinness', 'Unhealthy weight control practices'), ('Pressure to be thin', 'Obesity'), ('Mental well-being', 'Concentration')]",-1,1,-1,-1,-1,"[('Culture of eating that promotes healthy choices', 'Physical well-being'), ('Weight bias', 'Socio-economic status'), ('Mental well-being', 'Physical well-being'), ('Socio-economic status', 'Stress'), ('Control', 'Mental well-being'), ('Socio-economic status', 'Physical well-being'), ('Public health messaging around thinness', 'Weight bias'), ('Resilience', 'Mental well-being'), ('Medical perspective that thin is good', 'Public health messaging around thinness'), ('Weight bias', 'Depression'), ('Control', 'Stress'), ('Socio-economic status', 'Mental well-being'), ('Medical perspective that thin is good', 'Cultural norms around thinness'), ('Weight bias', 'Mental well-being'), ('Cultural norms around thinness', 'Cultural norms around thinness'), ('Cultural norms around thinness', 'Poor body image'), ('Weight bias', 'Stress'), ('Poor body image', 'Poor body image'), ('Socio-economic status', 'Control'), ('Weight bias', 'Poor body image'), ('Pressure to be thin', 'Poor body image'), ('Depression', 'Stress'), ('Poor body image', 'Depression'), ('Culture of eating that promotes healthy choices', 'Mental well-being'), ('Cultural norms around thinness', 'Pressure to be thin'), ('Public health messaging around thinness', 'Pressure to be thin'), ('Physical well-being', 'Mental well-being')]","[('Medications', 'Balance'), ('Secretion of inflammatory molecules by adipose cells', 'Insulin resistance'), ('Obesity', 'Obstructive sleep apnea'), ('Dyslipidemia', 'Blood pressure'), ('Obesity', 'Gastro-esophageal reflux disease'), ('Auto-inflammatory diseases', 'Inflammation'), ('Atherosclerosis', 'Coronary heart diseases'), ('Release of adipokines', 'Atherosclerosis'), ('Blood mono-unsaturated fatty acid level', 'Secretion of inflammatory molecules by adipose cells'), ('Insulin resistance', 'Fatty acids in the artery walls'), ('Insulin resistance', 'Cells intake of fatty acids'), ('Adipose storage of fatty acids', 'Inflammation'), ('Thoracic and abdominal obesity', 'Airway resistance'), ('Thoracic and abdominal obesity', 'Respiratory muscle fatigue'), ('Unhealthy weight control practices', 'Obesity'), ('Sodium retention', 'Blood pressure'), ('Short sleep duration', 'Pro-inflammatory cytokines'), ('Medications', 'Obesity'), ('Balance', 'Ability to engage in physical activity'), ('Short sleep duration', 'Cortisol'), ('Airway resistance', 'Asthma'), ('Short sleep duration', 'Blood pressure'), ('Fatty acids in the artery walls', 'Atherosclerosis'), ('Dyslipidemia', 'Insulin resistance'), ('Blood glucose level', 'Fatty acids in the artery walls'), ('Respiratory diseases', 'Ability to engage in physical activity'), ('Blood saturated fatty acid level', 'Secretion of inflammatory molecules by adipose cells'), ('Dysfunctional adipose tissue', 'Inflammation'), ('Coordination', 'Ability to engage in physical activity'), ('Obesity', 'Short sleep duration'), ('Inflammation', 'Asthma'), ('Coronary heart diseases', 'Dyspnea'), ('Tiredness', 'Ability to engage in physical activity'), ('Short sleep duration', 'Heart rate'), ('Blood fatty acid level', 'Blood glucose level'), ('Pro-inflammatory cytokines', 'Inflammation'), ('Respiratory muscle fatigue', 'Dyspnea'), ('Heart rate', 'Coronary heart diseases'), ('Medications', 'Coordination'), ('Beta blockers', 'Ability to engage in physical activity'), ('Sodium intake', 'Blood pressure'), ('Airway resistance', 'Asthma-like symptoms'), ('Medications', 'Concentration'), ('Cells intake of fatty acids', 'Adipose storage of fatty acids'), ('Physical pain', 'Ability to engage in physical activity'), ('Concentration', 'Ability to engage in physical activity'), ('Obesity', 'Release of adipokines'), ('Blood glucose level', 'Sodium retention'), ('Stimulants', 'Short sleep duration'), ('Obesity', 'Dysfunctional adipose tissue'), ('Medications', 'Tiredness'), ('Inflammation', 'Insulin resistance'), ('Inflammation', 'Auto-inflammatory diseases'), ('Blood fatty acid level', 'Adipose storage of fatty acids'), ('Dysfunctional adipose tissue', 'Blood pressure'), ('Dysfunctional adipose tissue', 'Dyslipidemia'), ('Obesity', 'Unhealthy weight control practices'), ('Obesity', 'Asthma-like symptoms'), ('Dyslipidemia', 'Atherosclerosis')]","[('Prevalence of walking trails', 'Quality of the sport infrastructure'), ('Medications', 'Balance'), ('Culture of eating that promotes healthy choices', 'Physical well-being'), ('Secretion of inflammatory molecules by adipose cells', 'Insulin resistance'), ('Presence of a vibrant community', 'Control'), ('Obesity', 'Weight bias'), ('Healthy eating', 'Blood mono-unsaturated fatty acid level'), ('Exercise', 'Heart rate'), ('Available time', 'Recreational physical activity'), ('Chronic conditions', 'Depression'), ('Exercise', 'Insulin resistance'), ('Weight bias', 'Socio-economic status'), ('Mental well-being', 'Physical well-being'), ('Obesity', 'Obstructive sleep apnea'), ('Eating disorders', 'Healthy eating'), ('Consumer demand for regulations', 'Marketing of healthy foods'), ('Dyslipidemia', 'Blood pressure'), ('Obesity', 'Gastro-esophageal reflux disease'), ('Perceived environmental safety', 'Mental well-being'), ('Late night TV watching', 'Short sleep duration'), ('Auto-inflammatory diseases', 'Inflammation'), ('Depression', 'Healthy eating'), ('Socio-economic status', 'Stress'), ('Exercise', 'Blood glucose level'), ('Public support and demand for healthy products', 'Marketing of healthy foods'), ('Unhealthy foods are cheaper than healthy ones', 'Supportive food environment'), ('Control', 'Mental well-being'), ('Atherosclerosis', 'Coronary heart diseases'), ('Socio-economic status', 'Physical well-being'), ('Ability to engage in physical activity', 'Physical activity'), ('Public health messaging around thinness', 'Weight bias'), ('Public support and demand for healthy products', 'Availability of healthy foods'), ('Release of adipokines', 'Atherosclerosis'), ('Consumer demand for regulations', 'Marketing of unhealthy foods'), ('Resilience', 'Mental well-being'), ('Blood mono-unsaturated fatty acid level', 'Secretion of inflammatory molecules by adipose cells'), ('Medical perspective that thin is good', 'Public health messaging around thinness'), ('Mental well-being', 'Medications'), ('Sexual difficulties', 'Mental well-being'), ('Insulin resistance', 'Fatty acids in the artery walls'), ('Insulin resistance', 'Cells intake of fatty acids'), ('Sidewalk prevalence and maintenance', 'Utilitarian physical activity '), ('Adipose storage of fatty acids', 'Inflammation'), ('Socio-economic status', 'Exercise'), ('Thoracic and abdominal obesity', 'Airway resistance'), ('Healthy eating', 'Short sleep duration'), ('Perceived environmental safety', 'Physical well-being'), ('Weight bias', 'Depression'), ('Emotional eating', 'Mental well-being'), ('Late night TV watching', 'Healthy eating'), ('Control', 'Stress'), ('Aesthetics', 'Physical well-being'), ('Economic incentives to produce unhealthy food products', 'Cost of unhealthy foods'), ('Supportive food environment', 'Healthy eating'), ('Appetite', 'Physical well-being'), ('Thoracic and abdominal obesity', 'Respiratory muscle fatigue'), ('Cardiovascular diseases', 'Fear of engaging in physical activity'), ('Socio-economic status', 'Mental well-being'), ('Unhealthy weight control practices', 'Obesity'), ('Exercise', 'Blood pressure'), ('Sodium retention', 'Blood pressure'), ('Short sleep duration', 'Pro-inflammatory cytokines'), ('Medications', 'Obesity'), ('Short sleep duration', 'Appetite'), ('Balance', 'Ability to engage in physical activity'), ('Short sleep duration', 'Cortisol'), ('Airway resistance', 'Asthma'), ('Short sleep duration', 'Blood pressure'), ('Medical perspective that thin is good', 'Cultural norms around thinness'), ('Healthy eating', 'Blood glucose level'), ('Mental well-being', 'Anticonvulsants'), ('Fatty acids in the artery walls', 'Atherosclerosis'), ('Dyslipidemia', 'Insulin resistance'), ('Blood glucose level', 'Fatty acids in the artery walls'), ('Respiratory diseases', 'Ability to engage in physical activity'), ('Blood saturated fatty acid level', 'Secretion of inflammatory molecules by adipose cells'), ('Dysfunctional adipose tissue', 'Inflammation'), ('Weight bias', 'Mental well-being'), ('Coordination', 'Ability to engage in physical activity'), ('Cultural norms around thinness', 'Cultural norms around thinness'), ('Cultural norms around thinness', 'Poor body image'), ('Obesity', 'Short sleep duration'), ('Inflammation', 'Asthma'), ('Healthy eating', 'Sodium intake'), ('Cultural norms around thinness', 'Eating disorders'), ('Poor body image', 'Sexual difficulties'), ('Fear of engaging in physical activity', 'Physical activity'), ('Short sleep duration', 'Healthy eating'), ('Coronary heart diseases', 'Dyspnea'), ('Stress', 'Inflammation'), ('Weight bias', 'Stress'), ('Unhealthy weight control practices', 'Eating disorders'), ('Tiredness', 'Ability to engage in physical activity'), ('Short sleep duration', 'Heart rate'), ('Prevalence of bike trails', 'Quality of the sport infrastructure'), ('Exercise', 'Blood fatty acid level'), ('Mental well-being', 'Emotional eating'), ('Poor body image', 'Poor body image'), ('Blood fatty acid level', 'Blood glucose level'), ('Cardiovascular diseases', 'Depression'), ('Pro-inflammatory cytokines', 'Inflammation'), ('Prevalence of green fields', 'Quality of the sport infrastructure'), ('Mental well-being', 'Antipsychotics'), ('Socio-economic status', 'Control'), ('Weight bias', 'Poor body image'), ('Positive experience of sports', 'Recreational physical activity'), ('Public support and demand for healthy products', 'Cost of healthy foods'), ('Socio-economic status', 'Availability of healthy foods'), ('Cardiovascular diseases', 'Physical well-being'), ('Respiratory muscle fatigue', 'Dyspnea'), ('Heart rate', 'Coronary heart diseases'), ('Pressure to be thin', 'Poor body image'), ('Medications', 'Coordination'), ('Beta blockers', 'Ability to engage in physical activity'), ('Antipsychotics', 'Appetite'), ('Sodium intake', 'Blood pressure'), ('Pressure to be thin', 'Unhealthy weight control practices'), ('Airway resistance', 'Asthma-like symptoms'), ('Depression', 'Stress'), ('Medications', 'Concentration'), ('Public support and demand for healthy products', 'Marketing of unhealthy foods'), ('Poor body image', 'Eating disorders'), ('Emotional eating', 'Healthy eating'), ('Obesity', 'Access to health professionals'), ('Obesity', 'Mental well-being'), ('Unhealthy foods are more available than healthy ones', 'Supportive food environment'), ('Healthy eating', 'Blood saturated fatty acid level'), ('Presence of a vibrant community', 'Resilience'), ('Cells intake of fatty acids', 'Adipose storage of fatty acids'), ('Physical activity', 'Physical well-being'), ('Appetite', 'Healthy eating'), ('Aesthetics', 'Stress'), ('Chronic conditions', 'Mental well-being'), ('Weight bias', 'Positive experience of sports'), ('Healthy eating', 'Dyslipidemia'), ('Quality of the sport infrastructure', 'Recreational physical activity'), ('Physical pain', 'Ability to engage in physical activity'), ('Prevalence of green fields', 'Aesthetics'), ('Concentration', 'Ability to engage in physical activity'), ('Aesthetics', 'Mental well-being'), ('Poor body image', 'Depression'), ('Chronic conditions', 'Physical well-being'), ('Obesity', 'Release of adipokines'), ('Blood glucose level', 'Sodium retention'), ('Restrictive covenants', 'Availability of healthy foods'), ('Musculoskeletal pain', 'Mental well-being'), ('Weight bias', 'Unhealthy weight control practices'), ('Physical activity', 'Mental well-being'), ('Access to health professionals', 'Ability to engage in physical activity'), ('Stimulants', 'Short sleep duration'), ('Culture of eating that promotes healthy choices', 'Healthy eating'), ('Culture of eating that promotes healthy choices', 'Mental well-being'), ('Weight bias', 'Exercise'), ('Obesity', 'Dysfunctional adipose tissue'), ('Medications', 'Tiredness'), ('Inflammation', 'Insulin resistance'), ('Anticonvulsants', 'Appetite'), ('Inflammation', 'Auto-inflammatory diseases'), ('Accessibility to shops', 'Utilitarian physical activity '), ('Blood fatty acid level', 'Adipose storage of fatty acids'), ('Perceived environmental safety', 'Physical activity'), ('Short sleep duration', 'Physical well-being'), ('Cultural norms around thinness', 'Pressure to be thin'), ('Weight bias', 'Access to health professionals'), ('Public health messaging around thinness', 'Pressure to be thin'), ('Dysfunctional adipose tissue', 'Blood pressure'), ('Dysfunctional adipose tissue', 'Dyslipidemia'), ('Aesthetics', 'Utilitarian physical activity '), ('Obesity', 'Unhealthy weight control practices'), ('Obesity', 'Asthma-like symptoms'), ('Marketing ratio of unhealthy to healthy foods', 'Supportive food environment'), ('Dyslipidemia', 'Atherosclerosis'), ('Physical well-being', 'Mental well-being'), ('Public support and demand for healthy products', 'Cost of unhealthy foods'), ('Musculoskeletal pain', 'Physical well-being'), ('Coronary heart diseases', 'Exercise')]"
3,"[('Weight bias', 'Dysfunctional adipose tissue'), ('Depression', 'Inflammation'), ('Stress', 'Cortisol'), ('Physical well-being', 'Ability to engage in physical activity'), ('Cultural norms around thinness', 'Unhealthy weight control practices'), ('Pressure to be thin', 'Obesity'), ('Mental well-being', 'Concentration')]",-1,1,-1,-1,-1,"[('Culture of eating that promotes healthy choices', 'Physical well-being'), ('Weight bias', 'Socio-economic status'), ('Mental well-being', 'Physical well-being'), ('Socio-economic status', 'Stress'), ('Control', 'Mental well-being'), ('Socio-economic status', 'Physical well-being'), ('Public health messaging around thinness', 'Weight bias'), ('Resilience', 'Mental well-being'), ('Medical perspective that thin is good', 'Public health messaging around thinness'), ('Weight bias', 'Depression'), ('Control', 'Stress'), ('Socio-economic status', 'Mental well-being'), ('Medical perspective that thin is good', 'Cultural norms around thinness'), ('Weight bias', 'Mental well-being'), ('Cultural norms around thinness', 'Cultural norms around thinness'), ('Cultural norms around thinness', 'Poor body image'), ('Weight bias', 'Stress'), ('Poor body image', 'Poor body image'), ('Socio-economic status', 'Control'), ('Weight bias', 'Poor body image'), ('Pressure to be thin', 'Poor body image'), ('Depression', 'Stress'), ('Poor body image', 'Depression'), ('Culture of eating that promotes healthy choices', 'Mental well-being'), ('Cultural norms around thinness', 'Pressure to be thin'), ('Public health messaging around thinness', 'Pressure to be thin'), ('Physical well-being', 'Mental well-being')]","[('Medications', 'Balance'), ('Secretion of inflammatory molecules by adipose cells', 'Insulin resistance'), ('Obesity', 'Obstructive sleep apnea'), ('Dyslipidemia', 'Blood pressure'), ('Obesity', 'Gastro-esophageal reflux disease'), ('Auto-inflammatory diseases', 'Inflammation'), ('Atherosclerosis', 'Coronary heart diseases'), ('Release of adipokines', 'Atherosclerosis'), ('Blood mono-unsaturated fatty acid level', 'Secretion of inflammatory molecules by adipose cells'), ('Insulin resistance', 'Fatty acids in the artery walls'), ('Insulin resistance', 'Cells intake of fatty acids'), ('Adipose storage of fatty acids', 'Inflammation'), ('Thoracic and abdominal obesity', 'Airway resistance'), ('Thoracic and abdominal obesity', 'Respiratory muscle fatigue'), ('Unhealthy weight control practices', 'Obesity'), ('Sodium retention', 'Blood pressure'), ('Short sleep duration', 'Pro-inflammatory cytokines'), ('Medications', 'Obesity'), ('Balance', 'Ability to engage in physical activity'), ('Short sleep duration', 'Cortisol'), ('Airway resistance', 'Asthma'), ('Short sleep duration', 'Blood pressure'), ('Fatty acids in the artery walls', 'Atherosclerosis'), ('Dyslipidemia', 'Insulin resistance'), ('Blood glucose level', 'Fatty acids in the artery walls'), ('Respiratory diseases', 'Ability to engage in physical activity'), ('Blood saturated fatty acid level', 'Secretion of inflammatory molecules by adipose cells'), ('Dysfunctional adipose tissue', 'Inflammation'), ('Coordination', 'Ability to engage in physical activity'), ('Obesity', 'Short sleep duration'), ('Inflammation', 'Asthma'), ('Coronary heart diseases', 'Dyspnea'), ('Tiredness', 'Ability to engage in physical activity'), ('Short sleep duration', 'Heart rate'), ('Blood fatty acid level', 'Blood glucose level'), ('Pro-inflammatory cytokines', 'Inflammation'), ('Respiratory muscle fatigue', 'Dyspnea'), ('Heart rate', 'Coronary heart diseases'), ('Medications', 'Coordination'), ('Beta blockers', 'Ability to engage in physical activity'), ('Sodium intake', 'Blood pressure'), ('Airway resistance', 'Asthma-like symptoms'), ('Medications', 'Concentration'), ('Cells intake of fatty acids', 'Adipose storage of fatty acids'), ('Physical pain', 'Ability to engage in physical activity'), ('Concentration', 'Ability to engage in physical activity'), ('Obesity', 'Release of adipokines'), ('Blood glucose level', 'Sodium retention'), ('Stimulants', 'Short sleep duration'), ('Obesity', 'Dysfunctional adipose tissue'), ('Medications', 'Tiredness'), ('Inflammation', 'Insulin resistance'), ('Inflammation', 'Auto-inflammatory diseases'), ('Blood fatty acid level', 'Adipose storage of fatty acids'), ('Dysfunctional adipose tissue', 'Blood pressure'), ('Dysfunctional adipose tissue', 'Dyslipidemia'), ('Obesity', 'Unhealthy weight control practices'), ('Obesity', 'Asthma-like symptoms'), ('Dyslipidemia', 'Atherosclerosis')]","[('Prevalence of walking trails', 'Quality of the sport infrastructure'), ('Medications', 'Balance'), ('Culture of eating that promotes healthy choices', 'Physical well-being'), ('Secretion of inflammatory molecules by adipose cells', 'Insulin resistance'), ('Presence of a vibrant community', 'Control'), ('Obesity', 'Weight bias'), ('Healthy eating', 'Blood mono-unsaturated fatty acid level'), ('Exercise', 'Heart rate'), ('Available time', 'Recreational physical activity'), ('Chronic conditions', 'Depression'), ('Exercise', 'Insulin resistance'), ('Weight bias', 'Socio-economic status'), ('Mental well-being', 'Physical well-being'), ('Obesity', 'Obstructive sleep apnea'), ('Eating disorders', 'Healthy eating'), ('Consumer demand for regulations', 'Marketing of healthy foods'), ('Dyslipidemia', 'Blood pressure'), ('Obesity', 'Gastro-esophageal reflux disease'), ('Perceived environmental safety', 'Mental well-being'), ('Late night TV watching', 'Short sleep duration'), ('Auto-inflammatory diseases', 'Inflammation'), ('Depression', 'Healthy eating'), ('Socio-economic status', 'Stress'), ('Exercise', 'Blood glucose level'), ('Public support and demand for healthy products', 'Marketing of healthy foods'), ('Unhealthy foods are cheaper than healthy ones', 'Supportive food environment'), ('Control', 'Mental well-being'), ('Atherosclerosis', 'Coronary heart diseases'), ('Socio-economic status', 'Physical well-being'), ('Ability to engage in physical activity', 'Physical activity'), ('Public health messaging around thinness', 'Weight bias'), ('Public support and demand for healthy products', 'Availability of healthy foods'), ('Release of adipokines', 'Atherosclerosis'), ('Consumer demand for regulations', 'Marketing of unhealthy foods'), ('Resilience', 'Mental well-being'), ('Blood mono-unsaturated fatty acid level', 'Secretion of inflammatory molecules by adipose cells'), ('Medical perspective that thin is good', 'Public health messaging around thinness'), ('Mental well-being', 'Medications'), ('Sexual difficulties', 'Mental well-being'), ('Insulin resistance', 'Fatty acids in the artery walls'), ('Insulin resistance', 'Cells intake of fatty acids'), ('Sidewalk prevalence and maintenance', 'Utilitarian physical activity '), ('Adipose storage of fatty acids', 'Inflammation'), ('Socio-economic status', 'Exercise'), ('Thoracic and abdominal obesity', 'Airway resistance'), ('Healthy eating', 'Short sleep duration'), ('Perceived environmental safety', 'Physical well-being'), ('Weight bias', 'Depression'), ('Emotional eating', 'Mental well-being'), ('Late night TV watching', 'Healthy eating'), ('Control', 'Stress'), ('Aesthetics', 'Physical well-being'), ('Economic incentives to produce unhealthy food products', 'Cost of unhealthy foods'), ('Supportive food environment', 'Healthy eating'), ('Appetite', 'Physical well-being'), ('Thoracic and abdominal obesity', 'Respiratory muscle fatigue'), ('Cardiovascular diseases', 'Fear of engaging in physical activity'), ('Socio-economic status', 'Mental well-being'), ('Unhealthy weight control practices', 'Obesity'), ('Exercise', 'Blood pressure'), ('Sodium retention', 'Blood pressure'), ('Short sleep duration', 'Pro-inflammatory cytokines'), ('Medications', 'Obesity'), ('Short sleep duration', 'Appetite'), ('Balance', 'Ability to engage in physical activity'), ('Short sleep duration', 'Cortisol'), ('Airway resistance', 'Asthma'), ('Short sleep duration', 'Blood pressure'), ('Medical perspective that thin is good', 'Cultural norms around thinness'), ('Healthy eating', 'Blood glucose level'), ('Mental well-being', 'Anticonvulsants'), ('Fatty acids in the artery walls', 'Atherosclerosis'), ('Dyslipidemia', 'Insulin resistance'), ('Blood glucose level', 'Fatty acids in the artery walls'), ('Respiratory diseases', 'Ability to engage in physical activity'), ('Blood saturated fatty acid level', 'Secretion of inflammatory molecules by adipose cells'), ('Dysfunctional adipose tissue', 'Inflammation'), ('Weight bias', 'Mental well-being'), ('Coordination', 'Ability to engage in physical activity'), ('Cultural norms around thinness', 'Cultural norms around thinness'), ('Cultural norms around thinness', 'Poor body image'), ('Obesity', 'Short sleep duration'), ('Inflammation', 'Asthma'), ('Healthy eating', 'Sodium intake'), ('Cultural norms around thinness', 'Eating disorders'), ('Poor body image', 'Sexual difficulties'), ('Fear of engaging in physical activity', 'Physical activity'), ('Short sleep duration', 'Healthy eating'), ('Coronary heart diseases', 'Dyspnea'), ('Stress', 'Inflammation'), ('Weight bias', 'Stress'), ('Unhealthy weight control practices', 'Eating disorders'), ('Tiredness', 'Ability to engage in physical activity'), ('Short sleep duration', 'Heart rate'), ('Prevalence of bike trails', 'Quality of the sport infrastructure'), ('Exercise', 'Blood fatty acid level'), ('Mental well-being', 'Emotional eating'), ('Poor body image', 'Poor body image'), ('Blood fatty acid level', 'Blood glucose level'), ('Cardiovascular diseases', 'Depression'), ('Pro-inflammatory cytokines', 'Inflammation'), ('Prevalence of green fields', 'Quality of the sport infrastructure'), ('Mental well-being', 'Antipsychotics'), ('Socio-economic status', 'Control'), ('Weight bias', 'Poor body image'), ('Positive experience of sports', 'Recreational physical activity'), ('Public support and demand for healthy products', 'Cost of healthy foods'), ('Socio-economic status', 'Availability of healthy foods'), ('Cardiovascular diseases', 'Physical well-being'), ('Respiratory muscle fatigue', 'Dyspnea'), ('Heart rate', 'Coronary heart diseases'), ('Pressure to be thin', 'Poor body image'), ('Medications', 'Coordination'), ('Beta blockers', 'Ability to engage in physical activity'), ('Antipsychotics', 'Appetite'), ('Sodium intake', 'Blood pressure'), ('Pressure to be thin', 'Unhealthy weight control practices'), ('Airway resistance', 'Asthma-like symptoms'), ('Depression', 'Stress'), ('Medications', 'Concentration'), ('Public support and demand for healthy products', 'Marketing of unhealthy foods'), ('Poor body image', 'Eating disorders'), ('Emotional eating', 'Healthy eating'), ('Obesity', 'Access to health professionals'), ('Obesity', 'Mental well-being'), ('Unhealthy foods are more available than healthy ones', 'Supportive food environment'), ('Healthy eating', 'Blood saturated fatty acid level'), ('Presence of a vibrant community', 'Resilience'), ('Cells intake of fatty acids', 'Adipose storage of fatty acids'), ('Physical activity', 'Physical well-being'), ('Appetite', 'Healthy eating'), ('Aesthetics', 'Stress'), ('Chronic conditions', 'Mental well-being'), ('Weight bias', 'Positive experience of sports'), ('Healthy eating', 'Dyslipidemia'), ('Quality of the sport infrastructure', 'Recreational physical activity'), ('Physical pain', 'Ability to engage in physical activity'), ('Prevalence of green fields', 'Aesthetics'), ('Concentration', 'Ability to engage in physical activity'), ('Aesthetics', 'Mental well-being'), ('Poor body image', 'Depression'), ('Chronic conditions', 'Physical well-being'), ('Obesity', 'Release of adipokines'), ('Blood glucose level', 'Sodium retention'), ('Restrictive covenants', 'Availability of healthy foods'), ('Musculoskeletal pain', 'Mental well-being'), ('Weight bias', 'Unhealthy weight control practices'), ('Physical activity', 'Mental well-being'), ('Access to health professionals', 'Ability to engage in physical activity'), ('Stimulants', 'Short sleep duration'), ('Culture of eating that promotes healthy choices', 'Healthy eating'), ('Culture of eating that promotes healthy choices', 'Mental well-being'), ('Weight bias', 'Exercise'), ('Obesity', 'Dysfunctional adipose tissue'), ('Medications', 'Tiredness'), ('Inflammation', 'Insulin resistance'), ('Anticonvulsants', 'Appetite'), ('Inflammation', 'Auto-inflammatory diseases'), ('Accessibility to shops', 'Utilitarian physical activity '), ('Blood fatty acid level', 'Adipose storage of fatty acids'), ('Perceived environmental safety', 'Physical activity'), ('Short sleep duration', 'Physical well-being'), ('Cultural norms around thinness', 'Pressure to be thin'), ('Weight bias', 'Access to health professionals'), ('Public health messaging around thinness', 'Pressure to be thin'), ('Dysfunctional adipose tissue', 'Blood pressure'), ('Dysfunctional adipose tissue', 'Dyslipidemia'), ('Aesthetics', 'Utilitarian physical activity '), ('Obesity', 'Unhealthy weight control practices'), ('Obesity', 'Asthma-like symptoms'), ('Marketing ratio of unhealthy to healthy foods', 'Supportive food environment'), ('Dyslipidemia', 'Atherosclerosis'), ('Physical well-being', 'Mental well-being'), ('Public support and demand for healthy products', 'Cost of unhealthy foods'), ('Musculoskeletal pain', 'Physical well-being'), ('Coronary heart diseases', 'Exercise')]"
4,"[('Weight bias', 'Dysfunctional adipose tissue'), ('Depression', 'Inflammation'), ('Stress', 'Cortisol'), ('Physical well-being', 'Ability to engage in physical activity'), ('Cultural norms around thinness', 'Unhealthy weight control practices'), ('Pressure to be thin', 'Obesity'), ('Mental well-being', 'Concentration')]",-1,1,-1,-1,-1,"[('Culture of eating that promotes healthy choices', 'Physical well-being'), ('Weight bias', 'Socio-economic status'), ('Mental well-being', 'Physical well-being'), ('Socio-economic status', 'Stress'), ('Control', 'Mental well-being'), ('Socio-economic status', 'Physical well-being'), ('Public health messaging around thinness', 'Weight bias'), ('Resilience', 'Mental well-being'), ('Medical perspective that thin is good', 'Public health messaging around thinness'), ('Weight bias', 'Depression'), ('Control', 'Stress'), ('Socio-economic status', 'Mental well-being'), ('Medical perspective that thin is good', 'Cultural norms around thinness'), ('Weight bias', 'Mental well-being'), ('Cultural norms around thinness', 'Cultural norms around thinness'), ('Cultural norms around thinness', 'Poor body image'), ('Weight bias', 'Stress'), ('Poor body image', 'Poor body image'), ('Socio-economic status', 'Control'), ('Weight bias', 'Poor body image'), ('Pressure to be thin', 'Poor body image'), ('Depression', 'Stress'), ('Poor body image', 'Depression'), ('Culture of eating that promotes healthy choices', 'Mental well-being'), ('Cultural norms around thinness', 'Pressure to be thin'), ('Public health messaging around thinness', 'Pressure to be thin'), ('Physical well-being', 'Mental well-being')]","[('Medications', 'Balance'), ('Secretion of inflammatory molecules by adipose cells', 'Insulin resistance'), ('Obesity', 'Obstructive sleep apnea'), ('Dyslipidemia', 'Blood pressure'), ('Obesity', 'Gastro-esophageal reflux disease'), ('Auto-inflammatory diseases', 'Inflammation'), ('Atherosclerosis', 'Coronary heart diseases'), ('Release of adipokines', 'Atherosclerosis'), ('Blood mono-unsaturated fatty acid level', 'Secretion of inflammatory molecules by adipose cells'), ('Insulin resistance', 'Fatty acids in the artery walls'), ('Insulin resistance', 'Cells intake of fatty acids'), ('Adipose storage of fatty acids', 'Inflammation'), ('Thoracic and abdominal obesity', 'Airway resistance'), ('Thoracic and abdominal obesity', 'Respiratory muscle fatigue'), ('Unhealthy weight control practices', 'Obesity'), ('Sodium retention', 'Blood pressure'), ('Short sleep duration', 'Pro-inflammatory cytokines'), ('Medications', 'Obesity'), ('Balance', 'Ability to engage in physical activity'), ('Short sleep duration', 'Cortisol'), ('Airway resistance', 'Asthma'), ('Short sleep duration', 'Blood pressure'), ('Fatty acids in the artery walls', 'Atherosclerosis'), ('Dyslipidemia', 'Insulin resistance'), ('Blood glucose level', 'Fatty acids in the artery walls'), ('Respiratory diseases', 'Ability to engage in physical activity'), ('Blood saturated fatty acid level', 'Secretion of inflammatory molecules by adipose cells'), ('Dysfunctional adipose tissue', 'Inflammation'), ('Coordination', 'Ability to engage in physical activity'), ('Obesity', 'Short sleep duration'), ('Inflammation', 'Asthma'), ('Coronary heart diseases', 'Dyspnea'), ('Tiredness', 'Ability to engage in physical activity'), ('Short sleep duration', 'Heart rate'), ('Blood fatty acid level', 'Blood glucose level'), ('Pro-inflammatory cytokines', 'Inflammation'), ('Respiratory muscle fatigue', 'Dyspnea'), ('Heart rate', 'Coronary heart diseases'), ('Medications', 'Coordination'), ('Beta blockers', 'Ability to engage in physical activity'), ('Sodium intake', 'Blood pressure'), ('Airway resistance', 'Asthma-like symptoms'), ('Medications', 'Concentration'), ('Cells intake of fatty acids', 'Adipose storage of fatty acids'), ('Physical pain', 'Ability to engage in physical activity'), ('Concentration', 'Ability to engage in physical activity'), ('Obesity', 'Release of adipokines'), ('Blood glucose level', 'Sodium retention'), ('Stimulants', 'Short sleep duration'), ('Obesity', 'Dysfunctional adipose tissue'), ('Medications', 'Tiredness'), ('Inflammation', 'Insulin resistance'), ('Inflammation', 'Auto-inflammatory diseases'), ('Blood fatty acid level', 'Adipose storage of fatty acids'), ('Dysfunctional adipose tissue', 'Blood pressure'), ('Dysfunctional adipose tissue', 'Dyslipidemia'), ('Obesity', 'Unhealthy weight control practices'), ('Obesity', 'Asthma-like symptoms'), ('Dyslipidemia', 'Atherosclerosis')]","[('Prevalence of walking trails', 'Quality of the sport infrastructure'), ('Medications', 'Balance'), ('Culture of eating that promotes healthy choices', 'Physical well-being'), ('Secretion of inflammatory molecules by adipose cells', 'Insulin resistance'), ('Presence of a vibrant community', 'Control'), ('Obesity', 'Weight bias'), ('Healthy eating', 'Blood mono-unsaturated fatty acid level'), ('Exercise', 'Heart rate'), ('Available time', 'Recreational physical activity'), ('Chronic conditions', 'Depression'), ('Exercise', 'Insulin resistance'), ('Weight bias', 'Socio-economic status'), ('Mental well-being', 'Physical well-being'), ('Obesity', 'Obstructive sleep apnea'), ('Eating disorders', 'Healthy eating'), ('Consumer demand for regulations', 'Marketing of healthy foods'), ('Dyslipidemia', 'Blood pressure'), ('Obesity', 'Gastro-esophageal reflux disease'), ('Perceived environmental safety', 'Mental well-being'), ('Late night TV watching', 'Short sleep duration'), ('Auto-inflammatory diseases', 'Inflammation'), ('Depression', 'Healthy eating'), ('Socio-economic status', 'Stress'), ('Exercise', 'Blood glucose level'), ('Public support and demand for healthy products', 'Marketing of healthy foods'), ('Unhealthy foods are cheaper than healthy ones', 'Supportive food environment'), ('Control', 'Mental well-being'), ('Atherosclerosis', 'Coronary heart diseases'), ('Socio-economic status', 'Physical well-being'), ('Ability to engage in physical activity', 'Physical activity'), ('Public health messaging around thinness', 'Weight bias'), ('Public support and demand for healthy products', 'Availability of healthy foods'), ('Release of adipokines', 'Atherosclerosis'), ('Consumer demand for regulations', 'Marketing of unhealthy foods'), ('Resilience', 'Mental well-being'), ('Blood mono-unsaturated fatty acid level', 'Secretion of inflammatory molecules by adipose cells'), ('Medical perspective that thin is good', 'Public health messaging around thinness'), ('Mental well-being', 'Medications'), ('Sexual difficulties', 'Mental well-being'), ('Insulin resistance', 'Fatty acids in the artery walls'), ('Insulin resistance', 'Cells intake of fatty acids'), ('Sidewalk prevalence and maintenance', 'Utilitarian physical activity '), ('Adipose storage of fatty acids', 'Inflammation'), ('Socio-economic status', 'Exercise'), ('Thoracic and abdominal obesity', 'Airway resistance'), ('Healthy eating', 'Short sleep duration'), ('Perceived environmental safety', 'Physical well-being'), ('Weight bias', 'Depression'), ('Emotional eating', 'Mental well-being'), ('Late night TV watching', 'Healthy eating'), ('Control', 'Stress'), ('Aesthetics', 'Physical well-being'), ('Economic incentives to produce unhealthy food products', 'Cost of unhealthy foods'), ('Supportive food environment', 'Healthy eating'), ('Appetite', 'Physical well-being'), ('Thoracic and abdominal obesity', 'Respiratory muscle fatigue'), ('Cardiovascular diseases', 'Fear of engaging in physical activity'), ('Socio-economic status', 'Mental well-being'), ('Unhealthy weight control practices', 'Obesity'), ('Exercise', 'Blood pressure'), ('Sodium retention', 'Blood pressure'), ('Short sleep duration', 'Pro-inflammatory cytokines'), ('Medications', 'Obesity'), ('Short sleep duration', 'Appetite'), ('Balance', 'Ability to engage in physical activity'), ('Short sleep duration', 'Cortisol'), ('Airway resistance', 'Asthma'), ('Short sleep duration', 'Blood pressure'), ('Medical perspective that thin is good', 'Cultural norms around thinness'), ('Healthy eating', 'Blood glucose level'), ('Mental well-being', 'Anticonvulsants'), ('Fatty acids in the artery walls', 'Atherosclerosis'), ('Dyslipidemia', 'Insulin resistance'), ('Blood glucose level', 'Fatty acids in the artery walls'), ('Respiratory diseases', 'Ability to engage in physical activity'), ('Blood saturated fatty acid level', 'Secretion of inflammatory molecules by adipose cells'), ('Dysfunctional adipose tissue', 'Inflammation'), ('Weight bias', 'Mental well-being'), ('Coordination', 'Ability to engage in physical activity'), ('Cultural norms around thinness', 'Cultural norms around thinness'), ('Cultural norms around thinness', 'Poor body image'), ('Obesity', 'Short sleep duration'), ('Inflammation', 'Asthma'), ('Healthy eating', 'Sodium intake'), ('Cultural norms around thinness', 'Eating disorders'), ('Poor body image', 'Sexual difficulties'), ('Fear of engaging in physical activity', 'Physical activity'), ('Short sleep duration', 'Healthy eating'), ('Coronary heart diseases', 'Dyspnea'), ('Stress', 'Inflammation'), ('Weight bias', 'Stress'), ('Unhealthy weight control practices', 'Eating disorders'), ('Tiredness', 'Ability to engage in physical activity'), ('Short sleep duration', 'Heart rate'), ('Prevalence of bike trails', 'Quality of the sport infrastructure'), ('Exercise', 'Blood fatty acid level'), ('Mental well-being', 'Emotional eating'), ('Poor body image', 'Poor body image'), ('Blood fatty acid level', 'Blood glucose level'), ('Cardiovascular diseases', 'Depression'), ('Pro-inflammatory cytokines', 'Inflammation'), ('Prevalence of green fields', 'Quality of the sport infrastructure'), ('Mental well-being', 'Antipsychotics'), ('Socio-economic status', 'Control'), ('Weight bias', 'Poor body image'), ('Positive experience of sports', 'Recreational physical activity'), ('Public support and demand for healthy products', 'Cost of healthy foods'), ('Socio-economic status', 'Availability of healthy foods'), ('Cardiovascular diseases', 'Physical well-being'), ('Respiratory muscle fatigue', 'Dyspnea'), ('Heart rate', 'Coronary heart diseases'), ('Pressure to be thin', 'Poor body image'), ('Medications', 'Coordination'), ('Beta blockers', 'Ability to engage in physical activity'), ('Antipsychotics', 'Appetite'), ('Sodium intake', 'Blood pressure'), ('Pressure to be thin', 'Unhealthy weight control practices'), ('Airway resistance', 'Asthma-like symptoms'), ('Depression', 'Stress'), ('Medications', 'Concentration'), ('Public support and demand for healthy products', 'Marketing of unhealthy foods'), ('Poor body image', 'Eating disorders'), ('Emotional eating', 'Healthy eating'), ('Obesity', 'Access to health professionals'), ('Obesity', 'Mental well-being'), ('Unhealthy foods are more available than healthy ones', 'Supportive food environment'), ('Healthy eating', 'Blood saturated fatty acid level'), ('Presence of a vibrant community', 'Resilience'), ('Cells intake of fatty acids', 'Adipose storage of fatty acids'), ('Physical activity', 'Physical well-being'), ('Appetite', 'Healthy eating'), ('Aesthetics', 'Stress'), ('Chronic conditions', 'Mental well-being'), ('Weight bias', 'Positive experience of sports'), ('Healthy eating', 'Dyslipidemia'), ('Quality of the sport infrastructure', 'Recreational physical activity'), ('Physical pain', 'Ability to engage in physical activity'), ('Prevalence of green fields', 'Aesthetics'), ('Concentration', 'Ability to engage in physical activity'), ('Aesthetics', 'Mental well-being'), ('Poor body image', 'Depression'), ('Chronic conditions', 'Physical well-being'), ('Obesity', 'Release of adipokines'), ('Blood glucose level', 'Sodium retention'), ('Restrictive covenants', 'Availability of healthy foods'), ('Musculoskeletal pain', 'Mental well-being'), ('Weight bias', 'Unhealthy weight control practices'), ('Physical activity', 'Mental well-being'), ('Access to health professionals', 'Ability to engage in physical activity'), ('Stimulants', 'Short sleep duration'), ('Culture of eating that promotes healthy choices', 'Healthy eating'), ('Culture of eating that promotes healthy choices', 'Mental well-being'), ('Weight bias', 'Exercise'), ('Obesity', 'Dysfunctional adipose tissue'), ('Medications', 'Tiredness'), ('Inflammation', 'Insulin resistance'), ('Anticonvulsants', 'Appetite'), ('Inflammation', 'Auto-inflammatory diseases'), ('Accessibility to shops', 'Utilitarian physical activity '), ('Blood fatty acid level', 'Adipose storage of fatty acids'), ('Perceived environmental safety', 'Physical activity'), ('Short sleep duration', 'Physical well-being'), ('Cultural norms around thinness', 'Pressure to be thin'), ('Weight bias', 'Access to health professionals'), ('Public health messaging around thinness', 'Pressure to be thin'), ('Dysfunctional adipose tissue', 'Blood pressure'), ('Dysfunctional adipose tissue', 'Dyslipidemia'), ('Aesthetics', 'Utilitarian physical activity '), ('Obesity', 'Unhealthy weight control practices'), ('Obesity', 'Asthma-like symptoms'), ('Marketing ratio of unhealthy to healthy foods', 'Supportive food environment'), ('Dyslipidemia', 'Atherosclerosis'), ('Physical well-being', 'Mental well-being'), ('Public support and demand for healthy products', 'Cost of unhealthy foods'), ('Musculoskeletal pain', 'Physical well-being'), ('Coronary heart diseases', 'Exercise')]"
0,"[('Medical perspective that thin is good', 'Unhealthy weight control practices'), ('Weight bias', 'Blood pressure'), ('Physical well-being', 'Ability to engage in physical activity'), ('Stress', 'Cortisol'), ('Mental well-being', 'Concentration'), ('Culture of eating that promotes healthy choices', 'Blood glucose level'), ('Depression', 'Inflammation'), ('Socio-economic status', 'Sodium intake')]",-1,1,1,1,1,"[('Culture of eating that promotes healthy choices', 'Physical well-being'), ('Weight bias', 'Socio-economic status'), ('Mental well-being', 'Physical well-being'), ('Socio-economic status', 'Stress'), ('Control', 'Mental well-being'), ('Socio-economic status', 'Physical well-being'), ('Public health messaging around thinness', 'Weight bias'), ('Resilience', 'Mental well-being'), ('Medical perspective that thin is good', 'Public health messaging around thinness'), ('Weight bias', 'Depression'), ('Control', 'Stress'), ('Socio-economic status', 'Mental well-being'), ('Medical perspective that thin is good', 'Cultural norms around thinness'), ('Weight bias', 'Mental well-being'), ('Cultural norms around thinness', 'Cultural norms around thinness'), ('Cultural norms around thinness', 'Poor body image'), ('Weight bias', 'Stress'), ('Poor body image', 'Poor body image'), ('Socio-economic status', 'Control'), ('Weight bias', 'Poor body image'), ('Pressure to be thin', 'Poor body image'), ('Depression', 'Stress'), ('Poor body image', 'Depression'), ('Culture of eating that promotes healthy choices', 'Mental well-being'), ('Cultural norms around thinness', 'Pressure to be thin'), ('Public health messaging around thinness', 'Pressure to be thin'), ('Physical well-being', 'Mental well-being')]","[('Medications', 'Balance'), ('Secretion of inflammatory molecules by adipose cells', 'Insulin resistance'), ('Obesity', 'Obstructive sleep apnea'), ('Dyslipidemia', 'Blood pressure'), ('Obesity', 'Gastro-esophageal reflux disease'), ('Auto-inflammatory diseases', 'Inflammation'), ('Atherosclerosis', 'Coronary heart diseases'), ('Release of adipokines', 'Atherosclerosis'), ('Blood mono-unsaturated fatty acid level', 'Secretion of inflammatory molecules by adipose cells'), ('Insulin resistance', 'Fatty acids in the artery walls'), ('Insulin resistance', 'Cells intake of fatty acids'), ('Adipose storage of fatty acids', 'Inflammation'), ('Thoracic and abdominal obesity', 'Airway resistance'), ('Thoracic and abdominal obesity', 'Respiratory muscle fatigue'), ('Unhealthy weight control practices', 'Obesity'), ('Sodium retention', 'Blood pressure'), ('Short sleep duration', 'Pro-inflammatory cytokines'), ('Medications', 'Obesity'), ('Balance', 'Ability to engage in physical activity'), ('Short sleep duration', 'Cortisol'), ('Airway resistance', 'Asthma'), ('Short sleep duration', 'Blood pressure'), ('Fatty acids in the artery walls', 'Atherosclerosis'), ('Dyslipidemia', 'Insulin resistance'), ('Blood glucose level', 'Fatty acids in the artery walls'), ('Respiratory diseases', 'Ability to engage in physical activity'), ('Blood saturated fatty acid level', 'Secretion of inflammatory molecules by adipose cells'), ('Dysfunctional adipose tissue', 'Inflammation'), ('Coordination', 'Ability to engage in physical activity'), ('Obesity', 'Short sleep duration'), ('Inflammation', 'Asthma'), ('Coronary heart diseases', 'Dyspnea'), ('Tiredness', 'Ability to engage in physical activity'), ('Short sleep duration', 'Heart rate'), ('Blood fatty acid level', 'Blood glucose level'), ('Pro-inflammatory cytokines', 'Inflammation'), ('Respiratory muscle fatigue', 'Dyspnea'), ('Heart rate', 'Coronary heart diseases'), ('Medications', 'Coordination'), ('Beta blockers', 'Ability to engage in physical activity'), ('Sodium intake', 'Blood pressure'), ('Airway resistance', 'Asthma-like symptoms'), ('Medications', 'Concentration'), ('Cells intake of fatty acids', 'Adipose storage of fatty acids'), ('Physical pain', 'Ability to engage in physical activity'), ('Concentration', 'Ability to engage in physical activity'), ('Obesity', 'Release of adipokines'), ('Blood glucose level', 'Sodium retention'), ('Stimulants', 'Short sleep duration'), ('Obesity', 'Dysfunctional adipose tissue'), ('Medications', 'Tiredness'), ('Inflammation', 'Insulin resistance'), ('Inflammation', 'Auto-inflammatory diseases'), ('Blood fatty acid level', 'Adipose storage of fatty acids'), ('Dysfunctional adipose tissue', 'Blood pressure'), ('Dysfunctional adipose tissue', 'Dyslipidemia'), ('Obesity', 'Unhealthy weight control practices'), ('Obesity', 'Asthma-like symptoms'), ('Dyslipidemia', 'Atherosclerosis')]","[('Prevalence of walking trails', 'Quality of the sport infrastructure'), ('Medications', 'Balance'), ('Culture of eating that promotes healthy choices', 'Physical well-being'), ('Secretion of inflammatory molecules by adipose cells', 'Insulin resistance'), ('Presence of a vibrant community', 'Control'), ('Obesity', 'Weight bias'), ('Healthy eating', 'Blood mono-unsaturated fatty acid level'), ('Exercise', 'Heart rate'), ('Available time', 'Recreational physical activity'), ('Chronic conditions', 'Depression'), ('Exercise', 'Insulin resistance'), ('Weight bias', 'Socio-economic status'), ('Mental well-being', 'Physical well-being'), ('Obesity', 'Obstructive sleep apnea'), ('Eating disorders', 'Healthy eating'), ('Consumer demand for regulations', 'Marketing of healthy foods'), ('Dyslipidemia', 'Blood pressure'), ('Obesity', 'Gastro-esophageal reflux disease'), ('Perceived environmental safety', 'Mental well-being'), ('Late night TV watching', 'Short sleep duration'), ('Auto-inflammatory diseases', 'Inflammation'), ('Depression', 'Healthy eating'), ('Socio-economic status', 'Stress'), ('Exercise', 'Blood glucose level'), ('Public support and demand for healthy products', 'Marketing of healthy foods'), ('Unhealthy foods are cheaper than healthy ones', 'Supportive food environment'), ('Control', 'Mental well-being'), ('Atherosclerosis', 'Coronary heart diseases'), ('Socio-economic status', 'Physical well-being'), ('Ability to engage in physical activity', 'Physical activity'), ('Public health messaging around thinness', 'Weight bias'), ('Public support and demand for healthy products', 'Availability of healthy foods'), ('Release of adipokines', 'Atherosclerosis'), ('Consumer demand for regulations', 'Marketing of unhealthy foods'), ('Resilience', 'Mental well-being'), ('Blood mono-unsaturated fatty acid level', 'Secretion of inflammatory molecules by adipose cells'), ('Medical perspective that thin is good', 'Public health messaging around thinness'), ('Mental well-being', 'Medications'), ('Sexual difficulties', 'Mental well-being'), ('Insulin resistance', 'Fatty acids in the artery walls'), ('Insulin resistance', 'Cells intake of fatty acids'), ('Sidewalk prevalence and maintenance', 'Utilitarian physical activity '), ('Adipose storage of fatty acids', 'Inflammation'), ('Socio-economic status', 'Exercise'), ('Thoracic and abdominal obesity', 'Airway resistance'), ('Healthy eating', 'Short sleep duration'), ('Perceived environmental safety', 'Physical well-being'), ('Weight bias', 'Depression'), ('Emotional eating', 'Mental well-being'), ('Late night TV watching', 'Healthy eating'), ('Control', 'Stress'), ('Aesthetics', 'Physical well-being'), ('Economic incentives to produce unhealthy food products', 'Cost of unhealthy foods'), ('Supportive food environment', 'Healthy eating'), ('Appetite', 'Physical well-being'), ('Thoracic and abdominal obesity', 'Respiratory muscle fatigue'), ('Cardiovascular diseases', 'Fear of engaging in physical activity'), ('Socio-economic status', 'Mental well-being'), ('Unhealthy weight control practices', 'Obesity'), ('Exercise', 'Blood pressure'), ('Sodium retention', 'Blood pressure'), ('Short sleep duration', 'Pro-inflammatory cytokines'), ('Medications', 'Obesity'), ('Short sleep duration', 'Appetite'), ('Balance', 'Ability to engage in physical activity'), ('Short sleep duration', 'Cortisol'), ('Airway resistance', 'Asthma'), ('Short sleep duration', 'Blood pressure'), ('Medical perspective that thin is good', 'Cultural norms around thinness'), ('Healthy eating', 'Blood glucose level'), ('Mental well-being', 'Anticonvulsants'), ('Fatty acids in the artery walls', 'Atherosclerosis'), ('Dyslipidemia', 'Insulin resistance'), ('Blood glucose level', 'Fatty acids in the artery walls'), ('Respiratory diseases', 'Ability to engage in physical activity'), ('Blood saturated fatty acid level', 'Secretion of inflammatory molecules by adipose cells'), ('Dysfunctional adipose tissue', 'Inflammation'), ('Weight bias', 'Mental well-being'), ('Coordination', 'Ability to engage in physical activity'), ('Cultural norms around thinness', 'Cultural norms around thinness'), ('Cultural norms around thinness', 'Poor body image'), ('Obesity', 'Short sleep duration'), ('Inflammation', 'Asthma'), ('Healthy eating', 'Sodium intake'), ('Cultural norms around thinness', 'Eating disorders'), ('Poor body image', 'Sexual difficulties'), ('Fear of engaging in physical activity', 'Physical activity'), ('Short sleep duration', 'Healthy eating'), ('Coronary heart diseases', 'Dyspnea'), ('Stress', 'Inflammation'), ('Weight bias', 'Stress'), ('Unhealthy weight control practices', 'Eating disorders'), ('Tiredness', 'Ability to engage in physical activity'), ('Short sleep duration', 'Heart rate'), ('Prevalence of bike trails', 'Quality of the sport infrastructure'), ('Exercise', 'Blood fatty acid level'), ('Mental well-being', 'Emotional eating'), ('Poor body image', 'Poor body image'), ('Blood fatty acid level', 'Blood glucose level'), ('Cardiovascular diseases', 'Depression'), ('Pro-inflammatory cytokines', 'Inflammation'), ('Prevalence of green fields', 'Quality of the sport infrastructure'), ('Mental well-being', 'Antipsychotics'), ('Socio-economic status', 'Control'), ('Weight bias', 'Poor body image'), ('Positive experience of sports', 'Recreational physical activity'), ('Public support and demand for healthy products', 'Cost of healthy foods'), ('Socio-economic status', 'Availability of healthy foods'), ('Cardiovascular diseases', 'Physical well-being'), ('Respiratory muscle fatigue', 'Dyspnea'), ('Heart rate', 'Coronary heart diseases'), ('Pressure to be thin', 'Poor body image'), ('Medications', 'Coordination'), ('Beta blockers', 'Ability to engage in physical activity'), ('Antipsychotics', 'Appetite'), ('Sodium intake', 'Blood pressure'), ('Pressure to be thin', 'Unhealthy weight control practices'), ('Airway resistance', 'Asthma-like symptoms'), ('Depression', 'Stress'), ('Medications', 'Concentration'), ('Public support and demand for healthy products', 'Marketing of unhealthy foods'), ('Poor body image', 'Eating disorders'), ('Emotional eating', 'Healthy eating'), ('Obesity', 'Access to health professionals'), ('Obesity', 'Mental well-being'), ('Unhealthy foods are more available than healthy ones', 'Supportive food environment'), ('Healthy eating', 'Blood saturated fatty acid level'), ('Presence of a vibrant community', 'Resilience'), ('Cells intake of fatty acids', 'Adipose storage of fatty acids'), ('Physical activity', 'Physical well-being'), ('Appetite', 'Healthy eating'), ('Aesthetics', 'Stress'), ('Chronic conditions', 'Mental well-being'), ('Weight bias', 'Positive experience of sports'), ('Healthy eating', 'Dyslipidemia'), ('Quality of the sport infrastructure', 'Recreational physical activity'), ('Physical pain', 'Ability to engage in physical activity'), ('Prevalence of green fields', 'Aesthetics'), ('Concentration', 'Ability to engage in physical activity'), ('Aesthetics', 'Mental well-being'), ('Poor body image', 'Depression'), ('Chronic conditions', 'Physical well-being'), ('Obesity', 'Release of adipokines'), ('Blood glucose level', 'Sodium retention'), ('Restrictive covenants', 'Availability of healthy foods'), ('Musculoskeletal pain', 'Mental well-being'), ('Weight bias', 'Unhealthy weight control practices'), ('Physical activity', 'Mental well-being'), ('Access to health professionals', 'Ability to engage in physical activity'), ('Stimulants', 'Short sleep duration'), ('Culture of eating that promotes healthy choices', 'Healthy eating'), ('Culture of eating that promotes healthy choices', 'Mental well-being'), ('Weight bias', 'Exercise'), ('Obesity', 'Dysfunctional adipose tissue'), ('Medications', 'Tiredness'), ('Inflammation', 'Insulin resistance'), ('Anticonvulsants', 'Appetite'), ('Inflammation', 'Auto-inflammatory diseases'), ('Accessibility to shops', 'Utilitarian physical activity '), ('Blood fatty acid level', 'Adipose storage of fatty acids'), ('Perceived environmental safety', 'Physical activity'), ('Short sleep duration', 'Physical well-being'), ('Cultural norms around thinness', 'Pressure to be thin'), ('Weight bias', 'Access to health professionals'), ('Public health messaging around thinness', 'Pressure to be thin'), ('Dysfunctional adipose tissue', 'Blood pressure'), ('Dysfunctional adipose tissue', 'Dyslipidemia'), ('Aesthetics', 'Utilitarian physical activity '), ('Obesity', 'Unhealthy weight control practices'), ('Obesity', 'Asthma-like symptoms'), ('Marketing ratio of unhealthy to healthy foods', 'Supportive food environment'), ('Dyslipidemia', 'Atherosclerosis'), ('Physical well-being', 'Mental well-being'), ('Public support and demand for healthy products', 'Cost of unhealthy foods'), ('Musculoskeletal pain', 'Physical well-being'), ('Coronary heart diseases', 'Exercise')]"
1,"[('Medical perspective that thin is good', 'Unhealthy weight control practices'), ('Weight bias', 'Blood pressure'), ('Physical well-being', 'Ability to engage in physical activity'), ('Stress', 'Cortisol'), ('Mental well-being', 'Concentration'), ('Culture of eating that promotes healthy choices', 'Blood glucose level'), ('Depression', 'Inflammation'), ('Socio-economic status', 'Sodium intake')]",-1,1,1,1,1,"[('Culture of eating that promotes healthy choices', 'Physical well-being'), ('Weight bias', 'Socio-economic status'), ('Mental well-being', 'Physical well-being'), ('Socio-economic status', 'Stress'), ('Control', 'Mental well-being'), ('Socio-economic status', 'Physical well-being'), ('Public health messaging around thinness', 'Weight bias'), ('Resilience', 'Mental well-being'), ('Medical perspective that thin is good', 'Public health messaging around thinness'), ('Weight bias', 'Depression'), ('Control', 'Stress'), ('Socio-economic status', 'Mental well-being'), ('Medical perspective that thin is good', 'Cultural norms around thinness'), ('Weight bias', 'Mental well-being'), ('Cultural norms around thinness', 'Cultural norms around thinness'), ('Cultural norms around thinness', 'Poor body image'), ('Weight bias', 'Stress'), ('Poor body image', 'Poor body image'), ('Socio-economic status', 'Control'), ('Weight bias', 'Poor body image'), ('Pressure to be thin', 'Poor body image'), ('Depression', 'Stress'), ('Poor body image', 'Depression'), ('Culture of eating that promotes healthy choices', 'Mental well-being'), ('Cultural norms around thinness', 'Pressure to be thin'), ('Public health messaging around thinness', 'Pressure to be thin'), ('Physical well-being', 'Mental well-being')]","[('Medications', 'Balance'), ('Secretion of inflammatory molecules by adipose cells', 'Insulin resistance'), ('Obesity', 'Obstructive sleep apnea'), ('Dyslipidemia', 'Blood pressure'), ('Obesity', 'Gastro-esophageal reflux disease'), ('Auto-inflammatory diseases', 'Inflammation'), ('Atherosclerosis', 'Coronary heart diseases'), ('Release of adipokines', 'Atherosclerosis'), ('Blood mono-unsaturated fatty acid level', 'Secretion of inflammatory molecules by adipose cells'), ('Insulin resistance', 'Fatty acids in the artery walls'), ('Insulin resistance', 'Cells intake of fatty acids'), ('Adipose storage of fatty acids', 'Inflammation'), ('Thoracic and abdominal obesity', 'Airway resistance'), ('Thoracic and abdominal obesity', 'Respiratory muscle fatigue'), ('Unhealthy weight control practices', 'Obesity'), ('Sodium retention', 'Blood pressure'), ('Short sleep duration', 'Pro-inflammatory cytokines'), ('Medications', 'Obesity'), ('Balance', 'Ability to engage in physical activity'), ('Short sleep duration', 'Cortisol'), ('Airway resistance', 'Asthma'), ('Short sleep duration', 'Blood pressure'), ('Fatty acids in the artery walls', 'Atherosclerosis'), ('Dyslipidemia', 'Insulin resistance'), ('Blood glucose level', 'Fatty acids in the artery walls'), ('Respiratory diseases', 'Ability to engage in physical activity'), ('Blood saturated fatty acid level', 'Secretion of inflammatory molecules by adipose cells'), ('Dysfunctional adipose tissue', 'Inflammation'), ('Coordination', 'Ability to engage in physical activity'), ('Obesity', 'Short sleep duration'), ('Inflammation', 'Asthma'), ('Coronary heart diseases', 'Dyspnea'), ('Tiredness', 'Ability to engage in physical activity'), ('Short sleep duration', 'Heart rate'), ('Blood fatty acid level', 'Blood glucose level'), ('Pro-inflammatory cytokines', 'Inflammation'), ('Respiratory muscle fatigue', 'Dyspnea'), ('Heart rate', 'Coronary heart diseases'), ('Medications', 'Coordination'), ('Beta blockers', 'Ability to engage in physical activity'), ('Sodium intake', 'Blood pressure'), ('Airway resistance', 'Asthma-like symptoms'), ('Medications', 'Concentration'), ('Cells intake of fatty acids', 'Adipose storage of fatty acids'), ('Physical pain', 'Ability to engage in physical activity'), ('Concentration', 'Ability to engage in physical activity'), ('Obesity', 'Release of adipokines'), ('Blood glucose level', 'Sodium retention'), ('Stimulants', 'Short sleep duration'), ('Obesity', 'Dysfunctional adipose tissue'), ('Medications', 'Tiredness'), ('Inflammation', 'Insulin resistance'), ('Inflammation', 'Auto-inflammatory diseases'), ('Blood fatty acid level', 'Adipose storage of fatty acids'), ('Dysfunctional adipose tissue', 'Blood pressure'), ('Dysfunctional adipose tissue', 'Dyslipidemia'), ('Obesity', 'Unhealthy weight control practices'), ('Obesity', 'Asthma-like symptoms'), ('Dyslipidemia', 'Atherosclerosis')]","[('Prevalence of walking trails', 'Quality of the sport infrastructure'), ('Medications', 'Balance'), ('Culture of eating that promotes healthy choices', 'Physical well-being'), ('Secretion of inflammatory molecules by adipose cells', 'Insulin resistance'), ('Presence of a vibrant community', 'Control'), ('Obesity', 'Weight bias'), ('Healthy eating', 'Blood mono-unsaturated fatty acid level'), ('Exercise', 'Heart rate'), ('Available time', 'Recreational physical activity'), ('Chronic conditions', 'Depression'), ('Exercise', 'Insulin resistance'), ('Weight bias', 'Socio-economic status'), ('Mental well-being', 'Physical well-being'), ('Obesity', 'Obstructive sleep apnea'), ('Eating disorders', 'Healthy eating'), ('Consumer demand for regulations', 'Marketing of healthy foods'), ('Dyslipidemia', 'Blood pressure'), ('Obesity', 'Gastro-esophageal reflux disease'), ('Perceived environmental safety', 'Mental well-being'), ('Late night TV watching', 'Short sleep duration'), ('Auto-inflammatory diseases', 'Inflammation'), ('Depression', 'Healthy eating'), ('Socio-economic status', 'Stress'), ('Exercise', 'Blood glucose level'), ('Public support and demand for healthy products', 'Marketing of healthy foods'), ('Unhealthy foods are cheaper than healthy ones', 'Supportive food environment'), ('Control', 'Mental well-being'), ('Atherosclerosis', 'Coronary heart diseases'), ('Socio-economic status', 'Physical well-being'), ('Ability to engage in physical activity', 'Physical activity'), ('Public health messaging around thinness', 'Weight bias'), ('Public support and demand for healthy products', 'Availability of healthy foods'), ('Release of adipokines', 'Atherosclerosis'), ('Consumer demand for regulations', 'Marketing of unhealthy foods'), ('Resilience', 'Mental well-being'), ('Blood mono-unsaturated fatty acid level', 'Secretion of inflammatory molecules by adipose cells'), ('Medical perspective that thin is good', 'Public health messaging around thinness'), ('Mental well-being', 'Medications'), ('Sexual difficulties', 'Mental well-being'), ('Insulin resistance', 'Fatty acids in the artery walls'), ('Insulin resistance', 'Cells intake of fatty acids'), ('Sidewalk prevalence and maintenance', 'Utilitarian physical activity '), ('Adipose storage of fatty acids', 'Inflammation'), ('Socio-economic status', 'Exercise'), ('Thoracic and abdominal obesity', 'Airway resistance'), ('Healthy eating', 'Short sleep duration'), ('Perceived environmental safety', 'Physical well-being'), ('Weight bias', 'Depression'), ('Emotional eating', 'Mental well-being'), ('Late night TV watching', 'Healthy eating'), ('Control', 'Stress'), ('Aesthetics', 'Physical well-being'), ('Economic incentives to produce unhealthy food products', 'Cost of unhealthy foods'), ('Supportive food environment', 'Healthy eating'), ('Appetite', 'Physical well-being'), ('Thoracic and abdominal obesity', 'Respiratory muscle fatigue'), ('Cardiovascular diseases', 'Fear of engaging in physical activity'), ('Socio-economic status', 'Mental well-being'), ('Unhealthy weight control practices', 'Obesity'), ('Exercise', 'Blood pressure'), ('Sodium retention', 'Blood pressure'), ('Short sleep duration', 'Pro-inflammatory cytokines'), ('Medications', 'Obesity'), ('Short sleep duration', 'Appetite'), ('Balance', 'Ability to engage in physical activity'), ('Short sleep duration', 'Cortisol'), ('Airway resistance', 'Asthma'), ('Short sleep duration', 'Blood pressure'), ('Medical perspective that thin is good', 'Cultural norms around thinness'), ('Healthy eating', 'Blood glucose level'), ('Mental well-being', 'Anticonvulsants'), ('Fatty acids in the artery walls', 'Atherosclerosis'), ('Dyslipidemia', 'Insulin resistance'), ('Blood glucose level', 'Fatty acids in the artery walls'), ('Respiratory diseases', 'Ability to engage in physical activity'), ('Blood saturated fatty acid level', 'Secretion of inflammatory molecules by adipose cells'), ('Dysfunctional adipose tissue', 'Inflammation'), ('Weight bias', 'Mental well-being'), ('Coordination', 'Ability to engage in physical activity'), ('Cultural norms around thinness', 'Cultural norms around thinness'), ('Cultural norms around thinness', 'Poor body image'), ('Obesity', 'Short sleep duration'), ('Inflammation', 'Asthma'), ('Healthy eating', 'Sodium intake'), ('Cultural norms around thinness', 'Eating disorders'), ('Poor body image', 'Sexual difficulties'), ('Fear of engaging in physical activity', 'Physical activity'), ('Short sleep duration', 'Healthy eating'), ('Coronary heart diseases', 'Dyspnea'), ('Stress', 'Inflammation'), ('Weight bias', 'Stress'), ('Unhealthy weight control practices', 'Eating disorders'), ('Tiredness', 'Ability to engage in physical activity'), ('Short sleep duration', 'Heart rate'), ('Prevalence of bike trails', 'Quality of the sport infrastructure'), ('Exercise', 'Blood fatty acid level'), ('Mental well-being', 'Emotional eating'), ('Poor body image', 'Poor body image'), ('Blood fatty acid level', 'Blood glucose level'), ('Cardiovascular diseases', 'Depression'), ('Pro-inflammatory cytokines', 'Inflammation'), ('Prevalence of green fields', 'Quality of the sport infrastructure'), ('Mental well-being', 'Antipsychotics'), ('Socio-economic status', 'Control'), ('Weight bias', 'Poor body image'), ('Positive experience of sports', 'Recreational physical activity'), ('Public support and demand for healthy products', 'Cost of healthy foods'), ('Socio-economic status', 'Availability of healthy foods'), ('Cardiovascular diseases', 'Physical well-being'), ('Respiratory muscle fatigue', 'Dyspnea'), ('Heart rate', 'Coronary heart diseases'), ('Pressure to be thin', 'Poor body image'), ('Medications', 'Coordination'), ('Beta blockers', 'Ability to engage in physical activity'), ('Antipsychotics', 'Appetite'), ('Sodium intake', 'Blood pressure'), ('Pressure to be thin', 'Unhealthy weight control practices'), ('Airway resistance', 'Asthma-like symptoms'), ('Depression', 'Stress'), ('Medications', 'Concentration'), ('Public support and demand for healthy products', 'Marketing of unhealthy foods'), ('Poor body image', 'Eating disorders'), ('Emotional eating', 'Healthy eating'), ('Obesity', 'Access to health professionals'), ('Obesity', 'Mental well-being'), ('Unhealthy foods are more available than healthy ones', 'Supportive food environment'), ('Healthy eating', 'Blood saturated fatty acid level'), ('Presence of a vibrant community', 'Resilience'), ('Cells intake of fatty acids', 'Adipose storage of fatty acids'), ('Physical activity', 'Physical well-being'), ('Appetite', 'Healthy eating'), ('Aesthetics', 'Stress'), ('Chronic conditions', 'Mental well-being'), ('Weight bias', 'Positive experience of sports'), ('Healthy eating', 'Dyslipidemia'), ('Quality of the sport infrastructure', 'Recreational physical activity'), ('Physical pain', 'Ability to engage in physical activity'), ('Prevalence of green fields', 'Aesthetics'), ('Concentration', 'Ability to engage in physical activity'), ('Aesthetics', 'Mental well-being'), ('Poor body image', 'Depression'), ('Chronic conditions', 'Physical well-being'), ('Obesity', 'Release of adipokines'), ('Blood glucose level', 'Sodium retention'), ('Restrictive covenants', 'Availability of healthy foods'), ('Musculoskeletal pain', 'Mental well-being'), ('Weight bias', 'Unhealthy weight control practices'), ('Physical activity', 'Mental well-being'), ('Access to health professionals', 'Ability to engage in physical activity'), ('Stimulants', 'Short sleep duration'), ('Culture of eating that promotes healthy choices', 'Healthy eating'), ('Culture of eating that promotes healthy choices', 'Mental well-being'), ('Weight bias', 'Exercise'), ('Obesity', 'Dysfunctional adipose tissue'), ('Medications', 'Tiredness'), ('Inflammation', 'Insulin resistance'), ('Anticonvulsants', 'Appetite'), ('Inflammation', 'Auto-inflammatory diseases'), ('Accessibility to shops', 'Utilitarian physical activity '), ('Blood fatty acid level', 'Adipose storage of fatty acids'), ('Perceived environmental safety', 'Physical activity'), ('Short sleep duration', 'Physical well-being'), ('Cultural norms around thinness', 'Pressure to be thin'), ('Weight bias', 'Access to health professionals'), ('Public health messaging around thinness', 'Pressure to be thin'), ('Dysfunctional adipose tissue', 'Blood pressure'), ('Dysfunctional adipose tissue', 'Dyslipidemia'), ('Aesthetics', 'Utilitarian physical activity '), ('Obesity', 'Unhealthy weight control practices'), ('Obesity', 'Asthma-like symptoms'), ('Marketing ratio of unhealthy to healthy foods', 'Supportive food environment'), ('Dyslipidemia', 'Atherosclerosis'), ('Physical well-being', 'Mental well-being'), ('Public support and demand for healthy products', 'Cost of unhealthy foods'), ('Musculoskeletal pain', 'Physical well-being'), ('Coronary heart diseases', 'Exercise')]"
2,"[('Medical perspective that thin is good', 'Unhealthy weight control practices'), ('Weight bias', 'Blood pressure'), ('Physical well-being', 'Ability to engage in physical activity'), ('Stress', 'Cortisol'), ('Mental well-being', 'Concentration'), ('Culture of eating that promotes healthy choices', 'Blood glucose level'), ('Depression', 'Inflammation'), ('Socio-economic status', 'Sodium intake')]",-1,1,1,1,1,"[('Culture of eating that promotes healthy choices', 'Physical well-being'), ('Weight bias', 'Socio-economic status'), ('Mental well-being', 'Physical well-being'), ('Socio-economic status', 'Stress'), ('Control', 'Mental well-being'), ('Socio-economic status', 'Physical well-being'), ('Public health messaging around thinness', 'Weight bias'), ('Resilience', 'Mental well-being'), ('Medical perspective that thin is good', 'Public health messaging around thinness'), ('Weight bias', 'Depression'), ('Control', 'Stress'), ('Socio-economic status', 'Mental well-being'), ('Medical perspective that thin is good', 'Cultural norms around thinness'), ('Weight bias', 'Mental well-being'), ('Cultural norms around thinness', 'Cultural norms around thinness'), ('Cultural norms around thinness', 'Poor body image'), ('Weight bias', 'Stress'), ('Poor body image', 'Poor body image'), ('Socio-economic status', 'Control'), ('Weight bias', 'Poor body image'), ('Pressure to be thin', 'Poor body image'), ('Depression', 'Stress'), ('Poor body image', 'Depression'), ('Culture of eating that promotes healthy choices', 'Mental well-being'), ('Cultural norms around thinness', 'Pressure to be thin'), ('Public health messaging around thinness', 'Pressure to be thin'), ('Physical well-being', 'Mental well-being')]","[('Medications', 'Balance'), ('Secretion of inflammatory molecules by adipose cells', 'Insulin resistance'), ('Obesity', 'Obstructive sleep apnea'), ('Dyslipidemia', 'Blood pressure'), ('Obesity', 'Gastro-esophageal reflux disease'), ('Auto-inflammatory diseases', 'Inflammation'), ('Atherosclerosis', 'Coronary heart diseases'), ('Release of adipokines', 'Atherosclerosis'), ('Blood mono-unsaturated fatty acid level', 'Secretion of inflammatory molecules by adipose cells'), ('Insulin resistance', 'Fatty acids in the artery walls'), ('Insulin resistance', 'Cells intake of fatty acids'), ('Adipose storage of fatty acids', 'Inflammation'), ('Thoracic and abdominal obesity', 'Airway resistance'), ('Thoracic and abdominal obesity', 'Respiratory muscle fatigue'), ('Unhealthy weight control practices', 'Obesity'), ('Sodium retention', 'Blood pressure'), ('Short sleep duration', 'Pro-inflammatory cytokines'), ('Medications', 'Obesity'), ('Balance', 'Ability to engage in physical activity'), ('Short sleep duration', 'Cortisol'), ('Airway resistance', 'Asthma'), ('Short sleep duration', 'Blood pressure'), ('Fatty acids in the artery walls', 'Atherosclerosis'), ('Dyslipidemia', 'Insulin resistance'), ('Blood glucose level', 'Fatty acids in the artery walls'), ('Respiratory diseases', 'Ability to engage in physical activity'), ('Blood saturated fatty acid level', 'Secretion of inflammatory molecules by adipose cells'), ('Dysfunctional adipose tissue', 'Inflammation'), ('Coordination', 'Ability to engage in physical activity'), ('Obesity', 'Short sleep duration'), ('Inflammation', 'Asthma'), ('Coronary heart diseases', 'Dyspnea'), ('Tiredness', 'Ability to engage in physical activity'), ('Short sleep duration', 'Heart rate'), ('Blood fatty acid level', 'Blood glucose level'), ('Pro-inflammatory cytokines', 'Inflammation'), ('Respiratory muscle fatigue', 'Dyspnea'), ('Heart rate', 'Coronary heart diseases'), ('Medications', 'Coordination'), ('Beta blockers', 'Ability to engage in physical activity'), ('Sodium intake', 'Blood pressure'), ('Airway resistance', 'Asthma-like symptoms'), ('Medications', 'Concentration'), ('Cells intake of fatty acids', 'Adipose storage of fatty acids'), ('Physical pain', 'Ability to engage in physical activity'), ('Concentration', 'Ability to engage in physical activity'), ('Obesity', 'Release of adipokines'), ('Blood glucose level', 'Sodium retention'), ('Stimulants', 'Short sleep duration'), ('Obesity', 'Dysfunctional adipose tissue'), ('Medications', 'Tiredness'), ('Inflammation', 'Insulin resistance'), ('Inflammation', 'Auto-inflammatory diseases'), ('Blood fatty acid level', 'Adipose storage of fatty acids'), ('Dysfunctional adipose tissue', 'Blood pressure'), ('Dysfunctional adipose tissue', 'Dyslipidemia'), ('Obesity', 'Unhealthy weight control practices'), ('Obesity', 'Asthma-like symptoms'), ('Dyslipidemia', 'Atherosclerosis')]","[('Prevalence of walking trails', 'Quality of the sport infrastructure'), ('Medications', 'Balance'), ('Culture of eating that promotes healthy choices', 'Physical well-being'), ('Secretion of inflammatory molecules by adipose cells', 'Insulin resistance'), ('Presence of a vibrant community', 'Control'), ('Obesity', 'Weight bias'), ('Healthy eating', 'Blood mono-unsaturated fatty acid level'), ('Exercise', 'Heart rate'), ('Available time', 'Recreational physical activity'), ('Chronic conditions', 'Depression'), ('Exercise', 'Insulin resistance'), ('Weight bias', 'Socio-economic status'), ('Mental well-being', 'Physical well-being'), ('Obesity', 'Obstructive sleep apnea'), ('Eating disorders', 'Healthy eating'), ('Consumer demand for regulations', 'Marketing of healthy foods'), ('Dyslipidemia', 'Blood pressure'), ('Obesity', 'Gastro-esophageal reflux disease'), ('Perceived environmental safety', 'Mental well-being'), ('Late night TV watching', 'Short sleep duration'), ('Auto-inflammatory diseases', 'Inflammation'), ('Depression', 'Healthy eating'), ('Socio-economic status', 'Stress'), ('Exercise', 'Blood glucose level'), ('Public support and demand for healthy products', 'Marketing of healthy foods'), ('Unhealthy foods are cheaper than healthy ones', 'Supportive food environment'), ('Control', 'Mental well-being'), ('Atherosclerosis', 'Coronary heart diseases'), ('Socio-economic status', 'Physical well-being'), ('Ability to engage in physical activity', 'Physical activity'), ('Public health messaging around thinness', 'Weight bias'), ('Public support and demand for healthy products', 'Availability of healthy foods'), ('Release of adipokines', 'Atherosclerosis'), ('Consumer demand for regulations', 'Marketing of unhealthy foods'), ('Resilience', 'Mental well-being'), ('Blood mono-unsaturated fatty acid level', 'Secretion of inflammatory molecules by adipose cells'), ('Medical perspective that thin is good', 'Public health messaging around thinness'), ('Mental well-being', 'Medications'), ('Sexual difficulties', 'Mental well-being'), ('Insulin resistance', 'Fatty acids in the artery walls'), ('Insulin resistance', 'Cells intake of fatty acids'), ('Sidewalk prevalence and maintenance', 'Utilitarian physical activity '), ('Adipose storage of fatty acids', 'Inflammation'), ('Socio-economic status', 'Exercise'), ('Thoracic and abdominal obesity', 'Airway resistance'), ('Healthy eating', 'Short sleep duration'), ('Perceived environmental safety', 'Physical well-being'), ('Weight bias', 'Depression'), ('Emotional eating', 'Mental well-being'), ('Late night TV watching', 'Healthy eating'), ('Control', 'Stress'), ('Aesthetics', 'Physical well-being'), ('Economic incentives to produce unhealthy food products', 'Cost of unhealthy foods'), ('Supportive food environment', 'Healthy eating'), ('Appetite', 'Physical well-being'), ('Thoracic and abdominal obesity', 'Respiratory muscle fatigue'), ('Cardiovascular diseases', 'Fear of engaging in physical activity'), ('Socio-economic status', 'Mental well-being'), ('Unhealthy weight control practices', 'Obesity'), ('Exercise', 'Blood pressure'), ('Sodium retention', 'Blood pressure'), ('Short sleep duration', 'Pro-inflammatory cytokines'), ('Medications', 'Obesity'), ('Short sleep duration', 'Appetite'), ('Balance', 'Ability to engage in physical activity'), ('Short sleep duration', 'Cortisol'), ('Airway resistance', 'Asthma'), ('Short sleep duration', 'Blood pressure'), ('Medical perspective that thin is good', 'Cultural norms around thinness'), ('Healthy eating', 'Blood glucose level'), ('Mental well-being', 'Anticonvulsants'), ('Fatty acids in the artery walls', 'Atherosclerosis'), ('Dyslipidemia', 'Insulin resistance'), ('Blood glucose level', 'Fatty acids in the artery walls'), ('Respiratory diseases', 'Ability to engage in physical activity'), ('Blood saturated fatty acid level', 'Secretion of inflammatory molecules by adipose cells'), ('Dysfunctional adipose tissue', 'Inflammation'), ('Weight bias', 'Mental well-being'), ('Coordination', 'Ability to engage in physical activity'), ('Cultural norms around thinness', 'Cultural norms around thinness'), ('Cultural norms around thinness', 'Poor body image'), ('Obesity', 'Short sleep duration'), ('Inflammation', 'Asthma'), ('Healthy eating', 'Sodium intake'), ('Cultural norms around thinness', 'Eating disorders'), ('Poor body image', 'Sexual difficulties'), ('Fear of engaging in physical activity', 'Physical activity'), ('Short sleep duration', 'Healthy eating'), ('Coronary heart diseases', 'Dyspnea'), ('Stress', 'Inflammation'), ('Weight bias', 'Stress'), ('Unhealthy weight control practices', 'Eating disorders'), ('Tiredness', 'Ability to engage in physical activity'), ('Short sleep duration', 'Heart rate'), ('Prevalence of bike trails', 'Quality of the sport infrastructure'), ('Exercise', 'Blood fatty acid level'), ('Mental well-being', 'Emotional eating'), ('Poor body image', 'Poor body image'), ('Blood fatty acid level', 'Blood glucose level'), ('Cardiovascular diseases', 'Depression'), ('Pro-inflammatory cytokines', 'Inflammation'), ('Prevalence of green fields', 'Quality of the sport infrastructure'), ('Mental well-being', 'Antipsychotics'), ('Socio-economic status', 'Control'), ('Weight bias', 'Poor body image'), ('Positive experience of sports', 'Recreational physical activity'), ('Public support and demand for healthy products', 'Cost of healthy foods'), ('Socio-economic status', 'Availability of healthy foods'), ('Cardiovascular diseases', 'Physical well-being'), ('Respiratory muscle fatigue', 'Dyspnea'), ('Heart rate', 'Coronary heart diseases'), ('Pressure to be thin', 'Poor body image'), ('Medications', 'Coordination'), ('Beta blockers', 'Ability to engage in physical activity'), ('Antipsychotics', 'Appetite'), ('Sodium intake', 'Blood pressure'), ('Pressure to be thin', 'Unhealthy weight control practices'), ('Airway resistance', 'Asthma-like symptoms'), ('Depression', 'Stress'), ('Medications', 'Concentration'), ('Public support and demand for healthy products', 'Marketing of unhealthy foods'), ('Poor body image', 'Eating disorders'), ('Emotional eating', 'Healthy eating'), ('Obesity', 'Access to health professionals'), ('Obesity', 'Mental well-being'), ('Unhealthy foods are more available than healthy ones', 'Supportive food environment'), ('Healthy eating', 'Blood saturated fatty acid level'), ('Presence of a vibrant community', 'Resilience'), ('Cells intake of fatty acids', 'Adipose storage of fatty acids'), ('Physical activity', 'Physical well-being'), ('Appetite', 'Healthy eating'), ('Aesthetics', 'Stress'), ('Chronic conditions', 'Mental well-being'), ('Weight bias', 'Positive experience of sports'), ('Healthy eating', 'Dyslipidemia'), ('Quality of the sport infrastructure', 'Recreational physical activity'), ('Physical pain', 'Ability to engage in physical activity'), ('Prevalence of green fields', 'Aesthetics'), ('Concentration', 'Ability to engage in physical activity'), ('Aesthetics', 'Mental well-being'), ('Poor body image', 'Depression'), ('Chronic conditions', 'Physical well-being'), ('Obesity', 'Release of adipokines'), ('Blood glucose level', 'Sodium retention'), ('Restrictive covenants', 'Availability of healthy foods'), ('Musculoskeletal pain', 'Mental well-being'), ('Weight bias', 'Unhealthy weight control practices'), ('Physical activity', 'Mental well-being'), ('Access to health professionals', 'Ability to engage in physical activity'), ('Stimulants', 'Short sleep duration'), ('Culture of eating that promotes healthy choices', 'Healthy eating'), ('Culture of eating that promotes healthy choices', 'Mental well-being'), ('Weight bias', 'Exercise'), ('Obesity', 'Dysfunctional adipose tissue'), ('Medications', 'Tiredness'), ('Inflammation', 'Insulin resistance'), ('Anticonvulsants', 'Appetite'), ('Inflammation', 'Auto-inflammatory diseases'), ('Accessibility to shops', 'Utilitarian physical activity '), ('Blood fatty acid level', 'Adipose storage of fatty acids'), ('Perceived environmental safety', 'Physical activity'), ('Short sleep duration', 'Physical well-being'), ('Cultural norms around thinness', 'Pressure to be thin'), ('Weight bias', 'Access to health professionals'), ('Public health messaging around thinness', 'Pressure to be thin'), ('Dysfunctional adipose tissue', 'Blood pressure'), ('Dysfunctional adipose tissue', 'Dyslipidemia'), ('Aesthetics', 'Utilitarian physical activity '), ('Obesity', 'Unhealthy weight control practices'), ('Obesity', 'Asthma-like symptoms'), ('Marketing ratio of unhealthy to healthy foods', 'Supportive food environment'), ('Dyslipidemia', 'Atherosclerosis'), ('Physical well-being', 'Mental well-being'), ('Public support and demand for healthy products', 'Cost of unhealthy foods'), ('Musculoskeletal pain', 'Physical well-being'), ('Coronary heart diseases', 'Exercise')]"
3,"[('Medical perspective that thin is good', 'Unhealthy weight control practices'), ('Weight bias', 'Blood pressure'), ('Physical well-being', 'Ability to engage in physical activity'), ('Stress', 'Cortisol'), ('Mental well-being', 'Concentration'), ('Culture of eating that promotes healthy choices', 'Blood glucose level'), ('Depression', 'Inflammation'), ('Socio-economic status', 'Sodium intake')]",-1,1,1,1,1,"[('Culture of eating that promotes healthy choices', 'Physical well-being'), ('Weight bias', 'Socio-economic status'), ('Mental well-being', 'Physical well-being'), ('Socio-economic status', 'Stress'), ('Control', 'Mental well-being'), ('Socio-economic status', 'Physical well-being'), ('Public health messaging around thinness', 'Weight bias'), ('Resilience', 'Mental well-being'), ('Medical perspective that thin is good', 'Public health messaging around thinness'), ('Weight bias', 'Depression'), ('Control', 'Stress'), ('Socio-economic status', 'Mental well-being'), ('Medical perspective that thin is good', 'Cultural norms around thinness'), ('Weight bias', 'Mental well-being'), ('Cultural norms around thinness', 'Cultural norms around thinness'), ('Cultural norms around thinness', 'Poor body image'), ('Weight bias', 'Stress'), ('Poor body image', 'Poor body image'), ('Socio-economic status', 'Control'), ('Weight bias', 'Poor body image'), ('Pressure to be thin', 'Poor body image'), ('Depression', 'Stress'), ('Poor body image', 'Depression'), ('Culture of eating that promotes healthy choices', 'Mental well-being'), ('Cultural norms around thinness', 'Pressure to be thin'), ('Public health messaging around thinness', 'Pressure to be thin'), ('Physical well-being', 'Mental well-being')]","[('Medications', 'Balance'), ('Secretion of inflammatory molecules by adipose cells', 'Insulin resistance'), ('Obesity', 'Obstructive sleep apnea'), ('Dyslipidemia', 'Blood pressure'), ('Obesity', 'Gastro-esophageal reflux disease'), ('Auto-inflammatory diseases', 'Inflammation'), ('Atherosclerosis', 'Coronary heart diseases'), ('Release of adipokines', 'Atherosclerosis'), ('Blood mono-unsaturated fatty acid level', 'Secretion of inflammatory molecules by adipose cells'), ('Insulin resistance', 'Fatty acids in the artery walls'), ('Insulin resistance', 'Cells intake of fatty acids'), ('Adipose storage of fatty acids', 'Inflammation'), ('Thoracic and abdominal obesity', 'Airway resistance'), ('Thoracic and abdominal obesity', 'Respiratory muscle fatigue'), ('Unhealthy weight control practices', 'Obesity'), ('Sodium retention', 'Blood pressure'), ('Short sleep duration', 'Pro-inflammatory cytokines'), ('Medications', 'Obesity'), ('Balance', 'Ability to engage in physical activity'), ('Short sleep duration', 'Cortisol'), ('Airway resistance', 'Asthma'), ('Short sleep duration', 'Blood pressure'), ('Fatty acids in the artery walls', 'Atherosclerosis'), ('Dyslipidemia', 'Insulin resistance'), ('Blood glucose level', 'Fatty acids in the artery walls'), ('Respiratory diseases', 'Ability to engage in physical activity'), ('Blood saturated fatty acid level', 'Secretion of inflammatory molecules by adipose cells'), ('Dysfunctional adipose tissue', 'Inflammation'), ('Coordination', 'Ability to engage in physical activity'), ('Obesity', 'Short sleep duration'), ('Inflammation', 'Asthma'), ('Coronary heart diseases', 'Dyspnea'), ('Tiredness', 'Ability to engage in physical activity'), ('Short sleep duration', 'Heart rate'), ('Blood fatty acid level', 'Blood glucose level'), ('Pro-inflammatory cytokines', 'Inflammation'), ('Respiratory muscle fatigue', 'Dyspnea'), ('Heart rate', 'Coronary heart diseases'), ('Medications', 'Coordination'), ('Beta blockers', 'Ability to engage in physical activity'), ('Sodium intake', 'Blood pressure'), ('Airway resistance', 'Asthma-like symptoms'), ('Medications', 'Concentration'), ('Cells intake of fatty acids', 'Adipose storage of fatty acids'), ('Physical pain', 'Ability to engage in physical activity'), ('Concentration', 'Ability to engage in physical activity'), ('Obesity', 'Release of adipokines'), ('Blood glucose level', 'Sodium retention'), ('Stimulants', 'Short sleep duration'), ('Obesity', 'Dysfunctional adipose tissue'), ('Medications', 'Tiredness'), ('Inflammation', 'Insulin resistance'), ('Inflammation', 'Auto-inflammatory diseases'), ('Blood fatty acid level', 'Adipose storage of fatty acids'), ('Dysfunctional adipose tissue', 'Blood pressure'), ('Dysfunctional adipose tissue', 'Dyslipidemia'), ('Obesity', 'Unhealthy weight control practices'), ('Obesity', 'Asthma-like symptoms'), ('Dyslipidemia', 'Atherosclerosis')]","[('Prevalence of walking trails', 'Quality of the sport infrastructure'), ('Medications', 'Balance'), ('Culture of eating that promotes healthy choices', 'Physical well-being'), ('Secretion of inflammatory molecules by adipose cells', 'Insulin resistance'), ('Presence of a vibrant community', 'Control'), ('Obesity', 'Weight bias'), ('Healthy eating', 'Blood mono-unsaturated fatty acid level'), ('Exercise', 'Heart rate'), ('Available time', 'Recreational physical activity'), ('Chronic conditions', 'Depression'), ('Exercise', 'Insulin resistance'), ('Weight bias', 'Socio-economic status'), ('Mental well-being', 'Physical well-being'), ('Obesity', 'Obstructive sleep apnea'), ('Eating disorders', 'Healthy eating'), ('Consumer demand for regulations', 'Marketing of healthy foods'), ('Dyslipidemia', 'Blood pressure'), ('Obesity', 'Gastro-esophageal reflux disease'), ('Perceived environmental safety', 'Mental well-being'), ('Late night TV watching', 'Short sleep duration'), ('Auto-inflammatory diseases', 'Inflammation'), ('Depression', 'Healthy eating'), ('Socio-economic status', 'Stress'), ('Exercise', 'Blood glucose level'), ('Public support and demand for healthy products', 'Marketing of healthy foods'), ('Unhealthy foods are cheaper than healthy ones', 'Supportive food environment'), ('Control', 'Mental well-being'), ('Atherosclerosis', 'Coronary heart diseases'), ('Socio-economic status', 'Physical well-being'), ('Ability to engage in physical activity', 'Physical activity'), ('Public health messaging around thinness', 'Weight bias'), ('Public support and demand for healthy products', 'Availability of healthy foods'), ('Release of adipokines', 'Atherosclerosis'), ('Consumer demand for regulations', 'Marketing of unhealthy foods'), ('Resilience', 'Mental well-being'), ('Blood mono-unsaturated fatty acid level', 'Secretion of inflammatory molecules by adipose cells'), ('Medical perspective that thin is good', 'Public health messaging around thinness'), ('Mental well-being', 'Medications'), ('Sexual difficulties', 'Mental well-being'), ('Insulin resistance', 'Fatty acids in the artery walls'), ('Insulin resistance', 'Cells intake of fatty acids'), ('Sidewalk prevalence and maintenance', 'Utilitarian physical activity '), ('Adipose storage of fatty acids', 'Inflammation'), ('Socio-economic status', 'Exercise'), ('Thoracic and abdominal obesity', 'Airway resistance'), ('Healthy eating', 'Short sleep duration'), ('Perceived environmental safety', 'Physical well-being'), ('Weight bias', 'Depression'), ('Emotional eating', 'Mental well-being'), ('Late night TV watching', 'Healthy eating'), ('Control', 'Stress'), ('Aesthetics', 'Physical well-being'), ('Economic incentives to produce unhealthy food products', 'Cost of unhealthy foods'), ('Supportive food environment', 'Healthy eating'), ('Appetite', 'Physical well-being'), ('Thoracic and abdominal obesity', 'Respiratory muscle fatigue'), ('Cardiovascular diseases', 'Fear of engaging in physical activity'), ('Socio-economic status', 'Mental well-being'), ('Unhealthy weight control practices', 'Obesity'), ('Exercise', 'Blood pressure'), ('Sodium retention', 'Blood pressure'), ('Short sleep duration', 'Pro-inflammatory cytokines'), ('Medications', 'Obesity'), ('Short sleep duration', 'Appetite'), ('Balance', 'Ability to engage in physical activity'), ('Short sleep duration', 'Cortisol'), ('Airway resistance', 'Asthma'), ('Short sleep duration', 'Blood pressure'), ('Medical perspective that thin is good', 'Cultural norms around thinness'), ('Healthy eating', 'Blood glucose level'), ('Mental well-being', 'Anticonvulsants'), ('Fatty acids in the artery walls', 'Atherosclerosis'), ('Dyslipidemia', 'Insulin resistance'), ('Blood glucose level', 'Fatty acids in the artery walls'), ('Respiratory diseases', 'Ability to engage in physical activity'), ('Blood saturated fatty acid level', 'Secretion of inflammatory molecules by adipose cells'), ('Dysfunctional adipose tissue', 'Inflammation'), ('Weight bias', 'Mental well-being'), ('Coordination', 'Ability to engage in physical activity'), ('Cultural norms around thinness', 'Cultural norms around thinness'), ('Cultural norms around thinness', 'Poor body image'), ('Obesity', 'Short sleep duration'), ('Inflammation', 'Asthma'), ('Healthy eating', 'Sodium intake'), ('Cultural norms around thinness', 'Eating disorders'), ('Poor body image', 'Sexual difficulties'), ('Fear of engaging in physical activity', 'Physical activity'), ('Short sleep duration', 'Healthy eating'), ('Coronary heart diseases', 'Dyspnea'), ('Stress', 'Inflammation'), ('Weight bias', 'Stress'), ('Unhealthy weight control practices', 'Eating disorders'), ('Tiredness', 'Ability to engage in physical activity'), ('Short sleep duration', 'Heart rate'), ('Prevalence of bike trails', 'Quality of the sport infrastructure'), ('Exercise', 'Blood fatty acid level'), ('Mental well-being', 'Emotional eating'), ('Poor body image', 'Poor body image'), ('Blood fatty acid level', 'Blood glucose level'), ('Cardiovascular diseases', 'Depression'), ('Pro-inflammatory cytokines', 'Inflammation'), ('Prevalence of green fields', 'Quality of the sport infrastructure'), ('Mental well-being', 'Antipsychotics'), ('Socio-economic status', 'Control'), ('Weight bias', 'Poor body image'), ('Positive experience of sports', 'Recreational physical activity'), ('Public support and demand for healthy products', 'Cost of healthy foods'), ('Socio-economic status', 'Availability of healthy foods'), ('Cardiovascular diseases', 'Physical well-being'), ('Respiratory muscle fatigue', 'Dyspnea'), ('Heart rate', 'Coronary heart diseases'), ('Pressure to be thin', 'Poor body image'), ('Medications', 'Coordination'), ('Beta blockers', 'Ability to engage in physical activity'), ('Antipsychotics', 'Appetite'), ('Sodium intake', 'Blood pressure'), ('Pressure to be thin', 'Unhealthy weight control practices'), ('Airway resistance', 'Asthma-like symptoms'), ('Depression', 'Stress'), ('Medications', 'Concentration'), ('Public support and demand for healthy products', 'Marketing of unhealthy foods'), ('Poor body image', 'Eating disorders'), ('Emotional eating', 'Healthy eating'), ('Obesity', 'Access to health professionals'), ('Obesity', 'Mental well-being'), ('Unhealthy foods are more available than healthy ones', 'Supportive food environment'), ('Healthy eating', 'Blood saturated fatty acid level'), ('Presence of a vibrant community', 'Resilience'), ('Cells intake of fatty acids', 'Adipose storage of fatty acids'), ('Physical activity', 'Physical well-being'), ('Appetite', 'Healthy eating'), ('Aesthetics', 'Stress'), ('Chronic conditions', 'Mental well-being'), ('Weight bias', 'Positive experience of sports'), ('Healthy eating', 'Dyslipidemia'), ('Quality of the sport infrastructure', 'Recreational physical activity'), ('Physical pain', 'Ability to engage in physical activity'), ('Prevalence of green fields', 'Aesthetics'), ('Concentration', 'Ability to engage in physical activity'), ('Aesthetics', 'Mental well-being'), ('Poor body image', 'Depression'), ('Chronic conditions', 'Physical well-being'), ('Obesity', 'Release of adipokines'), ('Blood glucose level', 'Sodium retention'), ('Restrictive covenants', 'Availability of healthy foods'), ('Musculoskeletal pain', 'Mental well-being'), ('Weight bias', 'Unhealthy weight control practices'), ('Physical activity', 'Mental well-being'), ('Access to health professionals', 'Ability to engage in physical activity'), ('Stimulants', 'Short sleep duration'), ('Culture of eating that promotes healthy choices', 'Healthy eating'), ('Culture of eating that promotes healthy choices', 'Mental well-being'), ('Weight bias', 'Exercise'), ('Obesity', 'Dysfunctional adipose tissue'), ('Medications', 'Tiredness'), ('Inflammation', 'Insulin resistance'), ('Anticonvulsants', 'Appetite'), ('Inflammation', 'Auto-inflammatory diseases'), ('Accessibility to shops', 'Utilitarian physical activity '), ('Blood fatty acid level', 'Adipose storage of fatty acids'), ('Perceived environmental safety', 'Physical activity'), ('Short sleep duration', 'Physical well-being'), ('Cultural norms around thinness', 'Pressure to be thin'), ('Weight bias', 'Access to health professionals'), ('Public health messaging around thinness', 'Pressure to be thin'), ('Dysfunctional adipose tissue', 'Blood pressure'), ('Dysfunctional adipose tissue', 'Dyslipidemia'), ('Aesthetics', 'Utilitarian physical activity '), ('Obesity', 'Unhealthy weight control practices'), ('Obesity', 'Asthma-like symptoms'), ('Marketing ratio of unhealthy to healthy foods', 'Supportive food environment'), ('Dyslipidemia', 'Atherosclerosis'), ('Physical well-being', 'Mental well-being'), ('Public support and demand for healthy products', 'Cost of unhealthy foods'), ('Musculoskeletal pain', 'Physical well-being'), ('Coronary heart diseases', 'Exercise')]"
4,"[('Medical perspective that thin is good', 'Unhealthy weight control practices'), ('Weight bias', 'Blood pressure'), ('Physical well-being', 'Ability to engage in physical activity'), ('Stress', 'Cortisol'), ('Mental well-being', 'Concentration'), ('Culture of eating that promotes healthy choices', 'Blood glucose level'), ('Depression', 'Inflammation'), ('Socio-economic status', 'Sodium intake')]",-1,1,1,1,1,"[('Culture of eating that promotes healthy choices', 'Physical well-being'), ('Weight bias', 'Socio-economic status'), ('Mental well-being', 'Physical well-being'), ('Socio-economic status', 'Stress'), ('Control', 'Mental well-being'), ('Socio-economic status', 'Physical well-being'), ('Public health messaging around thinness', 'Weight bias'), ('Resilience', 'Mental well-being'), ('Medical perspective that thin is good', 'Public health messaging around thinness'), ('Weight bias', 'Depression'), ('Control', 'Stress'), ('Socio-economic status', 'Mental well-being'), ('Medical perspective that thin is good', 'Cultural norms around thinness'), ('Weight bias', 'Mental well-being'), ('Cultural norms around thinness', 'Cultural norms around thinness'), ('Cultural norms around thinness', 'Poor body image'), ('Weight bias', 'Stress'), ('Poor body image', 'Poor body image'), ('Socio-economic status', 'Control'), ('Weight bias', 'Poor body image'), ('Pressure to be thin', 'Poor body image'), ('Depression', 'Stress'), ('Poor body image', 'Depression'), ('Culture of eating that promotes healthy choices', 'Mental well-being'), ('Cultural norms around thinness', 'Pressure to be thin'), ('Public health messaging around thinness', 'Pressure to be thin'), ('Physical well-being', 'Mental well-being')]","[('Medications', 'Balance'), ('Secretion of inflammatory molecules by adipose cells', 'Insulin resistance'), ('Obesity', 'Obstructive sleep apnea'), ('Dyslipidemia', 'Blood pressure'), ('Obesity', 'Gastro-esophageal reflux disease'), ('Auto-inflammatory diseases', 'Inflammation'), ('Atherosclerosis', 'Coronary heart diseases'), ('Release of adipokines', 'Atherosclerosis'), ('Blood mono-unsaturated fatty acid level', 'Secretion of inflammatory molecules by adipose cells'), ('Insulin resistance', 'Fatty acids in the artery walls'), ('Insulin resistance', 'Cells intake of fatty acids'), ('Adipose storage of fatty acids', 'Inflammation'), ('Thoracic and abdominal obesity', 'Airway resistance'), ('Thoracic and abdominal obesity', 'Respiratory muscle fatigue'), ('Unhealthy weight control practices', 'Obesity'), ('Sodium retention', 'Blood pressure'), ('Short sleep duration', 'Pro-inflammatory cytokines'), ('Medications', 'Obesity'), ('Balance', 'Ability to engage in physical activity'), ('Short sleep duration', 'Cortisol'), ('Airway resistance', 'Asthma'), ('Short sleep duration', 'Blood pressure'), ('Fatty acids in the artery walls', 'Atherosclerosis'), ('Dyslipidemia', 'Insulin resistance'), ('Blood glucose level', 'Fatty acids in the artery walls'), ('Respiratory diseases', 'Ability to engage in physical activity'), ('Blood saturated fatty acid level', 'Secretion of inflammatory molecules by adipose cells'), ('Dysfunctional adipose tissue', 'Inflammation'), ('Coordination', 'Ability to engage in physical activity'), ('Obesity', 'Short sleep duration'), ('Inflammation', 'Asthma'), ('Coronary heart diseases', 'Dyspnea'), ('Tiredness', 'Ability to engage in physical activity'), ('Short sleep duration', 'Heart rate'), ('Blood fatty acid level', 'Blood glucose level'), ('Pro-inflammatory cytokines', 'Inflammation'), ('Respiratory muscle fatigue', 'Dyspnea'), ('Heart rate', 'Coronary heart diseases'), ('Medications', 'Coordination'), ('Beta blockers', 'Ability to engage in physical activity'), ('Sodium intake', 'Blood pressure'), ('Airway resistance', 'Asthma-like symptoms'), ('Medications', 'Concentration'), ('Cells intake of fatty acids', 'Adipose storage of fatty acids'), ('Physical pain', 'Ability to engage in physical activity'), ('Concentration', 'Ability to engage in physical activity'), ('Obesity', 'Release of adipokines'), ('Blood glucose level', 'Sodium retention'), ('Stimulants', 'Short sleep duration'), ('Obesity', 'Dysfunctional adipose tissue'), ('Medications', 'Tiredness'), ('Inflammation', 'Insulin resistance'), ('Inflammation', 'Auto-inflammatory diseases'), ('Blood fatty acid level', 'Adipose storage of fatty acids'), ('Dysfunctional adipose tissue', 'Blood pressure'), ('Dysfunctional adipose tissue', 'Dyslipidemia'), ('Obesity', 'Unhealthy weight control practices'), ('Obesity', 'Asthma-like symptoms'), ('Dyslipidemia', 'Atherosclerosis')]","[('Prevalence of walking trails', 'Quality of the sport infrastructure'), ('Medications', 'Balance'), ('Culture of eating that promotes healthy choices', 'Physical well-being'), ('Secretion of inflammatory molecules by adipose cells', 'Insulin resistance'), ('Presence of a vibrant community', 'Control'), ('Obesity', 'Weight bias'), ('Healthy eating', 'Blood mono-unsaturated fatty acid level'), ('Exercise', 'Heart rate'), ('Available time', 'Recreational physical activity'), ('Chronic conditions', 'Depression'), ('Exercise', 'Insulin resistance'), ('Weight bias', 'Socio-economic status'), ('Mental well-being', 'Physical well-being'), ('Obesity', 'Obstructive sleep apnea'), ('Eating disorders', 'Healthy eating'), ('Consumer demand for regulations', 'Marketing of healthy foods'), ('Dyslipidemia', 'Blood pressure'), ('Obesity', 'Gastro-esophageal reflux disease'), ('Perceived environmental safety', 'Mental well-being'), ('Late night TV watching', 'Short sleep duration'), ('Auto-inflammatory diseases', 'Inflammation'), ('Depression', 'Healthy eating'), ('Socio-economic status', 'Stress'), ('Exercise', 'Blood glucose level'), ('Public support and demand for healthy products', 'Marketing of healthy foods'), ('Unhealthy foods are cheaper than healthy ones', 'Supportive food environment'), ('Control', 'Mental well-being'), ('Atherosclerosis', 'Coronary heart diseases'), ('Socio-economic status', 'Physical well-being'), ('Ability to engage in physical activity', 'Physical activity'), ('Public health messaging around thinness', 'Weight bias'), ('Public support and demand for healthy products', 'Availability of healthy foods'), ('Release of adipokines', 'Atherosclerosis'), ('Consumer demand for regulations', 'Marketing of unhealthy foods'), ('Resilience', 'Mental well-being'), ('Blood mono-unsaturated fatty acid level', 'Secretion of inflammatory molecules by adipose cells'), ('Medical perspective that thin is good', 'Public health messaging around thinness'), ('Mental well-being', 'Medications'), ('Sexual difficulties', 'Mental well-being'), ('Insulin resistance', 'Fatty acids in the artery walls'), ('Insulin resistance', 'Cells intake of fatty acids'), ('Sidewalk prevalence and maintenance', 'Utilitarian physical activity '), ('Adipose storage of fatty acids', 'Inflammation'), ('Socio-economic status', 'Exercise'), ('Thoracic and abdominal obesity', 'Airway resistance'), ('Healthy eating', 'Short sleep duration'), ('Perceived environmental safety', 'Physical well-being'), ('Weight bias', 'Depression'), ('Emotional eating', 'Mental well-being'), ('Late night TV watching', 'Healthy eating'), ('Control', 'Stress'), ('Aesthetics', 'Physical well-being'), ('Economic incentives to produce unhealthy food products', 'Cost of unhealthy foods'), ('Supportive food environment', 'Healthy eating'), ('Appetite', 'Physical well-being'), ('Thoracic and abdominal obesity', 'Respiratory muscle fatigue'), ('Cardiovascular diseases', 'Fear of engaging in physical activity'), ('Socio-economic status', 'Mental well-being'), ('Unhealthy weight control practices', 'Obesity'), ('Exercise', 'Blood pressure'), ('Sodium retention', 'Blood pressure'), ('Short sleep duration', 'Pro-inflammatory cytokines'), ('Medications', 'Obesity'), ('Short sleep duration', 'Appetite'), ('Balance', 'Ability to engage in physical activity'), ('Short sleep duration', 'Cortisol'), ('Airway resistance', 'Asthma'), ('Short sleep duration', 'Blood pressure'), ('Medical perspective that thin is good', 'Cultural norms around thinness'), ('Healthy eating', 'Blood glucose level'), ('Mental well-being', 'Anticonvulsants'), ('Fatty acids in the artery walls', 'Atherosclerosis'), ('Dyslipidemia', 'Insulin resistance'), ('Blood glucose level', 'Fatty acids in the artery walls'), ('Respiratory diseases', 'Ability to engage in physical activity'), ('Blood saturated fatty acid level', 'Secretion of inflammatory molecules by adipose cells'), ('Dysfunctional adipose tissue', 'Inflammation'), ('Weight bias', 'Mental well-being'), ('Coordination', 'Ability to engage in physical activity'), ('Cultural norms around thinness', 'Cultural norms around thinness'), ('Cultural norms around thinness', 'Poor body image'), ('Obesity', 'Short sleep duration'), ('Inflammation', 'Asthma'), ('Healthy eating', 'Sodium intake'), ('Cultural norms around thinness', 'Eating disorders'), ('Poor body image', 'Sexual difficulties'), ('Fear of engaging in physical activity', 'Physical activity'), ('Short sleep duration', 'Healthy eating'), ('Coronary heart diseases', 'Dyspnea'), ('Stress', 'Inflammation'), ('Weight bias', 'Stress'), ('Unhealthy weight control practices', 'Eating disorders'), ('Tiredness', 'Ability to engage in physical activity'), ('Short sleep duration', 'Heart rate'), ('Prevalence of bike trails', 'Quality of the sport infrastructure'), ('Exercise', 'Blood fatty acid level'), ('Mental well-being', 'Emotional eating'), ('Poor body image', 'Poor body image'), ('Blood fatty acid level', 'Blood glucose level'), ('Cardiovascular diseases', 'Depression'), ('Pro-inflammatory cytokines', 'Inflammation'), ('Prevalence of green fields', 'Quality of the sport infrastructure'), ('Mental well-being', 'Antipsychotics'), ('Socio-economic status', 'Control'), ('Weight bias', 'Poor body image'), ('Positive experience of sports', 'Recreational physical activity'), ('Public support and demand for healthy products', 'Cost of healthy foods'), ('Socio-economic status', 'Availability of healthy foods'), ('Cardiovascular diseases', 'Physical well-being'), ('Respiratory muscle fatigue', 'Dyspnea'), ('Heart rate', 'Coronary heart diseases'), ('Pressure to be thin', 'Poor body image'), ('Medications', 'Coordination'), ('Beta blockers', 'Ability to engage in physical activity'), ('Antipsychotics', 'Appetite'), ('Sodium intake', 'Blood pressure'), ('Pressure to be thin', 'Unhealthy weight control practices'), ('Airway resistance', 'Asthma-like symptoms'), ('Depression', 'Stress'), ('Medications', 'Concentration'), ('Public support and demand for healthy products', 'Marketing of unhealthy foods'), ('Poor body image', 'Eating disorders'), ('Emotional eating', 'Healthy eating'), ('Obesity', 'Access to health professionals'), ('Obesity', 'Mental well-being'), ('Unhealthy foods are more available than healthy ones', 'Supportive food environment'), ('Healthy eating', 'Blood saturated fatty acid level'), ('Presence of a vibrant community', 'Resilience'), ('Cells intake of fatty acids', 'Adipose storage of fatty acids'), ('Physical activity', 'Physical well-being'), ('Appetite', 'Healthy eating'), ('Aesthetics', 'Stress'), ('Chronic conditions', 'Mental well-being'), ('Weight bias', 'Positive experience of sports'), ('Healthy eating', 'Dyslipidemia'), ('Quality of the sport infrastructure', 'Recreational physical activity'), ('Physical pain', 'Ability to engage in physical activity'), ('Prevalence of green fields', 'Aesthetics'), ('Concentration', 'Ability to engage in physical activity'), ('Aesthetics', 'Mental well-being'), ('Poor body image', 'Depression'), ('Chronic conditions', 'Physical well-being'), ('Obesity', 'Release of adipokines'), ('Blood glucose level', 'Sodium retention'), ('Restrictive covenants', 'Availability of healthy foods'), ('Musculoskeletal pain', 'Mental well-being'), ('Weight bias', 'Unhealthy weight control practices'), ('Physical activity', 'Mental well-being'), ('Access to health professionals', 'Ability to engage in physical activity'), ('Stimulants', 'Short sleep duration'), ('Culture of eating that promotes healthy choices', 'Healthy eating'), ('Culture of eating that promotes healthy choices', 'Mental well-being'), ('Weight bias', 'Exercise'), ('Obesity', 'Dysfunctional adipose tissue'), ('Medications', 'Tiredness'), ('Inflammation', 'Insulin resistance'), ('Anticonvulsants', 'Appetite'), ('Inflammation', 'Auto-inflammatory diseases'), ('Accessibility to shops', 'Utilitarian physical activity '), ('Blood fatty acid level', 'Adipose storage of fatty acids'), ('Perceived environmental safety', 'Physical activity'), ('Short sleep duration', 'Physical well-being'), ('Cultural norms around thinness', 'Pressure to be thin'), ('Weight bias', 'Access to health professionals'), ('Public health messaging around thinness', 'Pressure to be thin'), ('Dysfunctional adipose tissue', 'Blood pressure'), ('Dysfunctional adipose tissue', 'Dyslipidemia'), ('Aesthetics', 'Utilitarian physical activity '), ('Obesity', 'Unhealthy weight control practices'), ('Obesity', 'Asthma-like symptoms'), ('Marketing ratio of unhealthy to healthy foods', 'Supportive food environment'), ('Dyslipidemia', 'Atherosclerosis'), ('Physical well-being', 'Mental well-being'), ('Public support and demand for healthy products', 'Cost of unhealthy foods'), ('Musculoskeletal pain', 'Physical well-being'), ('Coronary heart diseases', 'Exercise')]"
0,"[('Socio-economic status', 'Short sleep duration'), ('Pressure to be thin', 'Stimulants'), ('Weight bias', 'Dyslipidemia'), ('Stress', 'Cortisol'), ('Poor body image', 'Unhealthy weight control practices'), ('Mental well-being', 'Ability to engage in physical activity'), ('Depression', 'Pro-inflammatory cytokines')]",-1,1,1,-1,1,"[('Culture of eating that promotes healthy choices', 'Physical well-being'), ('Weight bias', 'Socio-economic status'), ('Mental well-being', 'Physical well-being'), ('Socio-economic status', 'Stress'), ('Control', 'Mental well-being'), ('Socio-economic status', 'Physical well-being'), ('Public health messaging around thinness', 'Weight bias'), ('Resilience', 'Mental well-being'), ('Medical perspective that thin is good', 'Public health messaging around thinness'), ('Weight bias', 'Depression'), ('Control', 'Stress'), ('Socio-economic status', 'Mental well-being'), ('Medical perspective that thin is good', 'Cultural norms around thinness'), ('Weight bias', 'Mental well-being'), ('Cultural norms around thinness', 'Cultural norms around thinness'), ('Cultural norms around thinness', 'Poor body image'), ('Weight bias', 'Stress'), ('Poor body image', 'Poor body image'), ('Socio-economic status', 'Control'), ('Weight bias', 'Poor body image'), ('Pressure to be thin', 'Poor body image'), ('Depression', 'Stress'), ('Poor body image', 'Depression'), ('Culture of eating that promotes healthy choices', 'Mental well-being'), ('Cultural norms around thinness', 'Pressure to be thin'), ('Public health messaging around thinness', 'Pressure to be thin'), ('Physical well-being', 'Mental well-being')]","[('Medications', 'Balance'), ('Secretion of inflammatory molecules by adipose cells', 'Insulin resistance'), ('Obesity', 'Obstructive sleep apnea'), ('Dyslipidemia', 'Blood pressure'), ('Obesity', 'Gastro-esophageal reflux disease'), ('Auto-inflammatory diseases', 'Inflammation'), ('Atherosclerosis', 'Coronary heart diseases'), ('Release of adipokines', 'Atherosclerosis'), ('Blood mono-unsaturated fatty acid level', 'Secretion of inflammatory molecules by adipose cells'), ('Insulin resistance', 'Fatty acids in the artery walls'), ('Insulin resistance', 'Cells intake of fatty acids'), ('Adipose storage of fatty acids', 'Inflammation'), ('Thoracic and abdominal obesity', 'Airway resistance'), ('Thoracic and abdominal obesity', 'Respiratory muscle fatigue'), ('Unhealthy weight control practices', 'Obesity'), ('Sodium retention', 'Blood pressure'), ('Short sleep duration', 'Pro-inflammatory cytokines'), ('Medications', 'Obesity'), ('Balance', 'Ability to engage in physical activity'), ('Short sleep duration', 'Cortisol'), ('Airway resistance', 'Asthma'), ('Short sleep duration', 'Blood pressure'), ('Fatty acids in the artery walls', 'Atherosclerosis'), ('Dyslipidemia', 'Insulin resistance'), ('Blood glucose level', 'Fatty acids in the artery walls'), ('Respiratory diseases', 'Ability to engage in physical activity'), ('Blood saturated fatty acid level', 'Secretion of inflammatory molecules by adipose cells'), ('Dysfunctional adipose tissue', 'Inflammation'), ('Coordination', 'Ability to engage in physical activity'), ('Obesity', 'Short sleep duration'), ('Inflammation', 'Asthma'), ('Coronary heart diseases', 'Dyspnea'), ('Tiredness', 'Ability to engage in physical activity'), ('Short sleep duration', 'Heart rate'), ('Blood fatty acid level', 'Blood glucose level'), ('Pro-inflammatory cytokines', 'Inflammation'), ('Respiratory muscle fatigue', 'Dyspnea'), ('Heart rate', 'Coronary heart diseases'), ('Medications', 'Coordination'), ('Beta blockers', 'Ability to engage in physical activity'), ('Sodium intake', 'Blood pressure'), ('Airway resistance', 'Asthma-like symptoms'), ('Medications', 'Concentration'), ('Cells intake of fatty acids', 'Adipose storage of fatty acids'), ('Physical pain', 'Ability to engage in physical activity'), ('Concentration', 'Ability to engage in physical activity'), ('Obesity', 'Release of adipokines'), ('Blood glucose level', 'Sodium retention'), ('Stimulants', 'Short sleep duration'), ('Obesity', 'Dysfunctional adipose tissue'), ('Medications', 'Tiredness'), ('Inflammation', 'Insulin resistance'), ('Inflammation', 'Auto-inflammatory diseases'), ('Blood fatty acid level', 'Adipose storage of fatty acids'), ('Dysfunctional adipose tissue', 'Blood pressure'), ('Dysfunctional adipose tissue', 'Dyslipidemia'), ('Obesity', 'Unhealthy weight control practices'), ('Obesity', 'Asthma-like symptoms'), ('Dyslipidemia', 'Atherosclerosis')]","[('Prevalence of walking trails', 'Quality of the sport infrastructure'), ('Medications', 'Balance'), ('Culture of eating that promotes healthy choices', 'Physical well-being'), ('Secretion of inflammatory molecules by adipose cells', 'Insulin resistance'), ('Presence of a vibrant community', 'Control'), ('Obesity', 'Weight bias'), ('Healthy eating', 'Blood mono-unsaturated fatty acid level'), ('Exercise', 'Heart rate'), ('Available time', 'Recreational physical activity'), ('Chronic conditions', 'Depression'), ('Exercise', 'Insulin resistance'), ('Weight bias', 'Socio-economic status'), ('Mental well-being', 'Physical well-being'), ('Obesity', 'Obstructive sleep apnea'), ('Eating disorders', 'Healthy eating'), ('Consumer demand for regulations', 'Marketing of healthy foods'), ('Dyslipidemia', 'Blood pressure'), ('Obesity', 'Gastro-esophageal reflux disease'), ('Perceived environmental safety', 'Mental well-being'), ('Late night TV watching', 'Short sleep duration'), ('Auto-inflammatory diseases', 'Inflammation'), ('Depression', 'Healthy eating'), ('Socio-economic status', 'Stress'), ('Exercise', 'Blood glucose level'), ('Public support and demand for healthy products', 'Marketing of healthy foods'), ('Unhealthy foods are cheaper than healthy ones', 'Supportive food environment'), ('Control', 'Mental well-being'), ('Atherosclerosis', 'Coronary heart diseases'), ('Socio-economic status', 'Physical well-being'), ('Ability to engage in physical activity', 'Physical activity'), ('Public health messaging around thinness', 'Weight bias'), ('Public support and demand for healthy products', 'Availability of healthy foods'), ('Release of adipokines', 'Atherosclerosis'), ('Consumer demand for regulations', 'Marketing of unhealthy foods'), ('Resilience', 'Mental well-being'), ('Blood mono-unsaturated fatty acid level', 'Secretion of inflammatory molecules by adipose cells'), ('Medical perspective that thin is good', 'Public health messaging around thinness'), ('Mental well-being', 'Medications'), ('Sexual difficulties', 'Mental well-being'), ('Insulin resistance', 'Fatty acids in the artery walls'), ('Insulin resistance', 'Cells intake of fatty acids'), ('Sidewalk prevalence and maintenance', 'Utilitarian physical activity '), ('Adipose storage of fatty acids', 'Inflammation'), ('Socio-economic status', 'Exercise'), ('Thoracic and abdominal obesity', 'Airway resistance'), ('Healthy eating', 'Short sleep duration'), ('Perceived environmental safety', 'Physical well-being'), ('Weight bias', 'Depression'), ('Emotional eating', 'Mental well-being'), ('Late night TV watching', 'Healthy eating'), ('Control', 'Stress'), ('Aesthetics', 'Physical well-being'), ('Economic incentives to produce unhealthy food products', 'Cost of unhealthy foods'), ('Supportive food environment', 'Healthy eating'), ('Appetite', 'Physical well-being'), ('Thoracic and abdominal obesity', 'Respiratory muscle fatigue'), ('Cardiovascular diseases', 'Fear of engaging in physical activity'), ('Socio-economic status', 'Mental well-being'), ('Unhealthy weight control practices', 'Obesity'), ('Exercise', 'Blood pressure'), ('Sodium retention', 'Blood pressure'), ('Short sleep duration', 'Pro-inflammatory cytokines'), ('Medications', 'Obesity'), ('Short sleep duration', 'Appetite'), ('Balance', 'Ability to engage in physical activity'), ('Short sleep duration', 'Cortisol'), ('Airway resistance', 'Asthma'), ('Short sleep duration', 'Blood pressure'), ('Medical perspective that thin is good', 'Cultural norms around thinness'), ('Healthy eating', 'Blood glucose level'), ('Mental well-being', 'Anticonvulsants'), ('Fatty acids in the artery walls', 'Atherosclerosis'), ('Dyslipidemia', 'Insulin resistance'), ('Blood glucose level', 'Fatty acids in the artery walls'), ('Respiratory diseases', 'Ability to engage in physical activity'), ('Blood saturated fatty acid level', 'Secretion of inflammatory molecules by adipose cells'), ('Dysfunctional adipose tissue', 'Inflammation'), ('Weight bias', 'Mental well-being'), ('Coordination', 'Ability to engage in physical activity'), ('Cultural norms around thinness', 'Cultural norms around thinness'), ('Cultural norms around thinness', 'Poor body image'), ('Obesity', 'Short sleep duration'), ('Inflammation', 'Asthma'), ('Healthy eating', 'Sodium intake'), ('Cultural norms around thinness', 'Eating disorders'), ('Poor body image', 'Sexual difficulties'), ('Fear of engaging in physical activity', 'Physical activity'), ('Short sleep duration', 'Healthy eating'), ('Coronary heart diseases', 'Dyspnea'), ('Stress', 'Inflammation'), ('Weight bias', 'Stress'), ('Unhealthy weight control practices', 'Eating disorders'), ('Tiredness', 'Ability to engage in physical activity'), ('Short sleep duration', 'Heart rate'), ('Prevalence of bike trails', 'Quality of the sport infrastructure'), ('Exercise', 'Blood fatty acid level'), ('Mental well-being', 'Emotional eating'), ('Poor body image', 'Poor body image'), ('Blood fatty acid level', 'Blood glucose level'), ('Cardiovascular diseases', 'Depression'), ('Pro-inflammatory cytokines', 'Inflammation'), ('Prevalence of green fields', 'Quality of the sport infrastructure'), ('Mental well-being', 'Antipsychotics'), ('Socio-economic status', 'Control'), ('Weight bias', 'Poor body image'), ('Positive experience of sports', 'Recreational physical activity'), ('Public support and demand for healthy products', 'Cost of healthy foods'), ('Socio-economic status', 'Availability of healthy foods'), ('Cardiovascular diseases', 'Physical well-being'), ('Respiratory muscle fatigue', 'Dyspnea'), ('Heart rate', 'Coronary heart diseases'), ('Pressure to be thin', 'Poor body image'), ('Medications', 'Coordination'), ('Beta blockers', 'Ability to engage in physical activity'), ('Antipsychotics', 'Appetite'), ('Sodium intake', 'Blood pressure'), ('Pressure to be thin', 'Unhealthy weight control practices'), ('Airway resistance', 'Asthma-like symptoms'), ('Depression', 'Stress'), ('Medications', 'Concentration'), ('Public support and demand for healthy products', 'Marketing of unhealthy foods'), ('Poor body image', 'Eating disorders'), ('Emotional eating', 'Healthy eating'), ('Obesity', 'Access to health professionals'), ('Obesity', 'Mental well-being'), ('Unhealthy foods are more available than healthy ones', 'Supportive food environment'), ('Healthy eating', 'Blood saturated fatty acid level'), ('Presence of a vibrant community', 'Resilience'), ('Cells intake of fatty acids', 'Adipose storage of fatty acids'), ('Physical activity', 'Physical well-being'), ('Appetite', 'Healthy eating'), ('Aesthetics', 'Stress'), ('Chronic conditions', 'Mental well-being'), ('Weight bias', 'Positive experience of sports'), ('Healthy eating', 'Dyslipidemia'), ('Quality of the sport infrastructure', 'Recreational physical activity'), ('Physical pain', 'Ability to engage in physical activity'), ('Prevalence of green fields', 'Aesthetics'), ('Concentration', 'Ability to engage in physical activity'), ('Aesthetics', 'Mental well-being'), ('Poor body image', 'Depression'), ('Chronic conditions', 'Physical well-being'), ('Obesity', 'Release of adipokines'), ('Blood glucose level', 'Sodium retention'), ('Restrictive covenants', 'Availability of healthy foods'), ('Musculoskeletal pain', 'Mental well-being'), ('Weight bias', 'Unhealthy weight control practices'), ('Physical activity', 'Mental well-being'), ('Access to health professionals', 'Ability to engage in physical activity'), ('Stimulants', 'Short sleep duration'), ('Culture of eating that promotes healthy choices', 'Healthy eating'), ('Culture of eating that promotes healthy choices', 'Mental well-being'), ('Weight bias', 'Exercise'), ('Obesity', 'Dysfunctional adipose tissue'), ('Medications', 'Tiredness'), ('Inflammation', 'Insulin resistance'), ('Anticonvulsants', 'Appetite'), ('Inflammation', 'Auto-inflammatory diseases'), ('Accessibility to shops', 'Utilitarian physical activity '), ('Blood fatty acid level', 'Adipose storage of fatty acids'), ('Perceived environmental safety', 'Physical activity'), ('Short sleep duration', 'Physical well-being'), ('Cultural norms around thinness', 'Pressure to be thin'), ('Weight bias', 'Access to health professionals'), ('Public health messaging around thinness', 'Pressure to be thin'), ('Dysfunctional adipose tissue', 'Blood pressure'), ('Dysfunctional adipose tissue', 'Dyslipidemia'), ('Aesthetics', 'Utilitarian physical activity '), ('Obesity', 'Unhealthy weight control practices'), ('Obesity', 'Asthma-like symptoms'), ('Marketing ratio of unhealthy to healthy foods', 'Supportive food environment'), ('Dyslipidemia', 'Atherosclerosis'), ('Physical well-being', 'Mental well-being'), ('Public support and demand for healthy products', 'Cost of unhealthy foods'), ('Musculoskeletal pain', 'Physical well-being'), ('Coronary heart diseases', 'Exercise')]"
1,"[('Socio-economic status', 'Short sleep duration'), ('Pressure to be thin', 'Stimulants'), ('Weight bias', 'Dyslipidemia'), ('Stress', 'Cortisol'), ('Poor body image', 'Unhealthy weight control practices'), ('Mental well-being', 'Ability to engage in physical activity'), ('Depression', 'Pro-inflammatory cytokines')]",-1,1,1,-1,1,"[('Culture of eating that promotes healthy choices', 'Physical well-being'), ('Weight bias', 'Socio-economic status'), ('Mental well-being', 'Physical well-being'), ('Socio-economic status', 'Stress'), ('Control', 'Mental well-being'), ('Socio-economic status', 'Physical well-being'), ('Public health messaging around thinness', 'Weight bias'), ('Resilience', 'Mental well-being'), ('Medical perspective that thin is good', 'Public health messaging around thinness'), ('Weight bias', 'Depression'), ('Control', 'Stress'), ('Socio-economic status', 'Mental well-being'), ('Medical perspective that thin is good', 'Cultural norms around thinness'), ('Weight bias', 'Mental well-being'), ('Cultural norms around thinness', 'Cultural norms around thinness'), ('Cultural norms around thinness', 'Poor body image'), ('Weight bias', 'Stress'), ('Poor body image', 'Poor body image'), ('Socio-economic status', 'Control'), ('Weight bias', 'Poor body image'), ('Pressure to be thin', 'Poor body image'), ('Depression', 'Stress'), ('Poor body image', 'Depression'), ('Culture of eating that promotes healthy choices', 'Mental well-being'), ('Cultural norms around thinness', 'Pressure to be thin'), ('Public health messaging around thinness', 'Pressure to be thin'), ('Physical well-being', 'Mental well-being')]","[('Medications', 'Balance'), ('Secretion of inflammatory molecules by adipose cells', 'Insulin resistance'), ('Obesity', 'Obstructive sleep apnea'), ('Dyslipidemia', 'Blood pressure'), ('Obesity', 'Gastro-esophageal reflux disease'), ('Auto-inflammatory diseases', 'Inflammation'), ('Atherosclerosis', 'Coronary heart diseases'), ('Release of adipokines', 'Atherosclerosis'), ('Blood mono-unsaturated fatty acid level', 'Secretion of inflammatory molecules by adipose cells'), ('Insulin resistance', 'Fatty acids in the artery walls'), ('Insulin resistance', 'Cells intake of fatty acids'), ('Adipose storage of fatty acids', 'Inflammation'), ('Thoracic and abdominal obesity', 'Airway resistance'), ('Thoracic and abdominal obesity', 'Respiratory muscle fatigue'), ('Unhealthy weight control practices', 'Obesity'), ('Sodium retention', 'Blood pressure'), ('Short sleep duration', 'Pro-inflammatory cytokines'), ('Medications', 'Obesity'), ('Balance', 'Ability to engage in physical activity'), ('Short sleep duration', 'Cortisol'), ('Airway resistance', 'Asthma'), ('Short sleep duration', 'Blood pressure'), ('Fatty acids in the artery walls', 'Atherosclerosis'), ('Dyslipidemia', 'Insulin resistance'), ('Blood glucose level', 'Fatty acids in the artery walls'), ('Respiratory diseases', 'Ability to engage in physical activity'), ('Blood saturated fatty acid level', 'Secretion of inflammatory molecules by adipose cells'), ('Dysfunctional adipose tissue', 'Inflammation'), ('Coordination', 'Ability to engage in physical activity'), ('Obesity', 'Short sleep duration'), ('Inflammation', 'Asthma'), ('Coronary heart diseases', 'Dyspnea'), ('Tiredness', 'Ability to engage in physical activity'), ('Short sleep duration', 'Heart rate'), ('Blood fatty acid level', 'Blood glucose level'), ('Pro-inflammatory cytokines', 'Inflammation'), ('Respiratory muscle fatigue', 'Dyspnea'), ('Heart rate', 'Coronary heart diseases'), ('Medications', 'Coordination'), ('Beta blockers', 'Ability to engage in physical activity'), ('Sodium intake', 'Blood pressure'), ('Airway resistance', 'Asthma-like symptoms'), ('Medications', 'Concentration'), ('Cells intake of fatty acids', 'Adipose storage of fatty acids'), ('Physical pain', 'Ability to engage in physical activity'), ('Concentration', 'Ability to engage in physical activity'), ('Obesity', 'Release of adipokines'), ('Blood glucose level', 'Sodium retention'), ('Stimulants', 'Short sleep duration'), ('Obesity', 'Dysfunctional adipose tissue'), ('Medications', 'Tiredness'), ('Inflammation', 'Insulin resistance'), ('Inflammation', 'Auto-inflammatory diseases'), ('Blood fatty acid level', 'Adipose storage of fatty acids'), ('Dysfunctional adipose tissue', 'Blood pressure'), ('Dysfunctional adipose tissue', 'Dyslipidemia'), ('Obesity', 'Unhealthy weight control practices'), ('Obesity', 'Asthma-like symptoms'), ('Dyslipidemia', 'Atherosclerosis')]","[('Prevalence of walking trails', 'Quality of the sport infrastructure'), ('Medications', 'Balance'), ('Culture of eating that promotes healthy choices', 'Physical well-being'), ('Secretion of inflammatory molecules by adipose cells', 'Insulin resistance'), ('Presence of a vibrant community', 'Control'), ('Obesity', 'Weight bias'), ('Healthy eating', 'Blood mono-unsaturated fatty acid level'), ('Exercise', 'Heart rate'), ('Available time', 'Recreational physical activity'), ('Chronic conditions', 'Depression'), ('Exercise', 'Insulin resistance'), ('Weight bias', 'Socio-economic status'), ('Mental well-being', 'Physical well-being'), ('Obesity', 'Obstructive sleep apnea'), ('Eating disorders', 'Healthy eating'), ('Consumer demand for regulations', 'Marketing of healthy foods'), ('Dyslipidemia', 'Blood pressure'), ('Obesity', 'Gastro-esophageal reflux disease'), ('Perceived environmental safety', 'Mental well-being'), ('Late night TV watching', 'Short sleep duration'), ('Auto-inflammatory diseases', 'Inflammation'), ('Depression', 'Healthy eating'), ('Socio-economic status', 'Stress'), ('Exercise', 'Blood glucose level'), ('Public support and demand for healthy products', 'Marketing of healthy foods'), ('Unhealthy foods are cheaper than healthy ones', 'Supportive food environment'), ('Control', 'Mental well-being'), ('Atherosclerosis', 'Coronary heart diseases'), ('Socio-economic status', 'Physical well-being'), ('Ability to engage in physical activity', 'Physical activity'), ('Public health messaging around thinness', 'Weight bias'), ('Public support and demand for healthy products', 'Availability of healthy foods'), ('Release of adipokines', 'Atherosclerosis'), ('Consumer demand for regulations', 'Marketing of unhealthy foods'), ('Resilience', 'Mental well-being'), ('Blood mono-unsaturated fatty acid level', 'Secretion of inflammatory molecules by adipose cells'), ('Medical perspective that thin is good', 'Public health messaging around thinness'), ('Mental well-being', 'Medications'), ('Sexual difficulties', 'Mental well-being'), ('Insulin resistance', 'Fatty acids in the artery walls'), ('Insulin resistance', 'Cells intake of fatty acids'), ('Sidewalk prevalence and maintenance', 'Utilitarian physical activity '), ('Adipose storage of fatty acids', 'Inflammation'), ('Socio-economic status', 'Exercise'), ('Thoracic and abdominal obesity', 'Airway resistance'), ('Healthy eating', 'Short sleep duration'), ('Perceived environmental safety', 'Physical well-being'), ('Weight bias', 'Depression'), ('Emotional eating', 'Mental well-being'), ('Late night TV watching', 'Healthy eating'), ('Control', 'Stress'), ('Aesthetics', 'Physical well-being'), ('Economic incentives to produce unhealthy food products', 'Cost of unhealthy foods'), ('Supportive food environment', 'Healthy eating'), ('Appetite', 'Physical well-being'), ('Thoracic and abdominal obesity', 'Respiratory muscle fatigue'), ('Cardiovascular diseases', 'Fear of engaging in physical activity'), ('Socio-economic status', 'Mental well-being'), ('Unhealthy weight control practices', 'Obesity'), ('Exercise', 'Blood pressure'), ('Sodium retention', 'Blood pressure'), ('Short sleep duration', 'Pro-inflammatory cytokines'), ('Medications', 'Obesity'), ('Short sleep duration', 'Appetite'), ('Balance', 'Ability to engage in physical activity'), ('Short sleep duration', 'Cortisol'), ('Airway resistance', 'Asthma'), ('Short sleep duration', 'Blood pressure'), ('Medical perspective that thin is good', 'Cultural norms around thinness'), ('Healthy eating', 'Blood glucose level'), ('Mental well-being', 'Anticonvulsants'), ('Fatty acids in the artery walls', 'Atherosclerosis'), ('Dyslipidemia', 'Insulin resistance'), ('Blood glucose level', 'Fatty acids in the artery walls'), ('Respiratory diseases', 'Ability to engage in physical activity'), ('Blood saturated fatty acid level', 'Secretion of inflammatory molecules by adipose cells'), ('Dysfunctional adipose tissue', 'Inflammation'), ('Weight bias', 'Mental well-being'), ('Coordination', 'Ability to engage in physical activity'), ('Cultural norms around thinness', 'Cultural norms around thinness'), ('Cultural norms around thinness', 'Poor body image'), ('Obesity', 'Short sleep duration'), ('Inflammation', 'Asthma'), ('Healthy eating', 'Sodium intake'), ('Cultural norms around thinness', 'Eating disorders'), ('Poor body image', 'Sexual difficulties'), ('Fear of engaging in physical activity', 'Physical activity'), ('Short sleep duration', 'Healthy eating'), ('Coronary heart diseases', 'Dyspnea'), ('Stress', 'Inflammation'), ('Weight bias', 'Stress'), ('Unhealthy weight control practices', 'Eating disorders'), ('Tiredness', 'Ability to engage in physical activity'), ('Short sleep duration', 'Heart rate'), ('Prevalence of bike trails', 'Quality of the sport infrastructure'), ('Exercise', 'Blood fatty acid level'), ('Mental well-being', 'Emotional eating'), ('Poor body image', 'Poor body image'), ('Blood fatty acid level', 'Blood glucose level'), ('Cardiovascular diseases', 'Depression'), ('Pro-inflammatory cytokines', 'Inflammation'), ('Prevalence of green fields', 'Quality of the sport infrastructure'), ('Mental well-being', 'Antipsychotics'), ('Socio-economic status', 'Control'), ('Weight bias', 'Poor body image'), ('Positive experience of sports', 'Recreational physical activity'), ('Public support and demand for healthy products', 'Cost of healthy foods'), ('Socio-economic status', 'Availability of healthy foods'), ('Cardiovascular diseases', 'Physical well-being'), ('Respiratory muscle fatigue', 'Dyspnea'), ('Heart rate', 'Coronary heart diseases'), ('Pressure to be thin', 'Poor body image'), ('Medications', 'Coordination'), ('Beta blockers', 'Ability to engage in physical activity'), ('Antipsychotics', 'Appetite'), ('Sodium intake', 'Blood pressure'), ('Pressure to be thin', 'Unhealthy weight control practices'), ('Airway resistance', 'Asthma-like symptoms'), ('Depression', 'Stress'), ('Medications', 'Concentration'), ('Public support and demand for healthy products', 'Marketing of unhealthy foods'), ('Poor body image', 'Eating disorders'), ('Emotional eating', 'Healthy eating'), ('Obesity', 'Access to health professionals'), ('Obesity', 'Mental well-being'), ('Unhealthy foods are more available than healthy ones', 'Supportive food environment'), ('Healthy eating', 'Blood saturated fatty acid level'), ('Presence of a vibrant community', 'Resilience'), ('Cells intake of fatty acids', 'Adipose storage of fatty acids'), ('Physical activity', 'Physical well-being'), ('Appetite', 'Healthy eating'), ('Aesthetics', 'Stress'), ('Chronic conditions', 'Mental well-being'), ('Weight bias', 'Positive experience of sports'), ('Healthy eating', 'Dyslipidemia'), ('Quality of the sport infrastructure', 'Recreational physical activity'), ('Physical pain', 'Ability to engage in physical activity'), ('Prevalence of green fields', 'Aesthetics'), ('Concentration', 'Ability to engage in physical activity'), ('Aesthetics', 'Mental well-being'), ('Poor body image', 'Depression'), ('Chronic conditions', 'Physical well-being'), ('Obesity', 'Release of adipokines'), ('Blood glucose level', 'Sodium retention'), ('Restrictive covenants', 'Availability of healthy foods'), ('Musculoskeletal pain', 'Mental well-being'), ('Weight bias', 'Unhealthy weight control practices'), ('Physical activity', 'Mental well-being'), ('Access to health professionals', 'Ability to engage in physical activity'), ('Stimulants', 'Short sleep duration'), ('Culture of eating that promotes healthy choices', 'Healthy eating'), ('Culture of eating that promotes healthy choices', 'Mental well-being'), ('Weight bias', 'Exercise'), ('Obesity', 'Dysfunctional adipose tissue'), ('Medications', 'Tiredness'), ('Inflammation', 'Insulin resistance'), ('Anticonvulsants', 'Appetite'), ('Inflammation', 'Auto-inflammatory diseases'), ('Accessibility to shops', 'Utilitarian physical activity '), ('Blood fatty acid level', 'Adipose storage of fatty acids'), ('Perceived environmental safety', 'Physical activity'), ('Short sleep duration', 'Physical well-being'), ('Cultural norms around thinness', 'Pressure to be thin'), ('Weight bias', 'Access to health professionals'), ('Public health messaging around thinness', 'Pressure to be thin'), ('Dysfunctional adipose tissue', 'Blood pressure'), ('Dysfunctional adipose tissue', 'Dyslipidemia'), ('Aesthetics', 'Utilitarian physical activity '), ('Obesity', 'Unhealthy weight control practices'), ('Obesity', 'Asthma-like symptoms'), ('Marketing ratio of unhealthy to healthy foods', 'Supportive food environment'), ('Dyslipidemia', 'Atherosclerosis'), ('Physical well-being', 'Mental well-being'), ('Public support and demand for healthy products', 'Cost of unhealthy foods'), ('Musculoskeletal pain', 'Physical well-being'), ('Coronary heart diseases', 'Exercise')]"
2,"[('Socio-economic status', 'Short sleep duration'), ('Pressure to be thin', 'Stimulants'), ('Weight bias', 'Dyslipidemia'), ('Stress', 'Cortisol'), ('Poor body image', 'Unhealthy weight control practices'), ('Mental well-being', 'Ability to engage in physical activity'), ('Depression', 'Pro-inflammatory cytokines')]",-1,1,1,-1,1,"[('Culture of eating that promotes healthy choices', 'Physical well-being'), ('Weight bias', 'Socio-economic status'), ('Mental well-being', 'Physical well-being'), ('Socio-economic status', 'Stress'), ('Control', 'Mental well-being'), ('Socio-economic status', 'Physical well-being'), ('Public health messaging around thinness', 'Weight bias'), ('Resilience', 'Mental well-being'), ('Medical perspective that thin is good', 'Public health messaging around thinness'), ('Weight bias', 'Depression'), ('Control', 'Stress'), ('Socio-economic status', 'Mental well-being'), ('Medical perspective that thin is good', 'Cultural norms around thinness'), ('Weight bias', 'Mental well-being'), ('Cultural norms around thinness', 'Cultural norms around thinness'), ('Cultural norms around thinness', 'Poor body image'), ('Weight bias', 'Stress'), ('Poor body image', 'Poor body image'), ('Socio-economic status', 'Control'), ('Weight bias', 'Poor body image'), ('Pressure to be thin', 'Poor body image'), ('Depression', 'Stress'), ('Poor body image', 'Depression'), ('Culture of eating that promotes healthy choices', 'Mental well-being'), ('Cultural norms around thinness', 'Pressure to be thin'), ('Public health messaging around thinness', 'Pressure to be thin'), ('Physical well-being', 'Mental well-being')]","[('Medications', 'Balance'), ('Secretion of inflammatory molecules by adipose cells', 'Insulin resistance'), ('Obesity', 'Obstructive sleep apnea'), ('Dyslipidemia', 'Blood pressure'), ('Obesity', 'Gastro-esophageal reflux disease'), ('Auto-inflammatory diseases', 'Inflammation'), ('Atherosclerosis', 'Coronary heart diseases'), ('Release of adipokines', 'Atherosclerosis'), ('Blood mono-unsaturated fatty acid level', 'Secretion of inflammatory molecules by adipose cells'), ('Insulin resistance', 'Fatty acids in the artery walls'), ('Insulin resistance', 'Cells intake of fatty acids'), ('Adipose storage of fatty acids', 'Inflammation'), ('Thoracic and abdominal obesity', 'Airway resistance'), ('Thoracic and abdominal obesity', 'Respiratory muscle fatigue'), ('Unhealthy weight control practices', 'Obesity'), ('Sodium retention', 'Blood pressure'), ('Short sleep duration', 'Pro-inflammatory cytokines'), ('Medications', 'Obesity'), ('Balance', 'Ability to engage in physical activity'), ('Short sleep duration', 'Cortisol'), ('Airway resistance', 'Asthma'), ('Short sleep duration', 'Blood pressure'), ('Fatty acids in the artery walls', 'Atherosclerosis'), ('Dyslipidemia', 'Insulin resistance'), ('Blood glucose level', 'Fatty acids in the artery walls'), ('Respiratory diseases', 'Ability to engage in physical activity'), ('Blood saturated fatty acid level', 'Secretion of inflammatory molecules by adipose cells'), ('Dysfunctional adipose tissue', 'Inflammation'), ('Coordination', 'Ability to engage in physical activity'), ('Obesity', 'Short sleep duration'), ('Inflammation', 'Asthma'), ('Coronary heart diseases', 'Dyspnea'), ('Tiredness', 'Ability to engage in physical activity'), ('Short sleep duration', 'Heart rate'), ('Blood fatty acid level', 'Blood glucose level'), ('Pro-inflammatory cytokines', 'Inflammation'), ('Respiratory muscle fatigue', 'Dyspnea'), ('Heart rate', 'Coronary heart diseases'), ('Medications', 'Coordination'), ('Beta blockers', 'Ability to engage in physical activity'), ('Sodium intake', 'Blood pressure'), ('Airway resistance', 'Asthma-like symptoms'), ('Medications', 'Concentration'), ('Cells intake of fatty acids', 'Adipose storage of fatty acids'), ('Physical pain', 'Ability to engage in physical activity'), ('Concentration', 'Ability to engage in physical activity'), ('Obesity', 'Release of adipokines'), ('Blood glucose level', 'Sodium retention'), ('Stimulants', 'Short sleep duration'), ('Obesity', 'Dysfunctional adipose tissue'), ('Medications', 'Tiredness'), ('Inflammation', 'Insulin resistance'), ('Inflammation', 'Auto-inflammatory diseases'), ('Blood fatty acid level', 'Adipose storage of fatty acids'), ('Dysfunctional adipose tissue', 'Blood pressure'), ('Dysfunctional adipose tissue', 'Dyslipidemia'), ('Obesity', 'Unhealthy weight control practices'), ('Obesity', 'Asthma-like symptoms'), ('Dyslipidemia', 'Atherosclerosis')]","[('Prevalence of walking trails', 'Quality of the sport infrastructure'), ('Medications', 'Balance'), ('Culture of eating that promotes healthy choices', 'Physical well-being'), ('Secretion of inflammatory molecules by adipose cells', 'Insulin resistance'), ('Presence of a vibrant community', 'Control'), ('Obesity', 'Weight bias'), ('Healthy eating', 'Blood mono-unsaturated fatty acid level'), ('Exercise', 'Heart rate'), ('Available time', 'Recreational physical activity'), ('Chronic conditions', 'Depression'), ('Exercise', 'Insulin resistance'), ('Weight bias', 'Socio-economic status'), ('Mental well-being', 'Physical well-being'), ('Obesity', 'Obstructive sleep apnea'), ('Eating disorders', 'Healthy eating'), ('Consumer demand for regulations', 'Marketing of healthy foods'), ('Dyslipidemia', 'Blood pressure'), ('Obesity', 'Gastro-esophageal reflux disease'), ('Perceived environmental safety', 'Mental well-being'), ('Late night TV watching', 'Short sleep duration'), ('Auto-inflammatory diseases', 'Inflammation'), ('Depression', 'Healthy eating'), ('Socio-economic status', 'Stress'), ('Exercise', 'Blood glucose level'), ('Public support and demand for healthy products', 'Marketing of healthy foods'), ('Unhealthy foods are cheaper than healthy ones', 'Supportive food environment'), ('Control', 'Mental well-being'), ('Atherosclerosis', 'Coronary heart diseases'), ('Socio-economic status', 'Physical well-being'), ('Ability to engage in physical activity', 'Physical activity'), ('Public health messaging around thinness', 'Weight bias'), ('Public support and demand for healthy products', 'Availability of healthy foods'), ('Release of adipokines', 'Atherosclerosis'), ('Consumer demand for regulations', 'Marketing of unhealthy foods'), ('Resilience', 'Mental well-being'), ('Blood mono-unsaturated fatty acid level', 'Secretion of inflammatory molecules by adipose cells'), ('Medical perspective that thin is good', 'Public health messaging around thinness'), ('Mental well-being', 'Medications'), ('Sexual difficulties', 'Mental well-being'), ('Insulin resistance', 'Fatty acids in the artery walls'), ('Insulin resistance', 'Cells intake of fatty acids'), ('Sidewalk prevalence and maintenance', 'Utilitarian physical activity '), ('Adipose storage of fatty acids', 'Inflammation'), ('Socio-economic status', 'Exercise'), ('Thoracic and abdominal obesity', 'Airway resistance'), ('Healthy eating', 'Short sleep duration'), ('Perceived environmental safety', 'Physical well-being'), ('Weight bias', 'Depression'), ('Emotional eating', 'Mental well-being'), ('Late night TV watching', 'Healthy eating'), ('Control', 'Stress'), ('Aesthetics', 'Physical well-being'), ('Economic incentives to produce unhealthy food products', 'Cost of unhealthy foods'), ('Supportive food environment', 'Healthy eating'), ('Appetite', 'Physical well-being'), ('Thoracic and abdominal obesity', 'Respiratory muscle fatigue'), ('Cardiovascular diseases', 'Fear of engaging in physical activity'), ('Socio-economic status', 'Mental well-being'), ('Unhealthy weight control practices', 'Obesity'), ('Exercise', 'Blood pressure'), ('Sodium retention', 'Blood pressure'), ('Short sleep duration', 'Pro-inflammatory cytokines'), ('Medications', 'Obesity'), ('Short sleep duration', 'Appetite'), ('Balance', 'Ability to engage in physical activity'), ('Short sleep duration', 'Cortisol'), ('Airway resistance', 'Asthma'), ('Short sleep duration', 'Blood pressure'), ('Medical perspective that thin is good', 'Cultural norms around thinness'), ('Healthy eating', 'Blood glucose level'), ('Mental well-being', 'Anticonvulsants'), ('Fatty acids in the artery walls', 'Atherosclerosis'), ('Dyslipidemia', 'Insulin resistance'), ('Blood glucose level', 'Fatty acids in the artery walls'), ('Respiratory diseases', 'Ability to engage in physical activity'), ('Blood saturated fatty acid level', 'Secretion of inflammatory molecules by adipose cells'), ('Dysfunctional adipose tissue', 'Inflammation'), ('Weight bias', 'Mental well-being'), ('Coordination', 'Ability to engage in physical activity'), ('Cultural norms around thinness', 'Cultural norms around thinness'), ('Cultural norms around thinness', 'Poor body image'), ('Obesity', 'Short sleep duration'), ('Inflammation', 'Asthma'), ('Healthy eating', 'Sodium intake'), ('Cultural norms around thinness', 'Eating disorders'), ('Poor body image', 'Sexual difficulties'), ('Fear of engaging in physical activity', 'Physical activity'), ('Short sleep duration', 'Healthy eating'), ('Coronary heart diseases', 'Dyspnea'), ('Stress', 'Inflammation'), ('Weight bias', 'Stress'), ('Unhealthy weight control practices', 'Eating disorders'), ('Tiredness', 'Ability to engage in physical activity'), ('Short sleep duration', 'Heart rate'), ('Prevalence of bike trails', 'Quality of the sport infrastructure'), ('Exercise', 'Blood fatty acid level'), ('Mental well-being', 'Emotional eating'), ('Poor body image', 'Poor body image'), ('Blood fatty acid level', 'Blood glucose level'), ('Cardiovascular diseases', 'Depression'), ('Pro-inflammatory cytokines', 'Inflammation'), ('Prevalence of green fields', 'Quality of the sport infrastructure'), ('Mental well-being', 'Antipsychotics'), ('Socio-economic status', 'Control'), ('Weight bias', 'Poor body image'), ('Positive experience of sports', 'Recreational physical activity'), ('Public support and demand for healthy products', 'Cost of healthy foods'), ('Socio-economic status', 'Availability of healthy foods'), ('Cardiovascular diseases', 'Physical well-being'), ('Respiratory muscle fatigue', 'Dyspnea'), ('Heart rate', 'Coronary heart diseases'), ('Pressure to be thin', 'Poor body image'), ('Medications', 'Coordination'), ('Beta blockers', 'Ability to engage in physical activity'), ('Antipsychotics', 'Appetite'), ('Sodium intake', 'Blood pressure'), ('Pressure to be thin', 'Unhealthy weight control practices'), ('Airway resistance', 'Asthma-like symptoms'), ('Depression', 'Stress'), ('Medications', 'Concentration'), ('Public support and demand for healthy products', 'Marketing of unhealthy foods'), ('Poor body image', 'Eating disorders'), ('Emotional eating', 'Healthy eating'), ('Obesity', 'Access to health professionals'), ('Obesity', 'Mental well-being'), ('Unhealthy foods are more available than healthy ones', 'Supportive food environment'), ('Healthy eating', 'Blood saturated fatty acid level'), ('Presence of a vibrant community', 'Resilience'), ('Cells intake of fatty acids', 'Adipose storage of fatty acids'), ('Physical activity', 'Physical well-being'), ('Appetite', 'Healthy eating'), ('Aesthetics', 'Stress'), ('Chronic conditions', 'Mental well-being'), ('Weight bias', 'Positive experience of sports'), ('Healthy eating', 'Dyslipidemia'), ('Quality of the sport infrastructure', 'Recreational physical activity'), ('Physical pain', 'Ability to engage in physical activity'), ('Prevalence of green fields', 'Aesthetics'), ('Concentration', 'Ability to engage in physical activity'), ('Aesthetics', 'Mental well-being'), ('Poor body image', 'Depression'), ('Chronic conditions', 'Physical well-being'), ('Obesity', 'Release of adipokines'), ('Blood glucose level', 'Sodium retention'), ('Restrictive covenants', 'Availability of healthy foods'), ('Musculoskeletal pain', 'Mental well-being'), ('Weight bias', 'Unhealthy weight control practices'), ('Physical activity', 'Mental well-being'), ('Access to health professionals', 'Ability to engage in physical activity'), ('Stimulants', 'Short sleep duration'), ('Culture of eating that promotes healthy choices', 'Healthy eating'), ('Culture of eating that promotes healthy choices', 'Mental well-being'), ('Weight bias', 'Exercise'), ('Obesity', 'Dysfunctional adipose tissue'), ('Medications', 'Tiredness'), ('Inflammation', 'Insulin resistance'), ('Anticonvulsants', 'Appetite'), ('Inflammation', 'Auto-inflammatory diseases'), ('Accessibility to shops', 'Utilitarian physical activity '), ('Blood fatty acid level', 'Adipose storage of fatty acids'), ('Perceived environmental safety', 'Physical activity'), ('Short sleep duration', 'Physical well-being'), ('Cultural norms around thinness', 'Pressure to be thin'), ('Weight bias', 'Access to health professionals'), ('Public health messaging around thinness', 'Pressure to be thin'), ('Dysfunctional adipose tissue', 'Blood pressure'), ('Dysfunctional adipose tissue', 'Dyslipidemia'), ('Aesthetics', 'Utilitarian physical activity '), ('Obesity', 'Unhealthy weight control practices'), ('Obesity', 'Asthma-like symptoms'), ('Marketing ratio of unhealthy to healthy foods', 'Supportive food environment'), ('Dyslipidemia', 'Atherosclerosis'), ('Physical well-being', 'Mental well-being'), ('Public support and demand for healthy products', 'Cost of unhealthy foods'), ('Musculoskeletal pain', 'Physical well-being'), ('Coronary heart diseases', 'Exercise')]"
3,"[('Socio-economic status', 'Short sleep duration'), ('Pressure to be thin', 'Stimulants'), ('Weight bias', 'Dyslipidemia'), ('Stress', 'Cortisol'), ('Poor body image', 'Unhealthy weight control practices'), ('Mental well-being', 'Ability to engage in physical activity'), ('Depression', 'Pro-inflammatory cytokines')]",-1,1,1,-1,1,"[('Culture of eating that promotes healthy choices', 'Physical well-being'), ('Weight bias', 'Socio-economic status'), ('Mental well-being', 'Physical well-being'), ('Socio-economic status', 'Stress'), ('Control', 'Mental well-being'), ('Socio-economic status', 'Physical well-being'), ('Public health messaging around thinness', 'Weight bias'), ('Resilience', 'Mental well-being'), ('Medical perspective that thin is good', 'Public health messaging around thinness'), ('Weight bias', 'Depression'), ('Control', 'Stress'), ('Socio-economic status', 'Mental well-being'), ('Medical perspective that thin is good', 'Cultural norms around thinness'), ('Weight bias', 'Mental well-being'), ('Cultural norms around thinness', 'Cultural norms around thinness'), ('Cultural norms around thinness', 'Poor body image'), ('Weight bias', 'Stress'), ('Poor body image', 'Poor body image'), ('Socio-economic status', 'Control'), ('Weight bias', 'Poor body image'), ('Pressure to be thin', 'Poor body image'), ('Depression', 'Stress'), ('Poor body image', 'Depression'), ('Culture of eating that promotes healthy choices', 'Mental well-being'), ('Cultural norms around thinness', 'Pressure to be thin'), ('Public health messaging around thinness', 'Pressure to be thin'), ('Physical well-being', 'Mental well-being')]","[('Medications', 'Balance'), ('Secretion of inflammatory molecules by adipose cells', 'Insulin resistance'), ('Obesity', 'Obstructive sleep apnea'), ('Dyslipidemia', 'Blood pressure'), ('Obesity', 'Gastro-esophageal reflux disease'), ('Auto-inflammatory diseases', 'Inflammation'), ('Atherosclerosis', 'Coronary heart diseases'), ('Release of adipokines', 'Atherosclerosis'), ('Blood mono-unsaturated fatty acid level', 'Secretion of inflammatory molecules by adipose cells'), ('Insulin resistance', 'Fatty acids in the artery walls'), ('Insulin resistance', 'Cells intake of fatty acids'), ('Adipose storage of fatty acids', 'Inflammation'), ('Thoracic and abdominal obesity', 'Airway resistance'), ('Thoracic and abdominal obesity', 'Respiratory muscle fatigue'), ('Unhealthy weight control practices', 'Obesity'), ('Sodium retention', 'Blood pressure'), ('Short sleep duration', 'Pro-inflammatory cytokines'), ('Medications', 'Obesity'), ('Balance', 'Ability to engage in physical activity'), ('Short sleep duration', 'Cortisol'), ('Airway resistance', 'Asthma'), ('Short sleep duration', 'Blood pressure'), ('Fatty acids in the artery walls', 'Atherosclerosis'), ('Dyslipidemia', 'Insulin resistance'), ('Blood glucose level', 'Fatty acids in the artery walls'), ('Respiratory diseases', 'Ability to engage in physical activity'), ('Blood saturated fatty acid level', 'Secretion of inflammatory molecules by adipose cells'), ('Dysfunctional adipose tissue', 'Inflammation'), ('Coordination', 'Ability to engage in physical activity'), ('Obesity', 'Short sleep duration'), ('Inflammation', 'Asthma'), ('Coronary heart diseases', 'Dyspnea'), ('Tiredness', 'Ability to engage in physical activity'), ('Short sleep duration', 'Heart rate'), ('Blood fatty acid level', 'Blood glucose level'), ('Pro-inflammatory cytokines', 'Inflammation'), ('Respiratory muscle fatigue', 'Dyspnea'), ('Heart rate', 'Coronary heart diseases'), ('Medications', 'Coordination'), ('Beta blockers', 'Ability to engage in physical activity'), ('Sodium intake', 'Blood pressure'), ('Airway resistance', 'Asthma-like symptoms'), ('Medications', 'Concentration'), ('Cells intake of fatty acids', 'Adipose storage of fatty acids'), ('Physical pain', 'Ability to engage in physical activity'), ('Concentration', 'Ability to engage in physical activity'), ('Obesity', 'Release of adipokines'), ('Blood glucose level', 'Sodium retention'), ('Stimulants', 'Short sleep duration'), ('Obesity', 'Dysfunctional adipose tissue'), ('Medications', 'Tiredness'), ('Inflammation', 'Insulin resistance'), ('Inflammation', 'Auto-inflammatory diseases'), ('Blood fatty acid level', 'Adipose storage of fatty acids'), ('Dysfunctional adipose tissue', 'Blood pressure'), ('Dysfunctional adipose tissue', 'Dyslipidemia'), ('Obesity', 'Unhealthy weight control practices'), ('Obesity', 'Asthma-like symptoms'), ('Dyslipidemia', 'Atherosclerosis')]","[('Prevalence of walking trails', 'Quality of the sport infrastructure'), ('Medications', 'Balance'), ('Culture of eating that promotes healthy choices', 'Physical well-being'), ('Secretion of inflammatory molecules by adipose cells', 'Insulin resistance'), ('Presence of a vibrant community', 'Control'), ('Obesity', 'Weight bias'), ('Healthy eating', 'Blood mono-unsaturated fatty acid level'), ('Exercise', 'Heart rate'), ('Available time', 'Recreational physical activity'), ('Chronic conditions', 'Depression'), ('Exercise', 'Insulin resistance'), ('Weight bias', 'Socio-economic status'), ('Mental well-being', 'Physical well-being'), ('Obesity', 'Obstructive sleep apnea'), ('Eating disorders', 'Healthy eating'), ('Consumer demand for regulations', 'Marketing of healthy foods'), ('Dyslipidemia', 'Blood pressure'), ('Obesity', 'Gastro-esophageal reflux disease'), ('Perceived environmental safety', 'Mental well-being'), ('Late night TV watching', 'Short sleep duration'), ('Auto-inflammatory diseases', 'Inflammation'), ('Depression', 'Healthy eating'), ('Socio-economic status', 'Stress'), ('Exercise', 'Blood glucose level'), ('Public support and demand for healthy products', 'Marketing of healthy foods'), ('Unhealthy foods are cheaper than healthy ones', 'Supportive food environment'), ('Control', 'Mental well-being'), ('Atherosclerosis', 'Coronary heart diseases'), ('Socio-economic status', 'Physical well-being'), ('Ability to engage in physical activity', 'Physical activity'), ('Public health messaging around thinness', 'Weight bias'), ('Public support and demand for healthy products', 'Availability of healthy foods'), ('Release of adipokines', 'Atherosclerosis'), ('Consumer demand for regulations', 'Marketing of unhealthy foods'), ('Resilience', 'Mental well-being'), ('Blood mono-unsaturated fatty acid level', 'Secretion of inflammatory molecules by adipose cells'), ('Medical perspective that thin is good', 'Public health messaging around thinness'), ('Mental well-being', 'Medications'), ('Sexual difficulties', 'Mental well-being'), ('Insulin resistance', 'Fatty acids in the artery walls'), ('Insulin resistance', 'Cells intake of fatty acids'), ('Sidewalk prevalence and maintenance', 'Utilitarian physical activity '), ('Adipose storage of fatty acids', 'Inflammation'), ('Socio-economic status', 'Exercise'), ('Thoracic and abdominal obesity', 'Airway resistance'), ('Healthy eating', 'Short sleep duration'), ('Perceived environmental safety', 'Physical well-being'), ('Weight bias', 'Depression'), ('Emotional eating', 'Mental well-being'), ('Late night TV watching', 'Healthy eating'), ('Control', 'Stress'), ('Aesthetics', 'Physical well-being'), ('Economic incentives to produce unhealthy food products', 'Cost of unhealthy foods'), ('Supportive food environment', 'Healthy eating'), ('Appetite', 'Physical well-being'), ('Thoracic and abdominal obesity', 'Respiratory muscle fatigue'), ('Cardiovascular diseases', 'Fear of engaging in physical activity'), ('Socio-economic status', 'Mental well-being'), ('Unhealthy weight control practices', 'Obesity'), ('Exercise', 'Blood pressure'), ('Sodium retention', 'Blood pressure'), ('Short sleep duration', 'Pro-inflammatory cytokines'), ('Medications', 'Obesity'), ('Short sleep duration', 'Appetite'), ('Balance', 'Ability to engage in physical activity'), ('Short sleep duration', 'Cortisol'), ('Airway resistance', 'Asthma'), ('Short sleep duration', 'Blood pressure'), ('Medical perspective that thin is good', 'Cultural norms around thinness'), ('Healthy eating', 'Blood glucose level'), ('Mental well-being', 'Anticonvulsants'), ('Fatty acids in the artery walls', 'Atherosclerosis'), ('Dyslipidemia', 'Insulin resistance'), ('Blood glucose level', 'Fatty acids in the artery walls'), ('Respiratory diseases', 'Ability to engage in physical activity'), ('Blood saturated fatty acid level', 'Secretion of inflammatory molecules by adipose cells'), ('Dysfunctional adipose tissue', 'Inflammation'), ('Weight bias', 'Mental well-being'), ('Coordination', 'Ability to engage in physical activity'), ('Cultural norms around thinness', 'Cultural norms around thinness'), ('Cultural norms around thinness', 'Poor body image'), ('Obesity', 'Short sleep duration'), ('Inflammation', 'Asthma'), ('Healthy eating', 'Sodium intake'), ('Cultural norms around thinness', 'Eating disorders'), ('Poor body image', 'Sexual difficulties'), ('Fear of engaging in physical activity', 'Physical activity'), ('Short sleep duration', 'Healthy eating'), ('Coronary heart diseases', 'Dyspnea'), ('Stress', 'Inflammation'), ('Weight bias', 'Stress'), ('Unhealthy weight control practices', 'Eating disorders'), ('Tiredness', 'Ability to engage in physical activity'), ('Short sleep duration', 'Heart rate'), ('Prevalence of bike trails', 'Quality of the sport infrastructure'), ('Exercise', 'Blood fatty acid level'), ('Mental well-being', 'Emotional eating'), ('Poor body image', 'Poor body image'), ('Blood fatty acid level', 'Blood glucose level'), ('Cardiovascular diseases', 'Depression'), ('Pro-inflammatory cytokines', 'Inflammation'), ('Prevalence of green fields', 'Quality of the sport infrastructure'), ('Mental well-being', 'Antipsychotics'), ('Socio-economic status', 'Control'), ('Weight bias', 'Poor body image'), ('Positive experience of sports', 'Recreational physical activity'), ('Public support and demand for healthy products', 'Cost of healthy foods'), ('Socio-economic status', 'Availability of healthy foods'), ('Cardiovascular diseases', 'Physical well-being'), ('Respiratory muscle fatigue', 'Dyspnea'), ('Heart rate', 'Coronary heart diseases'), ('Pressure to be thin', 'Poor body image'), ('Medications', 'Coordination'), ('Beta blockers', 'Ability to engage in physical activity'), ('Antipsychotics', 'Appetite'), ('Sodium intake', 'Blood pressure'), ('Pressure to be thin', 'Unhealthy weight control practices'), ('Airway resistance', 'Asthma-like symptoms'), ('Depression', 'Stress'), ('Medications', 'Concentration'), ('Public support and demand for healthy products', 'Marketing of unhealthy foods'), ('Poor body image', 'Eating disorders'), ('Emotional eating', 'Healthy eating'), ('Obesity', 'Access to health professionals'), ('Obesity', 'Mental well-being'), ('Unhealthy foods are more available than healthy ones', 'Supportive food environment'), ('Healthy eating', 'Blood saturated fatty acid level'), ('Presence of a vibrant community', 'Resilience'), ('Cells intake of fatty acids', 'Adipose storage of fatty acids'), ('Physical activity', 'Physical well-being'), ('Appetite', 'Healthy eating'), ('Aesthetics', 'Stress'), ('Chronic conditions', 'Mental well-being'), ('Weight bias', 'Positive experience of sports'), ('Healthy eating', 'Dyslipidemia'), ('Quality of the sport infrastructure', 'Recreational physical activity'), ('Physical pain', 'Ability to engage in physical activity'), ('Prevalence of green fields', 'Aesthetics'), ('Concentration', 'Ability to engage in physical activity'), ('Aesthetics', 'Mental well-being'), ('Poor body image', 'Depression'), ('Chronic conditions', 'Physical well-being'), ('Obesity', 'Release of adipokines'), ('Blood glucose level', 'Sodium retention'), ('Restrictive covenants', 'Availability of healthy foods'), ('Musculoskeletal pain', 'Mental well-being'), ('Weight bias', 'Unhealthy weight control practices'), ('Physical activity', 'Mental well-being'), ('Access to health professionals', 'Ability to engage in physical activity'), ('Stimulants', 'Short sleep duration'), ('Culture of eating that promotes healthy choices', 'Healthy eating'), ('Culture of eating that promotes healthy choices', 'Mental well-being'), ('Weight bias', 'Exercise'), ('Obesity', 'Dysfunctional adipose tissue'), ('Medications', 'Tiredness'), ('Inflammation', 'Insulin resistance'), ('Anticonvulsants', 'Appetite'), ('Inflammation', 'Auto-inflammatory diseases'), ('Accessibility to shops', 'Utilitarian physical activity '), ('Blood fatty acid level', 'Adipose storage of fatty acids'), ('Perceived environmental safety', 'Physical activity'), ('Short sleep duration', 'Physical well-being'), ('Cultural norms around thinness', 'Pressure to be thin'), ('Weight bias', 'Access to health professionals'), ('Public health messaging around thinness', 'Pressure to be thin'), ('Dysfunctional adipose tissue', 'Blood pressure'), ('Dysfunctional adipose tissue', 'Dyslipidemia'), ('Aesthetics', 'Utilitarian physical activity '), ('Obesity', 'Unhealthy weight control practices'), ('Obesity', 'Asthma-like symptoms'), ('Marketing ratio of unhealthy to healthy foods', 'Supportive food environment'), ('Dyslipidemia', 'Atherosclerosis'), ('Physical well-being', 'Mental well-being'), ('Public support and demand for healthy products', 'Cost of unhealthy foods'), ('Musculoskeletal pain', 'Physical well-being'), ('Coronary heart diseases', 'Exercise')]"
4,"[('Socio-economic status', 'Short sleep duration'), ('Pressure to be thin', 'Stimulants'), ('Weight bias', 'Dyslipidemia'), ('Stress', 'Cortisol'), ('Poor body image', 'Unhealthy weight control practices'), ('Mental well-being', 'Ability to engage in physical activity'), ('Depression', 'Pro-inflammatory cytokines')]",-1,1,1,-1,1,"[('Culture of eating that promotes healthy choices', 'Physical well-being'), ('Weight bias', 'Socio-economic status'), ('Mental well-being', 'Physical well-being'), ('Socio-economic status', 'Stress'), ('Control', 'Mental well-being'), ('Socio-economic status', 'Physical well-being'), ('Public health messaging around thinness', 'Weight bias'), ('Resilience', 'Mental well-being'), ('Medical perspective that thin is good', 'Public health messaging around thinness'), ('Weight bias', 'Depression'), ('Control', 'Stress'), ('Socio-economic status', 'Mental well-being'), ('Medical perspective that thin is good', 'Cultural norms around thinness'), ('Weight bias', 'Mental well-being'), ('Cultural norms around thinness', 'Cultural norms around thinness'), ('Cultural norms around thinness', 'Poor body image'), ('Weight bias', 'Stress'), ('Poor body image', 'Poor body image'), ('Socio-economic status', 'Control'), ('Weight bias', 'Poor body image'), ('Pressure to be thin', 'Poor body image'), ('Depression', 'Stress'), ('Poor body image', 'Depression'), ('Culture of eating that promotes healthy choices', 'Mental well-being'), ('Cultural norms around thinness', 'Pressure to be thin'), ('Public health messaging around thinness', 'Pressure to be thin'), ('Physical well-being', 'Mental well-being')]","[('Medications', 'Balance'), ('Secretion of inflammatory molecules by adipose cells', 'Insulin resistance'), ('Obesity', 'Obstructive sleep apnea'), ('Dyslipidemia', 'Blood pressure'), ('Obesity', 'Gastro-esophageal reflux disease'), ('Auto-inflammatory diseases', 'Inflammation'), ('Atherosclerosis', 'Coronary heart diseases'), ('Release of adipokines', 'Atherosclerosis'), ('Blood mono-unsaturated fatty acid level', 'Secretion of inflammatory molecules by adipose cells'), ('Insulin resistance', 'Fatty acids in the artery walls'), ('Insulin resistance', 'Cells intake of fatty acids'), ('Adipose storage of fatty acids', 'Inflammation'), ('Thoracic and abdominal obesity', 'Airway resistance'), ('Thoracic and abdominal obesity', 'Respiratory muscle fatigue'), ('Unhealthy weight control practices', 'Obesity'), ('Sodium retention', 'Blood pressure'), ('Short sleep duration', 'Pro-inflammatory cytokines'), ('Medications', 'Obesity'), ('Balance', 'Ability to engage in physical activity'), ('Short sleep duration', 'Cortisol'), ('Airway resistance', 'Asthma'), ('Short sleep duration', 'Blood pressure'), ('Fatty acids in the artery walls', 'Atherosclerosis'), ('Dyslipidemia', 'Insulin resistance'), ('Blood glucose level', 'Fatty acids in the artery walls'), ('Respiratory diseases', 'Ability to engage in physical activity'), ('Blood saturated fatty acid level', 'Secretion of inflammatory molecules by adipose cells'), ('Dysfunctional adipose tissue', 'Inflammation'), ('Coordination', 'Ability to engage in physical activity'), ('Obesity', 'Short sleep duration'), ('Inflammation', 'Asthma'), ('Coronary heart diseases', 'Dyspnea'), ('Tiredness', 'Ability to engage in physical activity'), ('Short sleep duration', 'Heart rate'), ('Blood fatty acid level', 'Blood glucose level'), ('Pro-inflammatory cytokines', 'Inflammation'), ('Respiratory muscle fatigue', 'Dyspnea'), ('Heart rate', 'Coronary heart diseases'), ('Medications', 'Coordination'), ('Beta blockers', 'Ability to engage in physical activity'), ('Sodium intake', 'Blood pressure'), ('Airway resistance', 'Asthma-like symptoms'), ('Medications', 'Concentration'), ('Cells intake of fatty acids', 'Adipose storage of fatty acids'), ('Physical pain', 'Ability to engage in physical activity'), ('Concentration', 'Ability to engage in physical activity'), ('Obesity', 'Release of adipokines'), ('Blood glucose level', 'Sodium retention'), ('Stimulants', 'Short sleep duration'), ('Obesity', 'Dysfunctional adipose tissue'), ('Medications', 'Tiredness'), ('Inflammation', 'Insulin resistance'), ('Inflammation', 'Auto-inflammatory diseases'), ('Blood fatty acid level', 'Adipose storage of fatty acids'), ('Dysfunctional adipose tissue', 'Blood pressure'), ('Dysfunctional adipose tissue', 'Dyslipidemia'), ('Obesity', 'Unhealthy weight control practices'), ('Obesity', 'Asthma-like symptoms'), ('Dyslipidemia', 'Atherosclerosis')]","[('Prevalence of walking trails', 'Quality of the sport infrastructure'), ('Medications', 'Balance'), ('Culture of eating that promotes healthy choices', 'Physical well-being'), ('Secretion of inflammatory molecules by adipose cells', 'Insulin resistance'), ('Presence of a vibrant community', 'Control'), ('Obesity', 'Weight bias'), ('Healthy eating', 'Blood mono-unsaturated fatty acid level'), ('Exercise', 'Heart rate'), ('Available time', 'Recreational physical activity'), ('Chronic conditions', 'Depression'), ('Exercise', 'Insulin resistance'), ('Weight bias', 'Socio-economic status'), ('Mental well-being', 'Physical well-being'), ('Obesity', 'Obstructive sleep apnea'), ('Eating disorders', 'Healthy eating'), ('Consumer demand for regulations', 'Marketing of healthy foods'), ('Dyslipidemia', 'Blood pressure'), ('Obesity', 'Gastro-esophageal reflux disease'), ('Perceived environmental safety', 'Mental well-being'), ('Late night TV watching', 'Short sleep duration'), ('Auto-inflammatory diseases', 'Inflammation'), ('Depression', 'Healthy eating'), ('Socio-economic status', 'Stress'), ('Exercise', 'Blood glucose level'), ('Public support and demand for healthy products', 'Marketing of healthy foods'), ('Unhealthy foods are cheaper than healthy ones', 'Supportive food environment'), ('Control', 'Mental well-being'), ('Atherosclerosis', 'Coronary heart diseases'), ('Socio-economic status', 'Physical well-being'), ('Ability to engage in physical activity', 'Physical activity'), ('Public health messaging around thinness', 'Weight bias'), ('Public support and demand for healthy products', 'Availability of healthy foods'), ('Release of adipokines', 'Atherosclerosis'), ('Consumer demand for regulations', 'Marketing of unhealthy foods'), ('Resilience', 'Mental well-being'), ('Blood mono-unsaturated fatty acid level', 'Secretion of inflammatory molecules by adipose cells'), ('Medical perspective that thin is good', 'Public health messaging around thinness'), ('Mental well-being', 'Medications'), ('Sexual difficulties', 'Mental well-being'), ('Insulin resistance', 'Fatty acids in the artery walls'), ('Insulin resistance', 'Cells intake of fatty acids'), ('Sidewalk prevalence and maintenance', 'Utilitarian physical activity '), ('Adipose storage of fatty acids', 'Inflammation'), ('Socio-economic status', 'Exercise'), ('Thoracic and abdominal obesity', 'Airway resistance'), ('Healthy eating', 'Short sleep duration'), ('Perceived environmental safety', 'Physical well-being'), ('Weight bias', 'Depression'), ('Emotional eating', 'Mental well-being'), ('Late night TV watching', 'Healthy eating'), ('Control', 'Stress'), ('Aesthetics', 'Physical well-being'), ('Economic incentives to produce unhealthy food products', 'Cost of unhealthy foods'), ('Supportive food environment', 'Healthy eating'), ('Appetite', 'Physical well-being'), ('Thoracic and abdominal obesity', 'Respiratory muscle fatigue'), ('Cardiovascular diseases', 'Fear of engaging in physical activity'), ('Socio-economic status', 'Mental well-being'), ('Unhealthy weight control practices', 'Obesity'), ('Exercise', 'Blood pressure'), ('Sodium retention', 'Blood pressure'), ('Short sleep duration', 'Pro-inflammatory cytokines'), ('Medications', 'Obesity'), ('Short sleep duration', 'Appetite'), ('Balance', 'Ability to engage in physical activity'), ('Short sleep duration', 'Cortisol'), ('Airway resistance', 'Asthma'), ('Short sleep duration', 'Blood pressure'), ('Medical perspective that thin is good', 'Cultural norms around thinness'), ('Healthy eating', 'Blood glucose level'), ('Mental well-being', 'Anticonvulsants'), ('Fatty acids in the artery walls', 'Atherosclerosis'), ('Dyslipidemia', 'Insulin resistance'), ('Blood glucose level', 'Fatty acids in the artery walls'), ('Respiratory diseases', 'Ability to engage in physical activity'), ('Blood saturated fatty acid level', 'Secretion of inflammatory molecules by adipose cells'), ('Dysfunctional adipose tissue', 'Inflammation'), ('Weight bias', 'Mental well-being'), ('Coordination', 'Ability to engage in physical activity'), ('Cultural norms around thinness', 'Cultural norms around thinness'), ('Cultural norms around thinness', 'Poor body image'), ('Obesity', 'Short sleep duration'), ('Inflammation', 'Asthma'), ('Healthy eating', 'Sodium intake'), ('Cultural norms around thinness', 'Eating disorders'), ('Poor body image', 'Sexual difficulties'), ('Fear of engaging in physical activity', 'Physical activity'), ('Short sleep duration', 'Healthy eating'), ('Coronary heart diseases', 'Dyspnea'), ('Stress', 'Inflammation'), ('Weight bias', 'Stress'), ('Unhealthy weight control practices', 'Eating disorders'), ('Tiredness', 'Ability to engage in physical activity'), ('Short sleep duration', 'Heart rate'), ('Prevalence of bike trails', 'Quality of the sport infrastructure'), ('Exercise', 'Blood fatty acid level'), ('Mental well-being', 'Emotional eating'), ('Poor body image', 'Poor body image'), ('Blood fatty acid level', 'Blood glucose level'), ('Cardiovascular diseases', 'Depression'), ('Pro-inflammatory cytokines', 'Inflammation'), ('Prevalence of green fields', 'Quality of the sport infrastructure'), ('Mental well-being', 'Antipsychotics'), ('Socio-economic status', 'Control'), ('Weight bias', 'Poor body image'), ('Positive experience of sports', 'Recreational physical activity'), ('Public support and demand for healthy products', 'Cost of healthy foods'), ('Socio-economic status', 'Availability of healthy foods'), ('Cardiovascular diseases', 'Physical well-being'), ('Respiratory muscle fatigue', 'Dyspnea'), ('Heart rate', 'Coronary heart diseases'), ('Pressure to be thin', 'Poor body image'), ('Medications', 'Coordination'), ('Beta blockers', 'Ability to engage in physical activity'), ('Antipsychotics', 'Appetite'), ('Sodium intake', 'Blood pressure'), ('Pressure to be thin', 'Unhealthy weight control practices'), ('Airway resistance', 'Asthma-like symptoms'), ('Depression', 'Stress'), ('Medications', 'Concentration'), ('Public support and demand for healthy products', 'Marketing of unhealthy foods'), ('Poor body image', 'Eating disorders'), ('Emotional eating', 'Healthy eating'), ('Obesity', 'Access to health professionals'), ('Obesity', 'Mental well-being'), ('Unhealthy foods are more available than healthy ones', 'Supportive food environment'), ('Healthy eating', 'Blood saturated fatty acid level'), ('Presence of a vibrant community', 'Resilience'), ('Cells intake of fatty acids', 'Adipose storage of fatty acids'), ('Physical activity', 'Physical well-being'), ('Appetite', 'Healthy eating'), ('Aesthetics', 'Stress'), ('Chronic conditions', 'Mental well-being'), ('Weight bias', 'Positive experience of sports'), ('Healthy eating', 'Dyslipidemia'), ('Quality of the sport infrastructure', 'Recreational physical activity'), ('Physical pain', 'Ability to engage in physical activity'), ('Prevalence of green fields', 'Aesthetics'), ('Concentration', 'Ability to engage in physical activity'), ('Aesthetics', 'Mental well-being'), ('Poor body image', 'Depression'), ('Chronic conditions', 'Physical well-being'), ('Obesity', 'Release of adipokines'), ('Blood glucose level', 'Sodium retention'), ('Restrictive covenants', 'Availability of healthy foods'), ('Musculoskeletal pain', 'Mental well-being'), ('Weight bias', 'Unhealthy weight control practices'), ('Physical activity', 'Mental well-being'), ('Access to health professionals', 'Ability to engage in physical activity'), ('Stimulants', 'Short sleep duration'), ('Culture of eating that promotes healthy choices', 'Healthy eating'), ('Culture of eating that promotes healthy choices', 'Mental well-being'), ('Weight bias', 'Exercise'), ('Obesity', 'Dysfunctional adipose tissue'), ('Medications', 'Tiredness'), ('Inflammation', 'Insulin resistance'), ('Anticonvulsants', 'Appetite'), ('Inflammation', 'Auto-inflammatory diseases'), ('Accessibility to shops', 'Utilitarian physical activity '), ('Blood fatty acid level', 'Adipose storage of fatty acids'), ('Perceived environmental safety', 'Physical activity'), ('Short sleep duration', 'Physical well-being'), ('Cultural norms around thinness', 'Pressure to be thin'), ('Weight bias', 'Access to health professionals'), ('Public health messaging around thinness', 'Pressure to be thin'), ('Dysfunctional adipose tissue', 'Blood pressure'), ('Dysfunctional adipose tissue', 'Dyslipidemia'), ('Aesthetics', 'Utilitarian physical activity '), ('Obesity', 'Unhealthy weight control practices'), ('Obesity', 'Asthma-like symptoms'), ('Marketing ratio of unhealthy to healthy foods', 'Supportive food environment'), ('Dyslipidemia', 'Atherosclerosis'), ('Physical well-being', 'Mental well-being'), ('Public support and demand for healthy products', 'Cost of unhealthy foods'), ('Musculoskeletal pain', 'Physical well-being'), ('Coronary heart diseases', 'Exercise')]"
0,"[('Weight bias', 'Blood pressure'), ('Pressure to be thin', 'Insulin resistance'), ('Physical well-being', 'Coordination'), ('Culture of eating that promotes healthy choices', 'Blood fatty acid level'), ('Pressure to be thin', 'Short sleep duration'), ('Stress', 'Insulin resistance'), ('Cultural norms around thinness', 'Short sleep duration'), ('Cultural norms around thinness', 'Blood pressure'), ('Public health messaging around thinness', 'Insulin resistance'), ('Depression', 'Inflammation'), ('Socio-economic status', 'Insulin resistance'), ('Pressure to be thin', 'Blood pressure'), ('Mental well-being', 'Insulin resistance'), ('Physical well-being', 'Insulin resistance'), ('Stress', 'Short sleep duration'), ('Culture of eating that promotes healthy choices', 'Insulin resistance'), ('Poor body image', 'Unhealthy weight control practices'), ('Socio-economic status', 'Short sleep duration'), ('Stress', 'Blood pressure'), ('Mental well-being', 'Short sleep duration'), ('Culture of eating that promotes healthy choices', 'Short sleep duration'), ('Public health messaging around thinness', 'Short sleep duration'), ('Public health messaging around thinness', 'Blood pressure'), ('Mental well-being', 'Blood pressure'), ('Socio-economic status', 'Blood pressure'), ('Culture of eating that promotes healthy choices', 'Blood pressure'), ('Mental well-being', 'Ability to engage in physical activity'), ('Physical well-being', 'Ability to engage in physical activity'), ('Physical well-being', 'Short sleep duration'), ('Physical well-being', 'Blood pressure'), ('Medical perspective that thin is good', 'Insulin resistance'), ('Poor body image', 'Insulin resistance'), ('Physical well-being', 'Balance'), ('Poor body image', 'Short sleep duration'), ('Stress', 'Inflammation'), ('Medical perspective that thin is good', 'Short sleep duration'), ('Medical perspective that thin is good', 'Blood pressure'), ('Poor body image', 'Blood pressure'), ('Weight bias', 'Short sleep duration'), ('Culture of eating that promotes healthy choices', 'Blood glucose level'), ('Resilience', 'Blood pressure'), ('Resilience', 'Insulin resistance'), ('Control', 'Insulin resistance'), ('Depression', 'Insulin resistance'), ('Weight bias', 'Insulin resistance'), ('Depression', 'Short sleep duration'), ('Resilience', 'Short sleep duration'), ('Control', 'Short sleep duration'), ('Control', 'Blood pressure'), ('Cultural norms around thinness', 'Insulin resistance'), ('Depression', 'Blood pressure')]",-1,1,1,1,-1,"[('Culture of eating that promotes healthy choices', 'Physical well-being'), ('Weight bias', 'Socio-economic status'), ('Mental well-being', 'Physical well-being'), ('Socio-economic status', 'Stress'), ('Control', 'Mental well-being'), ('Socio-economic status', 'Physical well-being'), ('Public health messaging around thinness', 'Weight bias'), ('Resilience', 'Mental well-being'), ('Medical perspective that thin is good', 'Public health messaging around thinness'), ('Weight bias', 'Depression'), ('Control', 'Stress'), ('Socio-economic status', 'Mental well-being'), ('Medical perspective that thin is good', 'Cultural norms around thinness'), ('Weight bias', 'Mental well-being'), ('Cultural norms around thinness', 'Cultural norms around thinness'), ('Cultural norms around thinness', 'Poor body image'), ('Weight bias', 'Stress'), ('Poor body image', 'Poor body image'), ('Socio-economic status', 'Control'), ('Weight bias', 'Poor body image'), ('Pressure to be thin', 'Poor body image'), ('Depression', 'Stress'), ('Poor body image', 'Depression'), ('Culture of eating that promotes healthy choices', 'Mental well-being'), ('Cultural norms around thinness', 'Pressure to be thin'), ('Public health messaging around thinness', 'Pressure to be thin'), ('Physical well-being', 'Mental well-being')]","[('Medications', 'Balance'), ('Secretion of inflammatory molecules by adipose cells', 'Insulin resistance'), ('Obesity', 'Obstructive sleep apnea'), ('Dyslipidemia', 'Blood pressure'), ('Obesity', 'Gastro-esophageal reflux disease'), ('Auto-inflammatory diseases', 'Inflammation'), ('Atherosclerosis', 'Coronary heart diseases'), ('Release of adipokines', 'Atherosclerosis'), ('Blood mono-unsaturated fatty acid level', 'Secretion of inflammatory molecules by adipose cells'), ('Insulin resistance', 'Fatty acids in the artery walls'), ('Insulin resistance', 'Cells intake of fatty acids'), ('Adipose storage of fatty acids', 'Inflammation'), ('Thoracic and abdominal obesity', 'Airway resistance'), ('Thoracic and abdominal obesity', 'Respiratory muscle fatigue'), ('Unhealthy weight control practices', 'Obesity'), ('Sodium retention', 'Blood pressure'), ('Short sleep duration', 'Pro-inflammatory cytokines'), ('Medications', 'Obesity'), ('Balance', 'Ability to engage in physical activity'), ('Short sleep duration', 'Cortisol'), ('Airway resistance', 'Asthma'), ('Short sleep duration', 'Blood pressure'), ('Fatty acids in the artery walls', 'Atherosclerosis'), ('Dyslipidemia', 'Insulin resistance'), ('Blood glucose level', 'Fatty acids in the artery walls'), ('Respiratory diseases', 'Ability to engage in physical activity'), ('Blood saturated fatty acid level', 'Secretion of inflammatory molecules by adipose cells'), ('Dysfunctional adipose tissue', 'Inflammation'), ('Coordination', 'Ability to engage in physical activity'), ('Obesity', 'Short sleep duration'), ('Inflammation', 'Asthma'), ('Coronary heart diseases', 'Dyspnea'), ('Tiredness', 'Ability to engage in physical activity'), ('Short sleep duration', 'Heart rate'), ('Blood fatty acid level', 'Blood glucose level'), ('Pro-inflammatory cytokines', 'Inflammation'), ('Respiratory muscle fatigue', 'Dyspnea'), ('Heart rate', 'Coronary heart diseases'), ('Medications', 'Coordination'), ('Beta blockers', 'Ability to engage in physical activity'), ('Sodium intake', 'Blood pressure'), ('Airway resistance', 'Asthma-like symptoms'), ('Medications', 'Concentration'), ('Cells intake of fatty acids', 'Adipose storage of fatty acids'), ('Physical pain', 'Ability to engage in physical activity'), ('Concentration', 'Ability to engage in physical activity'), ('Obesity', 'Release of adipokines'), ('Blood glucose level', 'Sodium retention'), ('Stimulants', 'Short sleep duration'), ('Obesity', 'Dysfunctional adipose tissue'), ('Medications', 'Tiredness'), ('Inflammation', 'Insulin resistance'), ('Inflammation', 'Auto-inflammatory diseases'), ('Blood fatty acid level', 'Adipose storage of fatty acids'), ('Dysfunctional adipose tissue', 'Blood pressure'), ('Dysfunctional adipose tissue', 'Dyslipidemia'), ('Obesity', 'Unhealthy weight control practices'), ('Obesity', 'Asthma-like symptoms'), ('Dyslipidemia', 'Atherosclerosis')]","[('Prevalence of walking trails', 'Quality of the sport infrastructure'), ('Medications', 'Balance'), ('Culture of eating that promotes healthy choices', 'Physical well-being'), ('Secretion of inflammatory molecules by adipose cells', 'Insulin resistance'), ('Presence of a vibrant community', 'Control'), ('Obesity', 'Weight bias'), ('Healthy eating', 'Blood mono-unsaturated fatty acid level'), ('Exercise', 'Heart rate'), ('Available time', 'Recreational physical activity'), ('Chronic conditions', 'Depression'), ('Exercise', 'Insulin resistance'), ('Weight bias', 'Socio-economic status'), ('Mental well-being', 'Physical well-being'), ('Obesity', 'Obstructive sleep apnea'), ('Eating disorders', 'Healthy eating'), ('Consumer demand for regulations', 'Marketing of healthy foods'), ('Dyslipidemia', 'Blood pressure'), ('Obesity', 'Gastro-esophageal reflux disease'), ('Perceived environmental safety', 'Mental well-being'), ('Late night TV watching', 'Short sleep duration'), ('Auto-inflammatory diseases', 'Inflammation'), ('Depression', 'Healthy eating'), ('Socio-economic status', 'Stress'), ('Exercise', 'Blood glucose level'), ('Public support and demand for healthy products', 'Marketing of healthy foods'), ('Unhealthy foods are cheaper than healthy ones', 'Supportive food environment'), ('Control', 'Mental well-being'), ('Atherosclerosis', 'Coronary heart diseases'), ('Socio-economic status', 'Physical well-being'), ('Ability to engage in physical activity', 'Physical activity'), ('Public health messaging around thinness', 'Weight bias'), ('Public support and demand for healthy products', 'Availability of healthy foods'), ('Release of adipokines', 'Atherosclerosis'), ('Consumer demand for regulations', 'Marketing of unhealthy foods'), ('Resilience', 'Mental well-being'), ('Blood mono-unsaturated fatty acid level', 'Secretion of inflammatory molecules by adipose cells'), ('Medical perspective that thin is good', 'Public health messaging around thinness'), ('Mental well-being', 'Medications'), ('Sexual difficulties', 'Mental well-being'), ('Insulin resistance', 'Fatty acids in the artery walls'), ('Insulin resistance', 'Cells intake of fatty acids'), ('Sidewalk prevalence and maintenance', 'Utilitarian physical activity '), ('Adipose storage of fatty acids', 'Inflammation'), ('Socio-economic status', 'Exercise'), ('Thoracic and abdominal obesity', 'Airway resistance'), ('Healthy eating', 'Short sleep duration'), ('Perceived environmental safety', 'Physical well-being'), ('Weight bias', 'Depression'), ('Emotional eating', 'Mental well-being'), ('Late night TV watching', 'Healthy eating'), ('Control', 'Stress'), ('Aesthetics', 'Physical well-being'), ('Economic incentives to produce unhealthy food products', 'Cost of unhealthy foods'), ('Supportive food environment', 'Healthy eating'), ('Appetite', 'Physical well-being'), ('Thoracic and abdominal obesity', 'Respiratory muscle fatigue'), ('Cardiovascular diseases', 'Fear of engaging in physical activity'), ('Socio-economic status', 'Mental well-being'), ('Unhealthy weight control practices', 'Obesity'), ('Exercise', 'Blood pressure'), ('Sodium retention', 'Blood pressure'), ('Short sleep duration', 'Pro-inflammatory cytokines'), ('Medications', 'Obesity'), ('Short sleep duration', 'Appetite'), ('Balance', 'Ability to engage in physical activity'), ('Short sleep duration', 'Cortisol'), ('Airway resistance', 'Asthma'), ('Short sleep duration', 'Blood pressure'), ('Medical perspective that thin is good', 'Cultural norms around thinness'), ('Healthy eating', 'Blood glucose level'), ('Mental well-being', 'Anticonvulsants'), ('Fatty acids in the artery walls', 'Atherosclerosis'), ('Dyslipidemia', 'Insulin resistance'), ('Blood glucose level', 'Fatty acids in the artery walls'), ('Respiratory diseases', 'Ability to engage in physical activity'), ('Blood saturated fatty acid level', 'Secretion of inflammatory molecules by adipose cells'), ('Dysfunctional adipose tissue', 'Inflammation'), ('Weight bias', 'Mental well-being'), ('Coordination', 'Ability to engage in physical activity'), ('Cultural norms around thinness', 'Cultural norms around thinness'), ('Cultural norms around thinness', 'Poor body image'), ('Obesity', 'Short sleep duration'), ('Inflammation', 'Asthma'), ('Healthy eating', 'Sodium intake'), ('Cultural norms around thinness', 'Eating disorders'), ('Poor body image', 'Sexual difficulties'), ('Fear of engaging in physical activity', 'Physical activity'), ('Short sleep duration', 'Healthy eating'), ('Coronary heart diseases', 'Dyspnea'), ('Stress', 'Inflammation'), ('Weight bias', 'Stress'), ('Unhealthy weight control practices', 'Eating disorders'), ('Tiredness', 'Ability to engage in physical activity'), ('Short sleep duration', 'Heart rate'), ('Prevalence of bike trails', 'Quality of the sport infrastructure'), ('Exercise', 'Blood fatty acid level'), ('Mental well-being', 'Emotional eating'), ('Poor body image', 'Poor body image'), ('Blood fatty acid level', 'Blood glucose level'), ('Cardiovascular diseases', 'Depression'), ('Pro-inflammatory cytokines', 'Inflammation'), ('Prevalence of green fields', 'Quality of the sport infrastructure'), ('Mental well-being', 'Antipsychotics'), ('Socio-economic status', 'Control'), ('Weight bias', 'Poor body image'), ('Positive experience of sports', 'Recreational physical activity'), ('Public support and demand for healthy products', 'Cost of healthy foods'), ('Socio-economic status', 'Availability of healthy foods'), ('Cardiovascular diseases', 'Physical well-being'), ('Respiratory muscle fatigue', 'Dyspnea'), ('Heart rate', 'Coronary heart diseases'), ('Pressure to be thin', 'Poor body image'), ('Medications', 'Coordination'), ('Beta blockers', 'Ability to engage in physical activity'), ('Antipsychotics', 'Appetite'), ('Sodium intake', 'Blood pressure'), ('Pressure to be thin', 'Unhealthy weight control practices'), ('Airway resistance', 'Asthma-like symptoms'), ('Depression', 'Stress'), ('Medications', 'Concentration'), ('Public support and demand for healthy products', 'Marketing of unhealthy foods'), ('Poor body image', 'Eating disorders'), ('Emotional eating', 'Healthy eating'), ('Obesity', 'Access to health professionals'), ('Obesity', 'Mental well-being'), ('Unhealthy foods are more available than healthy ones', 'Supportive food environment'), ('Healthy eating', 'Blood saturated fatty acid level'), ('Presence of a vibrant community', 'Resilience'), ('Cells intake of fatty acids', 'Adipose storage of fatty acids'), ('Physical activity', 'Physical well-being'), ('Appetite', 'Healthy eating'), ('Aesthetics', 'Stress'), ('Chronic conditions', 'Mental well-being'), ('Weight bias', 'Positive experience of sports'), ('Healthy eating', 'Dyslipidemia'), ('Quality of the sport infrastructure', 'Recreational physical activity'), ('Physical pain', 'Ability to engage in physical activity'), ('Prevalence of green fields', 'Aesthetics'), ('Concentration', 'Ability to engage in physical activity'), ('Aesthetics', 'Mental well-being'), ('Poor body image', 'Depression'), ('Chronic conditions', 'Physical well-being'), ('Obesity', 'Release of adipokines'), ('Blood glucose level', 'Sodium retention'), ('Restrictive covenants', 'Availability of healthy foods'), ('Musculoskeletal pain', 'Mental well-being'), ('Weight bias', 'Unhealthy weight control practices'), ('Physical activity', 'Mental well-being'), ('Access to health professionals', 'Ability to engage in physical activity'), ('Stimulants', 'Short sleep duration'), ('Culture of eating that promotes healthy choices', 'Healthy eating'), ('Culture of eating that promotes healthy choices', 'Mental well-being'), ('Weight bias', 'Exercise'), ('Obesity', 'Dysfunctional adipose tissue'), ('Medications', 'Tiredness'), ('Inflammation', 'Insulin resistance'), ('Anticonvulsants', 'Appetite'), ('Inflammation', 'Auto-inflammatory diseases'), ('Accessibility to shops', 'Utilitarian physical activity '), ('Blood fatty acid level', 'Adipose storage of fatty acids'), ('Perceived environmental safety', 'Physical activity'), ('Short sleep duration', 'Physical well-being'), ('Cultural norms around thinness', 'Pressure to be thin'), ('Weight bias', 'Access to health professionals'), ('Public health messaging around thinness', 'Pressure to be thin'), ('Dysfunctional adipose tissue', 'Blood pressure'), ('Dysfunctional adipose tissue', 'Dyslipidemia'), ('Aesthetics', 'Utilitarian physical activity '), ('Obesity', 'Unhealthy weight control practices'), ('Obesity', 'Asthma-like symptoms'), ('Marketing ratio of unhealthy to healthy foods', 'Supportive food environment'), ('Dyslipidemia', 'Atherosclerosis'), ('Physical well-being', 'Mental well-being'), ('Public support and demand for healthy products', 'Cost of unhealthy foods'), ('Musculoskeletal pain', 'Physical well-being'), ('Coronary heart diseases', 'Exercise')]"
1,"[('Weight bias', 'Blood pressure'), ('Pressure to be thin', 'Insulin resistance'), ('Physical well-being', 'Coordination'), ('Culture of eating that promotes healthy choices', 'Blood fatty acid level'), ('Pressure to be thin', 'Short sleep duration'), ('Stress', 'Insulin resistance'), ('Cultural norms around thinness', 'Short sleep duration'), ('Cultural norms around thinness', 'Blood pressure'), ('Public health messaging around thinness', 'Insulin resistance'), ('Depression', 'Inflammation'), ('Socio-economic status', 'Insulin resistance'), ('Pressure to be thin', 'Blood pressure'), ('Mental well-being', 'Insulin resistance'), ('Physical well-being', 'Insulin resistance'), ('Stress', 'Short sleep duration'), ('Culture of eating that promotes healthy choices', 'Insulin resistance'), ('Poor body image', 'Unhealthy weight control practices'), ('Socio-economic status', 'Short sleep duration'), ('Stress', 'Blood pressure'), ('Mental well-being', 'Short sleep duration'), ('Culture of eating that promotes healthy choices', 'Short sleep duration'), ('Public health messaging around thinness', 'Short sleep duration'), ('Public health messaging around thinness', 'Blood pressure'), ('Mental well-being', 'Blood pressure'), ('Socio-economic status', 'Blood pressure'), ('Culture of eating that promotes healthy choices', 'Blood pressure'), ('Mental well-being', 'Ability to engage in physical activity'), ('Physical well-being', 'Ability to engage in physical activity'), ('Physical well-being', 'Short sleep duration'), ('Physical well-being', 'Blood pressure'), ('Medical perspective that thin is good', 'Insulin resistance'), ('Poor body image', 'Insulin resistance'), ('Physical well-being', 'Balance'), ('Poor body image', 'Short sleep duration'), ('Stress', 'Inflammation'), ('Medical perspective that thin is good', 'Short sleep duration'), ('Medical perspective that thin is good', 'Blood pressure'), ('Poor body image', 'Blood pressure'), ('Weight bias', 'Short sleep duration'), ('Culture of eating that promotes healthy choices', 'Blood glucose level'), ('Resilience', 'Blood pressure'), ('Resilience', 'Insulin resistance'), ('Control', 'Insulin resistance'), ('Depression', 'Insulin resistance'), ('Weight bias', 'Insulin resistance'), ('Depression', 'Short sleep duration'), ('Resilience', 'Short sleep duration'), ('Control', 'Short sleep duration'), ('Control', 'Blood pressure'), ('Cultural norms around thinness', 'Insulin resistance'), ('Depression', 'Blood pressure')]",-1,1,1,1,-1,"[('Culture of eating that promotes healthy choices', 'Physical well-being'), ('Weight bias', 'Socio-economic status'), ('Mental well-being', 'Physical well-being'), ('Socio-economic status', 'Stress'), ('Control', 'Mental well-being'), ('Socio-economic status', 'Physical well-being'), ('Public health messaging around thinness', 'Weight bias'), ('Resilience', 'Mental well-being'), ('Medical perspective that thin is good', 'Public health messaging around thinness'), ('Weight bias', 'Depression'), ('Control', 'Stress'), ('Socio-economic status', 'Mental well-being'), ('Medical perspective that thin is good', 'Cultural norms around thinness'), ('Weight bias', 'Mental well-being'), ('Cultural norms around thinness', 'Cultural norms around thinness'), ('Cultural norms around thinness', 'Poor body image'), ('Weight bias', 'Stress'), ('Poor body image', 'Poor body image'), ('Socio-economic status', 'Control'), ('Weight bias', 'Poor body image'), ('Pressure to be thin', 'Poor body image'), ('Depression', 'Stress'), ('Poor body image', 'Depression'), ('Culture of eating that promotes healthy choices', 'Mental well-being'), ('Cultural norms around thinness', 'Pressure to be thin'), ('Public health messaging around thinness', 'Pressure to be thin'), ('Physical well-being', 'Mental well-being')]","[('Medications', 'Balance'), ('Secretion of inflammatory molecules by adipose cells', 'Insulin resistance'), ('Obesity', 'Obstructive sleep apnea'), ('Dyslipidemia', 'Blood pressure'), ('Obesity', 'Gastro-esophageal reflux disease'), ('Auto-inflammatory diseases', 'Inflammation'), ('Atherosclerosis', 'Coronary heart diseases'), ('Release of adipokines', 'Atherosclerosis'), ('Blood mono-unsaturated fatty acid level', 'Secretion of inflammatory molecules by adipose cells'), ('Insulin resistance', 'Fatty acids in the artery walls'), ('Insulin resistance', 'Cells intake of fatty acids'), ('Adipose storage of fatty acids', 'Inflammation'), ('Thoracic and abdominal obesity', 'Airway resistance'), ('Thoracic and abdominal obesity', 'Respiratory muscle fatigue'), ('Unhealthy weight control practices', 'Obesity'), ('Sodium retention', 'Blood pressure'), ('Short sleep duration', 'Pro-inflammatory cytokines'), ('Medications', 'Obesity'), ('Balance', 'Ability to engage in physical activity'), ('Short sleep duration', 'Cortisol'), ('Airway resistance', 'Asthma'), ('Short sleep duration', 'Blood pressure'), ('Fatty acids in the artery walls', 'Atherosclerosis'), ('Dyslipidemia', 'Insulin resistance'), ('Blood glucose level', 'Fatty acids in the artery walls'), ('Respiratory diseases', 'Ability to engage in physical activity'), ('Blood saturated fatty acid level', 'Secretion of inflammatory molecules by adipose cells'), ('Dysfunctional adipose tissue', 'Inflammation'), ('Coordination', 'Ability to engage in physical activity'), ('Obesity', 'Short sleep duration'), ('Inflammation', 'Asthma'), ('Coronary heart diseases', 'Dyspnea'), ('Tiredness', 'Ability to engage in physical activity'), ('Short sleep duration', 'Heart rate'), ('Blood fatty acid level', 'Blood glucose level'), ('Pro-inflammatory cytokines', 'Inflammation'), ('Respiratory muscle fatigue', 'Dyspnea'), ('Heart rate', 'Coronary heart diseases'), ('Medications', 'Coordination'), ('Beta blockers', 'Ability to engage in physical activity'), ('Sodium intake', 'Blood pressure'), ('Airway resistance', 'Asthma-like symptoms'), ('Medications', 'Concentration'), ('Cells intake of fatty acids', 'Adipose storage of fatty acids'), ('Physical pain', 'Ability to engage in physical activity'), ('Concentration', 'Ability to engage in physical activity'), ('Obesity', 'Release of adipokines'), ('Blood glucose level', 'Sodium retention'), ('Stimulants', 'Short sleep duration'), ('Obesity', 'Dysfunctional adipose tissue'), ('Medications', 'Tiredness'), ('Inflammation', 'Insulin resistance'), ('Inflammation', 'Auto-inflammatory diseases'), ('Blood fatty acid level', 'Adipose storage of fatty acids'), ('Dysfunctional adipose tissue', 'Blood pressure'), ('Dysfunctional adipose tissue', 'Dyslipidemia'), ('Obesity', 'Unhealthy weight control practices'), ('Obesity', 'Asthma-like symptoms'), ('Dyslipidemia', 'Atherosclerosis')]","[('Prevalence of walking trails', 'Quality of the sport infrastructure'), ('Medications', 'Balance'), ('Culture of eating that promotes healthy choices', 'Physical well-being'), ('Secretion of inflammatory molecules by adipose cells', 'Insulin resistance'), ('Presence of a vibrant community', 'Control'), ('Obesity', 'Weight bias'), ('Healthy eating', 'Blood mono-unsaturated fatty acid level'), ('Exercise', 'Heart rate'), ('Available time', 'Recreational physical activity'), ('Chronic conditions', 'Depression'), ('Exercise', 'Insulin resistance'), ('Weight bias', 'Socio-economic status'), ('Mental well-being', 'Physical well-being'), ('Obesity', 'Obstructive sleep apnea'), ('Eating disorders', 'Healthy eating'), ('Consumer demand for regulations', 'Marketing of healthy foods'), ('Dyslipidemia', 'Blood pressure'), ('Obesity', 'Gastro-esophageal reflux disease'), ('Perceived environmental safety', 'Mental well-being'), ('Late night TV watching', 'Short sleep duration'), ('Auto-inflammatory diseases', 'Inflammation'), ('Depression', 'Healthy eating'), ('Socio-economic status', 'Stress'), ('Exercise', 'Blood glucose level'), ('Public support and demand for healthy products', 'Marketing of healthy foods'), ('Unhealthy foods are cheaper than healthy ones', 'Supportive food environment'), ('Control', 'Mental well-being'), ('Atherosclerosis', 'Coronary heart diseases'), ('Socio-economic status', 'Physical well-being'), ('Ability to engage in physical activity', 'Physical activity'), ('Public health messaging around thinness', 'Weight bias'), ('Public support and demand for healthy products', 'Availability of healthy foods'), ('Release of adipokines', 'Atherosclerosis'), ('Consumer demand for regulations', 'Marketing of unhealthy foods'), ('Resilience', 'Mental well-being'), ('Blood mono-unsaturated fatty acid level', 'Secretion of inflammatory molecules by adipose cells'), ('Medical perspective that thin is good', 'Public health messaging around thinness'), ('Mental well-being', 'Medications'), ('Sexual difficulties', 'Mental well-being'), ('Insulin resistance', 'Fatty acids in the artery walls'), ('Insulin resistance', 'Cells intake of fatty acids'), ('Sidewalk prevalence and maintenance', 'Utilitarian physical activity '), ('Adipose storage of fatty acids', 'Inflammation'), ('Socio-economic status', 'Exercise'), ('Thoracic and abdominal obesity', 'Airway resistance'), ('Healthy eating', 'Short sleep duration'), ('Perceived environmental safety', 'Physical well-being'), ('Weight bias', 'Depression'), ('Emotional eating', 'Mental well-being'), ('Late night TV watching', 'Healthy eating'), ('Control', 'Stress'), ('Aesthetics', 'Physical well-being'), ('Economic incentives to produce unhealthy food products', 'Cost of unhealthy foods'), ('Supportive food environment', 'Healthy eating'), ('Appetite', 'Physical well-being'), ('Thoracic and abdominal obesity', 'Respiratory muscle fatigue'), ('Cardiovascular diseases', 'Fear of engaging in physical activity'), ('Socio-economic status', 'Mental well-being'), ('Unhealthy weight control practices', 'Obesity'), ('Exercise', 'Blood pressure'), ('Sodium retention', 'Blood pressure'), ('Short sleep duration', 'Pro-inflammatory cytokines'), ('Medications', 'Obesity'), ('Short sleep duration', 'Appetite'), ('Balance', 'Ability to engage in physical activity'), ('Short sleep duration', 'Cortisol'), ('Airway resistance', 'Asthma'), ('Short sleep duration', 'Blood pressure'), ('Medical perspective that thin is good', 'Cultural norms around thinness'), ('Healthy eating', 'Blood glucose level'), ('Mental well-being', 'Anticonvulsants'), ('Fatty acids in the artery walls', 'Atherosclerosis'), ('Dyslipidemia', 'Insulin resistance'), ('Blood glucose level', 'Fatty acids in the artery walls'), ('Respiratory diseases', 'Ability to engage in physical activity'), ('Blood saturated fatty acid level', 'Secretion of inflammatory molecules by adipose cells'), ('Dysfunctional adipose tissue', 'Inflammation'), ('Weight bias', 'Mental well-being'), ('Coordination', 'Ability to engage in physical activity'), ('Cultural norms around thinness', 'Cultural norms around thinness'), ('Cultural norms around thinness', 'Poor body image'), ('Obesity', 'Short sleep duration'), ('Inflammation', 'Asthma'), ('Healthy eating', 'Sodium intake'), ('Cultural norms around thinness', 'Eating disorders'), ('Poor body image', 'Sexual difficulties'), ('Fear of engaging in physical activity', 'Physical activity'), ('Short sleep duration', 'Healthy eating'), ('Coronary heart diseases', 'Dyspnea'), ('Stress', 'Inflammation'), ('Weight bias', 'Stress'), ('Unhealthy weight control practices', 'Eating disorders'), ('Tiredness', 'Ability to engage in physical activity'), ('Short sleep duration', 'Heart rate'), ('Prevalence of bike trails', 'Quality of the sport infrastructure'), ('Exercise', 'Blood fatty acid level'), ('Mental well-being', 'Emotional eating'), ('Poor body image', 'Poor body image'), ('Blood fatty acid level', 'Blood glucose level'), ('Cardiovascular diseases', 'Depression'), ('Pro-inflammatory cytokines', 'Inflammation'), ('Prevalence of green fields', 'Quality of the sport infrastructure'), ('Mental well-being', 'Antipsychotics'), ('Socio-economic status', 'Control'), ('Weight bias', 'Poor body image'), ('Positive experience of sports', 'Recreational physical activity'), ('Public support and demand for healthy products', 'Cost of healthy foods'), ('Socio-economic status', 'Availability of healthy foods'), ('Cardiovascular diseases', 'Physical well-being'), ('Respiratory muscle fatigue', 'Dyspnea'), ('Heart rate', 'Coronary heart diseases'), ('Pressure to be thin', 'Poor body image'), ('Medications', 'Coordination'), ('Beta blockers', 'Ability to engage in physical activity'), ('Antipsychotics', 'Appetite'), ('Sodium intake', 'Blood pressure'), ('Pressure to be thin', 'Unhealthy weight control practices'), ('Airway resistance', 'Asthma-like symptoms'), ('Depression', 'Stress'), ('Medications', 'Concentration'), ('Public support and demand for healthy products', 'Marketing of unhealthy foods'), ('Poor body image', 'Eating disorders'), ('Emotional eating', 'Healthy eating'), ('Obesity', 'Access to health professionals'), ('Obesity', 'Mental well-being'), ('Unhealthy foods are more available than healthy ones', 'Supportive food environment'), ('Healthy eating', 'Blood saturated fatty acid level'), ('Presence of a vibrant community', 'Resilience'), ('Cells intake of fatty acids', 'Adipose storage of fatty acids'), ('Physical activity', 'Physical well-being'), ('Appetite', 'Healthy eating'), ('Aesthetics', 'Stress'), ('Chronic conditions', 'Mental well-being'), ('Weight bias', 'Positive experience of sports'), ('Healthy eating', 'Dyslipidemia'), ('Quality of the sport infrastructure', 'Recreational physical activity'), ('Physical pain', 'Ability to engage in physical activity'), ('Prevalence of green fields', 'Aesthetics'), ('Concentration', 'Ability to engage in physical activity'), ('Aesthetics', 'Mental well-being'), ('Poor body image', 'Depression'), ('Chronic conditions', 'Physical well-being'), ('Obesity', 'Release of adipokines'), ('Blood glucose level', 'Sodium retention'), ('Restrictive covenants', 'Availability of healthy foods'), ('Musculoskeletal pain', 'Mental well-being'), ('Weight bias', 'Unhealthy weight control practices'), ('Physical activity', 'Mental well-being'), ('Access to health professionals', 'Ability to engage in physical activity'), ('Stimulants', 'Short sleep duration'), ('Culture of eating that promotes healthy choices', 'Healthy eating'), ('Culture of eating that promotes healthy choices', 'Mental well-being'), ('Weight bias', 'Exercise'), ('Obesity', 'Dysfunctional adipose tissue'), ('Medications', 'Tiredness'), ('Inflammation', 'Insulin resistance'), ('Anticonvulsants', 'Appetite'), ('Inflammation', 'Auto-inflammatory diseases'), ('Accessibility to shops', 'Utilitarian physical activity '), ('Blood fatty acid level', 'Adipose storage of fatty acids'), ('Perceived environmental safety', 'Physical activity'), ('Short sleep duration', 'Physical well-being'), ('Cultural norms around thinness', 'Pressure to be thin'), ('Weight bias', 'Access to health professionals'), ('Public health messaging around thinness', 'Pressure to be thin'), ('Dysfunctional adipose tissue', 'Blood pressure'), ('Dysfunctional adipose tissue', 'Dyslipidemia'), ('Aesthetics', 'Utilitarian physical activity '), ('Obesity', 'Unhealthy weight control practices'), ('Obesity', 'Asthma-like symptoms'), ('Marketing ratio of unhealthy to healthy foods', 'Supportive food environment'), ('Dyslipidemia', 'Atherosclerosis'), ('Physical well-being', 'Mental well-being'), ('Public support and demand for healthy products', 'Cost of unhealthy foods'), ('Musculoskeletal pain', 'Physical well-being'), ('Coronary heart diseases', 'Exercise')]"
2,"[('Weight bias', 'Blood pressure'), ('Pressure to be thin', 'Insulin resistance'), ('Physical well-being', 'Coordination'), ('Culture of eating that promotes healthy choices', 'Blood fatty acid level'), ('Pressure to be thin', 'Short sleep duration'), ('Stress', 'Insulin resistance'), ('Cultural norms around thinness', 'Short sleep duration'), ('Cultural norms around thinness', 'Blood pressure'), ('Public health messaging around thinness', 'Insulin resistance'), ('Depression', 'Inflammation'), ('Socio-economic status', 'Insulin resistance'), ('Pressure to be thin', 'Blood pressure'), ('Mental well-being', 'Insulin resistance'), ('Physical well-being', 'Insulin resistance'), ('Stress', 'Short sleep duration'), ('Culture of eating that promotes healthy choices', 'Insulin resistance'), ('Poor body image', 'Unhealthy weight control practices'), ('Socio-economic status', 'Short sleep duration'), ('Stress', 'Blood pressure'), ('Mental well-being', 'Short sleep duration'), ('Culture of eating that promotes healthy choices', 'Short sleep duration'), ('Public health messaging around thinness', 'Short sleep duration'), ('Public health messaging around thinness', 'Blood pressure'), ('Mental well-being', 'Blood pressure'), ('Socio-economic status', 'Blood pressure'), ('Culture of eating that promotes healthy choices', 'Blood pressure'), ('Mental well-being', 'Ability to engage in physical activity'), ('Physical well-being', 'Ability to engage in physical activity'), ('Physical well-being', 'Short sleep duration'), ('Physical well-being', 'Blood pressure'), ('Medical perspective that thin is good', 'Insulin resistance'), ('Poor body image', 'Insulin resistance'), ('Physical well-being', 'Balance'), ('Poor body image', 'Short sleep duration'), ('Stress', 'Inflammation'), ('Medical perspective that thin is good', 'Short sleep duration'), ('Medical perspective that thin is good', 'Blood pressure'), ('Poor body image', 'Blood pressure'), ('Weight bias', 'Short sleep duration'), ('Culture of eating that promotes healthy choices', 'Blood glucose level'), ('Resilience', 'Blood pressure'), ('Resilience', 'Insulin resistance'), ('Control', 'Insulin resistance'), ('Depression', 'Insulin resistance'), ('Weight bias', 'Insulin resistance'), ('Depression', 'Short sleep duration'), ('Resilience', 'Short sleep duration'), ('Control', 'Short sleep duration'), ('Control', 'Blood pressure'), ('Cultural norms around thinness', 'Insulin resistance'), ('Depression', 'Blood pressure')]",-1,1,1,1,-1,"[('Culture of eating that promotes healthy choices', 'Physical well-being'), ('Weight bias', 'Socio-economic status'), ('Mental well-being', 'Physical well-being'), ('Socio-economic status', 'Stress'), ('Control', 'Mental well-being'), ('Socio-economic status', 'Physical well-being'), ('Public health messaging around thinness', 'Weight bias'), ('Resilience', 'Mental well-being'), ('Medical perspective that thin is good', 'Public health messaging around thinness'), ('Weight bias', 'Depression'), ('Control', 'Stress'), ('Socio-economic status', 'Mental well-being'), ('Medical perspective that thin is good', 'Cultural norms around thinness'), ('Weight bias', 'Mental well-being'), ('Cultural norms around thinness', 'Cultural norms around thinness'), ('Cultural norms around thinness', 'Poor body image'), ('Weight bias', 'Stress'), ('Poor body image', 'Poor body image'), ('Socio-economic status', 'Control'), ('Weight bias', 'Poor body image'), ('Pressure to be thin', 'Poor body image'), ('Depression', 'Stress'), ('Poor body image', 'Depression'), ('Culture of eating that promotes healthy choices', 'Mental well-being'), ('Cultural norms around thinness', 'Pressure to be thin'), ('Public health messaging around thinness', 'Pressure to be thin'), ('Physical well-being', 'Mental well-being')]","[('Medications', 'Balance'), ('Secretion of inflammatory molecules by adipose cells', 'Insulin resistance'), ('Obesity', 'Obstructive sleep apnea'), ('Dyslipidemia', 'Blood pressure'), ('Obesity', 'Gastro-esophageal reflux disease'), ('Auto-inflammatory diseases', 'Inflammation'), ('Atherosclerosis', 'Coronary heart diseases'), ('Release of adipokines', 'Atherosclerosis'), ('Blood mono-unsaturated fatty acid level', 'Secretion of inflammatory molecules by adipose cells'), ('Insulin resistance', 'Fatty acids in the artery walls'), ('Insulin resistance', 'Cells intake of fatty acids'), ('Adipose storage of fatty acids', 'Inflammation'), ('Thoracic and abdominal obesity', 'Airway resistance'), ('Thoracic and abdominal obesity', 'Respiratory muscle fatigue'), ('Unhealthy weight control practices', 'Obesity'), ('Sodium retention', 'Blood pressure'), ('Short sleep duration', 'Pro-inflammatory cytokines'), ('Medications', 'Obesity'), ('Balance', 'Ability to engage in physical activity'), ('Short sleep duration', 'Cortisol'), ('Airway resistance', 'Asthma'), ('Short sleep duration', 'Blood pressure'), ('Fatty acids in the artery walls', 'Atherosclerosis'), ('Dyslipidemia', 'Insulin resistance'), ('Blood glucose level', 'Fatty acids in the artery walls'), ('Respiratory diseases', 'Ability to engage in physical activity'), ('Blood saturated fatty acid level', 'Secretion of inflammatory molecules by adipose cells'), ('Dysfunctional adipose tissue', 'Inflammation'), ('Coordination', 'Ability to engage in physical activity'), ('Obesity', 'Short sleep duration'), ('Inflammation', 'Asthma'), ('Coronary heart diseases', 'Dyspnea'), ('Tiredness', 'Ability to engage in physical activity'), ('Short sleep duration', 'Heart rate'), ('Blood fatty acid level', 'Blood glucose level'), ('Pro-inflammatory cytokines', 'Inflammation'), ('Respiratory muscle fatigue', 'Dyspnea'), ('Heart rate', 'Coronary heart diseases'), ('Medications', 'Coordination'), ('Beta blockers', 'Ability to engage in physical activity'), ('Sodium intake', 'Blood pressure'), ('Airway resistance', 'Asthma-like symptoms'), ('Medications', 'Concentration'), ('Cells intake of fatty acids', 'Adipose storage of fatty acids'), ('Physical pain', 'Ability to engage in physical activity'), ('Concentration', 'Ability to engage in physical activity'), ('Obesity', 'Release of adipokines'), ('Blood glucose level', 'Sodium retention'), ('Stimulants', 'Short sleep duration'), ('Obesity', 'Dysfunctional adipose tissue'), ('Medications', 'Tiredness'), ('Inflammation', 'Insulin resistance'), ('Inflammation', 'Auto-inflammatory diseases'), ('Blood fatty acid level', 'Adipose storage of fatty acids'), ('Dysfunctional adipose tissue', 'Blood pressure'), ('Dysfunctional adipose tissue', 'Dyslipidemia'), ('Obesity', 'Unhealthy weight control practices'), ('Obesity', 'Asthma-like symptoms'), ('Dyslipidemia', 'Atherosclerosis')]","[('Prevalence of walking trails', 'Quality of the sport infrastructure'), ('Medications', 'Balance'), ('Culture of eating that promotes healthy choices', 'Physical well-being'), ('Secretion of inflammatory molecules by adipose cells', 'Insulin resistance'), ('Presence of a vibrant community', 'Control'), ('Obesity', 'Weight bias'), ('Healthy eating', 'Blood mono-unsaturated fatty acid level'), ('Exercise', 'Heart rate'), ('Available time', 'Recreational physical activity'), ('Chronic conditions', 'Depression'), ('Exercise', 'Insulin resistance'), ('Weight bias', 'Socio-economic status'), ('Mental well-being', 'Physical well-being'), ('Obesity', 'Obstructive sleep apnea'), ('Eating disorders', 'Healthy eating'), ('Consumer demand for regulations', 'Marketing of healthy foods'), ('Dyslipidemia', 'Blood pressure'), ('Obesity', 'Gastro-esophageal reflux disease'), ('Perceived environmental safety', 'Mental well-being'), ('Late night TV watching', 'Short sleep duration'), ('Auto-inflammatory diseases', 'Inflammation'), ('Depression', 'Healthy eating'), ('Socio-economic status', 'Stress'), ('Exercise', 'Blood glucose level'), ('Public support and demand for healthy products', 'Marketing of healthy foods'), ('Unhealthy foods are cheaper than healthy ones', 'Supportive food environment'), ('Control', 'Mental well-being'), ('Atherosclerosis', 'Coronary heart diseases'), ('Socio-economic status', 'Physical well-being'), ('Ability to engage in physical activity', 'Physical activity'), ('Public health messaging around thinness', 'Weight bias'), ('Public support and demand for healthy products', 'Availability of healthy foods'), ('Release of adipokines', 'Atherosclerosis'), ('Consumer demand for regulations', 'Marketing of unhealthy foods'), ('Resilience', 'Mental well-being'), ('Blood mono-unsaturated fatty acid level', 'Secretion of inflammatory molecules by adipose cells'), ('Medical perspective that thin is good', 'Public health messaging around thinness'), ('Mental well-being', 'Medications'), ('Sexual difficulties', 'Mental well-being'), ('Insulin resistance', 'Fatty acids in the artery walls'), ('Insulin resistance', 'Cells intake of fatty acids'), ('Sidewalk prevalence and maintenance', 'Utilitarian physical activity '), ('Adipose storage of fatty acids', 'Inflammation'), ('Socio-economic status', 'Exercise'), ('Thoracic and abdominal obesity', 'Airway resistance'), ('Healthy eating', 'Short sleep duration'), ('Perceived environmental safety', 'Physical well-being'), ('Weight bias', 'Depression'), ('Emotional eating', 'Mental well-being'), ('Late night TV watching', 'Healthy eating'), ('Control', 'Stress'), ('Aesthetics', 'Physical well-being'), ('Economic incentives to produce unhealthy food products', 'Cost of unhealthy foods'), ('Supportive food environment', 'Healthy eating'), ('Appetite', 'Physical well-being'), ('Thoracic and abdominal obesity', 'Respiratory muscle fatigue'), ('Cardiovascular diseases', 'Fear of engaging in physical activity'), ('Socio-economic status', 'Mental well-being'), ('Unhealthy weight control practices', 'Obesity'), ('Exercise', 'Blood pressure'), ('Sodium retention', 'Blood pressure'), ('Short sleep duration', 'Pro-inflammatory cytokines'), ('Medications', 'Obesity'), ('Short sleep duration', 'Appetite'), ('Balance', 'Ability to engage in physical activity'), ('Short sleep duration', 'Cortisol'), ('Airway resistance', 'Asthma'), ('Short sleep duration', 'Blood pressure'), ('Medical perspective that thin is good', 'Cultural norms around thinness'), ('Healthy eating', 'Blood glucose level'), ('Mental well-being', 'Anticonvulsants'), ('Fatty acids in the artery walls', 'Atherosclerosis'), ('Dyslipidemia', 'Insulin resistance'), ('Blood glucose level', 'Fatty acids in the artery walls'), ('Respiratory diseases', 'Ability to engage in physical activity'), ('Blood saturated fatty acid level', 'Secretion of inflammatory molecules by adipose cells'), ('Dysfunctional adipose tissue', 'Inflammation'), ('Weight bias', 'Mental well-being'), ('Coordination', 'Ability to engage in physical activity'), ('Cultural norms around thinness', 'Cultural norms around thinness'), ('Cultural norms around thinness', 'Poor body image'), ('Obesity', 'Short sleep duration'), ('Inflammation', 'Asthma'), ('Healthy eating', 'Sodium intake'), ('Cultural norms around thinness', 'Eating disorders'), ('Poor body image', 'Sexual difficulties'), ('Fear of engaging in physical activity', 'Physical activity'), ('Short sleep duration', 'Healthy eating'), ('Coronary heart diseases', 'Dyspnea'), ('Stress', 'Inflammation'), ('Weight bias', 'Stress'), ('Unhealthy weight control practices', 'Eating disorders'), ('Tiredness', 'Ability to engage in physical activity'), ('Short sleep duration', 'Heart rate'), ('Prevalence of bike trails', 'Quality of the sport infrastructure'), ('Exercise', 'Blood fatty acid level'), ('Mental well-being', 'Emotional eating'), ('Poor body image', 'Poor body image'), ('Blood fatty acid level', 'Blood glucose level'), ('Cardiovascular diseases', 'Depression'), ('Pro-inflammatory cytokines', 'Inflammation'), ('Prevalence of green fields', 'Quality of the sport infrastructure'), ('Mental well-being', 'Antipsychotics'), ('Socio-economic status', 'Control'), ('Weight bias', 'Poor body image'), ('Positive experience of sports', 'Recreational physical activity'), ('Public support and demand for healthy products', 'Cost of healthy foods'), ('Socio-economic status', 'Availability of healthy foods'), ('Cardiovascular diseases', 'Physical well-being'), ('Respiratory muscle fatigue', 'Dyspnea'), ('Heart rate', 'Coronary heart diseases'), ('Pressure to be thin', 'Poor body image'), ('Medications', 'Coordination'), ('Beta blockers', 'Ability to engage in physical activity'), ('Antipsychotics', 'Appetite'), ('Sodium intake', 'Blood pressure'), ('Pressure to be thin', 'Unhealthy weight control practices'), ('Airway resistance', 'Asthma-like symptoms'), ('Depression', 'Stress'), ('Medications', 'Concentration'), ('Public support and demand for healthy products', 'Marketing of unhealthy foods'), ('Poor body image', 'Eating disorders'), ('Emotional eating', 'Healthy eating'), ('Obesity', 'Access to health professionals'), ('Obesity', 'Mental well-being'), ('Unhealthy foods are more available than healthy ones', 'Supportive food environment'), ('Healthy eating', 'Blood saturated fatty acid level'), ('Presence of a vibrant community', 'Resilience'), ('Cells intake of fatty acids', 'Adipose storage of fatty acids'), ('Physical activity', 'Physical well-being'), ('Appetite', 'Healthy eating'), ('Aesthetics', 'Stress'), ('Chronic conditions', 'Mental well-being'), ('Weight bias', 'Positive experience of sports'), ('Healthy eating', 'Dyslipidemia'), ('Quality of the sport infrastructure', 'Recreational physical activity'), ('Physical pain', 'Ability to engage in physical activity'), ('Prevalence of green fields', 'Aesthetics'), ('Concentration', 'Ability to engage in physical activity'), ('Aesthetics', 'Mental well-being'), ('Poor body image', 'Depression'), ('Chronic conditions', 'Physical well-being'), ('Obesity', 'Release of adipokines'), ('Blood glucose level', 'Sodium retention'), ('Restrictive covenants', 'Availability of healthy foods'), ('Musculoskeletal pain', 'Mental well-being'), ('Weight bias', 'Unhealthy weight control practices'), ('Physical activity', 'Mental well-being'), ('Access to health professionals', 'Ability to engage in physical activity'), ('Stimulants', 'Short sleep duration'), ('Culture of eating that promotes healthy choices', 'Healthy eating'), ('Culture of eating that promotes healthy choices', 'Mental well-being'), ('Weight bias', 'Exercise'), ('Obesity', 'Dysfunctional adipose tissue'), ('Medications', 'Tiredness'), ('Inflammation', 'Insulin resistance'), ('Anticonvulsants', 'Appetite'), ('Inflammation', 'Auto-inflammatory diseases'), ('Accessibility to shops', 'Utilitarian physical activity '), ('Blood fatty acid level', 'Adipose storage of fatty acids'), ('Perceived environmental safety', 'Physical activity'), ('Short sleep duration', 'Physical well-being'), ('Cultural norms around thinness', 'Pressure to be thin'), ('Weight bias', 'Access to health professionals'), ('Public health messaging around thinness', 'Pressure to be thin'), ('Dysfunctional adipose tissue', 'Blood pressure'), ('Dysfunctional adipose tissue', 'Dyslipidemia'), ('Aesthetics', 'Utilitarian physical activity '), ('Obesity', 'Unhealthy weight control practices'), ('Obesity', 'Asthma-like symptoms'), ('Marketing ratio of unhealthy to healthy foods', 'Supportive food environment'), ('Dyslipidemia', 'Atherosclerosis'), ('Physical well-being', 'Mental well-being'), ('Public support and demand for healthy products', 'Cost of unhealthy foods'), ('Musculoskeletal pain', 'Physical well-being'), ('Coronary heart diseases', 'Exercise')]"
3,"[('Weight bias', 'Blood pressure'), ('Pressure to be thin', 'Insulin resistance'), ('Physical well-being', 'Coordination'), ('Culture of eating that promotes healthy choices', 'Blood fatty acid level'), ('Pressure to be thin', 'Short sleep duration'), ('Stress', 'Insulin resistance'), ('Cultural norms around thinness', 'Short sleep duration'), ('Cultural norms around thinness', 'Blood pressure'), ('Public health messaging around thinness', 'Insulin resistance'), ('Depression', 'Inflammation'), ('Socio-economic status', 'Insulin resistance'), ('Pressure to be thin', 'Blood pressure'), ('Mental well-being', 'Insulin resistance'), ('Physical well-being', 'Insulin resistance'), ('Stress', 'Short sleep duration'), ('Culture of eating that promotes healthy choices', 'Insulin resistance'), ('Poor body image', 'Unhealthy weight control practices'), ('Socio-economic status', 'Short sleep duration'), ('Stress', 'Blood pressure'), ('Mental well-being', 'Short sleep duration'), ('Culture of eating that promotes healthy choices', 'Short sleep duration'), ('Public health messaging around thinness', 'Short sleep duration'), ('Public health messaging around thinness', 'Blood pressure'), ('Mental well-being', 'Blood pressure'), ('Socio-economic status', 'Blood pressure'), ('Culture of eating that promotes healthy choices', 'Blood pressure'), ('Mental well-being', 'Ability to engage in physical activity'), ('Physical well-being', 'Ability to engage in physical activity'), ('Physical well-being', 'Short sleep duration'), ('Physical well-being', 'Blood pressure'), ('Medical perspective that thin is good', 'Insulin resistance'), ('Poor body image', 'Insulin resistance'), ('Physical well-being', 'Balance'), ('Poor body image', 'Short sleep duration'), ('Stress', 'Inflammation'), ('Medical perspective that thin is good', 'Short sleep duration'), ('Medical perspective that thin is good', 'Blood pressure'), ('Poor body image', 'Blood pressure'), ('Weight bias', 'Short sleep duration'), ('Culture of eating that promotes healthy choices', 'Blood glucose level'), ('Resilience', 'Blood pressure'), ('Resilience', 'Insulin resistance'), ('Control', 'Insulin resistance'), ('Depression', 'Insulin resistance'), ('Weight bias', 'Insulin resistance'), ('Depression', 'Short sleep duration'), ('Resilience', 'Short sleep duration'), ('Control', 'Short sleep duration'), ('Control', 'Blood pressure'), ('Cultural norms around thinness', 'Insulin resistance'), ('Depression', 'Blood pressure')]",-1,1,1,1,-1,"[('Culture of eating that promotes healthy choices', 'Physical well-being'), ('Weight bias', 'Socio-economic status'), ('Mental well-being', 'Physical well-being'), ('Socio-economic status', 'Stress'), ('Control', 'Mental well-being'), ('Socio-economic status', 'Physical well-being'), ('Public health messaging around thinness', 'Weight bias'), ('Resilience', 'Mental well-being'), ('Medical perspective that thin is good', 'Public health messaging around thinness'), ('Weight bias', 'Depression'), ('Control', 'Stress'), ('Socio-economic status', 'Mental well-being'), ('Medical perspective that thin is good', 'Cultural norms around thinness'), ('Weight bias', 'Mental well-being'), ('Cultural norms around thinness', 'Cultural norms around thinness'), ('Cultural norms around thinness', 'Poor body image'), ('Weight bias', 'Stress'), ('Poor body image', 'Poor body image'), ('Socio-economic status', 'Control'), ('Weight bias', 'Poor body image'), ('Pressure to be thin', 'Poor body image'), ('Depression', 'Stress'), ('Poor body image', 'Depression'), ('Culture of eating that promotes healthy choices', 'Mental well-being'), ('Cultural norms around thinness', 'Pressure to be thin'), ('Public health messaging around thinness', 'Pressure to be thin'), ('Physical well-being', 'Mental well-being')]","[('Medications', 'Balance'), ('Secretion of inflammatory molecules by adipose cells', 'Insulin resistance'), ('Obesity', 'Obstructive sleep apnea'), ('Dyslipidemia', 'Blood pressure'), ('Obesity', 'Gastro-esophageal reflux disease'), ('Auto-inflammatory diseases', 'Inflammation'), ('Atherosclerosis', 'Coronary heart diseases'), ('Release of adipokines', 'Atherosclerosis'), ('Blood mono-unsaturated fatty acid level', 'Secretion of inflammatory molecules by adipose cells'), ('Insulin resistance', 'Fatty acids in the artery walls'), ('Insulin resistance', 'Cells intake of fatty acids'), ('Adipose storage of fatty acids', 'Inflammation'), ('Thoracic and abdominal obesity', 'Airway resistance'), ('Thoracic and abdominal obesity', 'Respiratory muscle fatigue'), ('Unhealthy weight control practices', 'Obesity'), ('Sodium retention', 'Blood pressure'), ('Short sleep duration', 'Pro-inflammatory cytokines'), ('Medications', 'Obesity'), ('Balance', 'Ability to engage in physical activity'), ('Short sleep duration', 'Cortisol'), ('Airway resistance', 'Asthma'), ('Short sleep duration', 'Blood pressure'), ('Fatty acids in the artery walls', 'Atherosclerosis'), ('Dyslipidemia', 'Insulin resistance'), ('Blood glucose level', 'Fatty acids in the artery walls'), ('Respiratory diseases', 'Ability to engage in physical activity'), ('Blood saturated fatty acid level', 'Secretion of inflammatory molecules by adipose cells'), ('Dysfunctional adipose tissue', 'Inflammation'), ('Coordination', 'Ability to engage in physical activity'), ('Obesity', 'Short sleep duration'), ('Inflammation', 'Asthma'), ('Coronary heart diseases', 'Dyspnea'), ('Tiredness', 'Ability to engage in physical activity'), ('Short sleep duration', 'Heart rate'), ('Blood fatty acid level', 'Blood glucose level'), ('Pro-inflammatory cytokines', 'Inflammation'), ('Respiratory muscle fatigue', 'Dyspnea'), ('Heart rate', 'Coronary heart diseases'), ('Medications', 'Coordination'), ('Beta blockers', 'Ability to engage in physical activity'), ('Sodium intake', 'Blood pressure'), ('Airway resistance', 'Asthma-like symptoms'), ('Medications', 'Concentration'), ('Cells intake of fatty acids', 'Adipose storage of fatty acids'), ('Physical pain', 'Ability to engage in physical activity'), ('Concentration', 'Ability to engage in physical activity'), ('Obesity', 'Release of adipokines'), ('Blood glucose level', 'Sodium retention'), ('Stimulants', 'Short sleep duration'), ('Obesity', 'Dysfunctional adipose tissue'), ('Medications', 'Tiredness'), ('Inflammation', 'Insulin resistance'), ('Inflammation', 'Auto-inflammatory diseases'), ('Blood fatty acid level', 'Adipose storage of fatty acids'), ('Dysfunctional adipose tissue', 'Blood pressure'), ('Dysfunctional adipose tissue', 'Dyslipidemia'), ('Obesity', 'Unhealthy weight control practices'), ('Obesity', 'Asthma-like symptoms'), ('Dyslipidemia', 'Atherosclerosis')]","[('Prevalence of walking trails', 'Quality of the sport infrastructure'), ('Medications', 'Balance'), ('Culture of eating that promotes healthy choices', 'Physical well-being'), ('Secretion of inflammatory molecules by adipose cells', 'Insulin resistance'), ('Presence of a vibrant community', 'Control'), ('Obesity', 'Weight bias'), ('Healthy eating', 'Blood mono-unsaturated fatty acid level'), ('Exercise', 'Heart rate'), ('Available time', 'Recreational physical activity'), ('Chronic conditions', 'Depression'), ('Exercise', 'Insulin resistance'), ('Weight bias', 'Socio-economic status'), ('Mental well-being', 'Physical well-being'), ('Obesity', 'Obstructive sleep apnea'), ('Eating disorders', 'Healthy eating'), ('Consumer demand for regulations', 'Marketing of healthy foods'), ('Dyslipidemia', 'Blood pressure'), ('Obesity', 'Gastro-esophageal reflux disease'), ('Perceived environmental safety', 'Mental well-being'), ('Late night TV watching', 'Short sleep duration'), ('Auto-inflammatory diseases', 'Inflammation'), ('Depression', 'Healthy eating'), ('Socio-economic status', 'Stress'), ('Exercise', 'Blood glucose level'), ('Public support and demand for healthy products', 'Marketing of healthy foods'), ('Unhealthy foods are cheaper than healthy ones', 'Supportive food environment'), ('Control', 'Mental well-being'), ('Atherosclerosis', 'Coronary heart diseases'), ('Socio-economic status', 'Physical well-being'), ('Ability to engage in physical activity', 'Physical activity'), ('Public health messaging around thinness', 'Weight bias'), ('Public support and demand for healthy products', 'Availability of healthy foods'), ('Release of adipokines', 'Atherosclerosis'), ('Consumer demand for regulations', 'Marketing of unhealthy foods'), ('Resilience', 'Mental well-being'), ('Blood mono-unsaturated fatty acid level', 'Secretion of inflammatory molecules by adipose cells'), ('Medical perspective that thin is good', 'Public health messaging around thinness'), ('Mental well-being', 'Medications'), ('Sexual difficulties', 'Mental well-being'), ('Insulin resistance', 'Fatty acids in the artery walls'), ('Insulin resistance', 'Cells intake of fatty acids'), ('Sidewalk prevalence and maintenance', 'Utilitarian physical activity '), ('Adipose storage of fatty acids', 'Inflammation'), ('Socio-economic status', 'Exercise'), ('Thoracic and abdominal obesity', 'Airway resistance'), ('Healthy eating', 'Short sleep duration'), ('Perceived environmental safety', 'Physical well-being'), ('Weight bias', 'Depression'), ('Emotional eating', 'Mental well-being'), ('Late night TV watching', 'Healthy eating'), ('Control', 'Stress'), ('Aesthetics', 'Physical well-being'), ('Economic incentives to produce unhealthy food products', 'Cost of unhealthy foods'), ('Supportive food environment', 'Healthy eating'), ('Appetite', 'Physical well-being'), ('Thoracic and abdominal obesity', 'Respiratory muscle fatigue'), ('Cardiovascular diseases', 'Fear of engaging in physical activity'), ('Socio-economic status', 'Mental well-being'), ('Unhealthy weight control practices', 'Obesity'), ('Exercise', 'Blood pressure'), ('Sodium retention', 'Blood pressure'), ('Short sleep duration', 'Pro-inflammatory cytokines'), ('Medications', 'Obesity'), ('Short sleep duration', 'Appetite'), ('Balance', 'Ability to engage in physical activity'), ('Short sleep duration', 'Cortisol'), ('Airway resistance', 'Asthma'), ('Short sleep duration', 'Blood pressure'), ('Medical perspective that thin is good', 'Cultural norms around thinness'), ('Healthy eating', 'Blood glucose level'), ('Mental well-being', 'Anticonvulsants'), ('Fatty acids in the artery walls', 'Atherosclerosis'), ('Dyslipidemia', 'Insulin resistance'), ('Blood glucose level', 'Fatty acids in the artery walls'), ('Respiratory diseases', 'Ability to engage in physical activity'), ('Blood saturated fatty acid level', 'Secretion of inflammatory molecules by adipose cells'), ('Dysfunctional adipose tissue', 'Inflammation'), ('Weight bias', 'Mental well-being'), ('Coordination', 'Ability to engage in physical activity'), ('Cultural norms around thinness', 'Cultural norms around thinness'), ('Cultural norms around thinness', 'Poor body image'), ('Obesity', 'Short sleep duration'), ('Inflammation', 'Asthma'), ('Healthy eating', 'Sodium intake'), ('Cultural norms around thinness', 'Eating disorders'), ('Poor body image', 'Sexual difficulties'), ('Fear of engaging in physical activity', 'Physical activity'), ('Short sleep duration', 'Healthy eating'), ('Coronary heart diseases', 'Dyspnea'), ('Stress', 'Inflammation'), ('Weight bias', 'Stress'), ('Unhealthy weight control practices', 'Eating disorders'), ('Tiredness', 'Ability to engage in physical activity'), ('Short sleep duration', 'Heart rate'), ('Prevalence of bike trails', 'Quality of the sport infrastructure'), ('Exercise', 'Blood fatty acid level'), ('Mental well-being', 'Emotional eating'), ('Poor body image', 'Poor body image'), ('Blood fatty acid level', 'Blood glucose level'), ('Cardiovascular diseases', 'Depression'), ('Pro-inflammatory cytokines', 'Inflammation'), ('Prevalence of green fields', 'Quality of the sport infrastructure'), ('Mental well-being', 'Antipsychotics'), ('Socio-economic status', 'Control'), ('Weight bias', 'Poor body image'), ('Positive experience of sports', 'Recreational physical activity'), ('Public support and demand for healthy products', 'Cost of healthy foods'), ('Socio-economic status', 'Availability of healthy foods'), ('Cardiovascular diseases', 'Physical well-being'), ('Respiratory muscle fatigue', 'Dyspnea'), ('Heart rate', 'Coronary heart diseases'), ('Pressure to be thin', 'Poor body image'), ('Medications', 'Coordination'), ('Beta blockers', 'Ability to engage in physical activity'), ('Antipsychotics', 'Appetite'), ('Sodium intake', 'Blood pressure'), ('Pressure to be thin', 'Unhealthy weight control practices'), ('Airway resistance', 'Asthma-like symptoms'), ('Depression', 'Stress'), ('Medications', 'Concentration'), ('Public support and demand for healthy products', 'Marketing of unhealthy foods'), ('Poor body image', 'Eating disorders'), ('Emotional eating', 'Healthy eating'), ('Obesity', 'Access to health professionals'), ('Obesity', 'Mental well-being'), ('Unhealthy foods are more available than healthy ones', 'Supportive food environment'), ('Healthy eating', 'Blood saturated fatty acid level'), ('Presence of a vibrant community', 'Resilience'), ('Cells intake of fatty acids', 'Adipose storage of fatty acids'), ('Physical activity', 'Physical well-being'), ('Appetite', 'Healthy eating'), ('Aesthetics', 'Stress'), ('Chronic conditions', 'Mental well-being'), ('Weight bias', 'Positive experience of sports'), ('Healthy eating', 'Dyslipidemia'), ('Quality of the sport infrastructure', 'Recreational physical activity'), ('Physical pain', 'Ability to engage in physical activity'), ('Prevalence of green fields', 'Aesthetics'), ('Concentration', 'Ability to engage in physical activity'), ('Aesthetics', 'Mental well-being'), ('Poor body image', 'Depression'), ('Chronic conditions', 'Physical well-being'), ('Obesity', 'Release of adipokines'), ('Blood glucose level', 'Sodium retention'), ('Restrictive covenants', 'Availability of healthy foods'), ('Musculoskeletal pain', 'Mental well-being'), ('Weight bias', 'Unhealthy weight control practices'), ('Physical activity', 'Mental well-being'), ('Access to health professionals', 'Ability to engage in physical activity'), ('Stimulants', 'Short sleep duration'), ('Culture of eating that promotes healthy choices', 'Healthy eating'), ('Culture of eating that promotes healthy choices', 'Mental well-being'), ('Weight bias', 'Exercise'), ('Obesity', 'Dysfunctional adipose tissue'), ('Medications', 'Tiredness'), ('Inflammation', 'Insulin resistance'), ('Anticonvulsants', 'Appetite'), ('Inflammation', 'Auto-inflammatory diseases'), ('Accessibility to shops', 'Utilitarian physical activity '), ('Blood fatty acid level', 'Adipose storage of fatty acids'), ('Perceived environmental safety', 'Physical activity'), ('Short sleep duration', 'Physical well-being'), ('Cultural norms around thinness', 'Pressure to be thin'), ('Weight bias', 'Access to health professionals'), ('Public health messaging around thinness', 'Pressure to be thin'), ('Dysfunctional adipose tissue', 'Blood pressure'), ('Dysfunctional adipose tissue', 'Dyslipidemia'), ('Aesthetics', 'Utilitarian physical activity '), ('Obesity', 'Unhealthy weight control practices'), ('Obesity', 'Asthma-like symptoms'), ('Marketing ratio of unhealthy to healthy foods', 'Supportive food environment'), ('Dyslipidemia', 'Atherosclerosis'), ('Physical well-being', 'Mental well-being'), ('Public support and demand for healthy products', 'Cost of unhealthy foods'), ('Musculoskeletal pain', 'Physical well-being'), ('Coronary heart diseases', 'Exercise')]"
4,"[('Weight bias', 'Blood pressure'), ('Pressure to be thin', 'Insulin resistance'), ('Physical well-being', 'Coordination'), ('Culture of eating that promotes healthy choices', 'Blood fatty acid level'), ('Pressure to be thin', 'Short sleep duration'), ('Stress', 'Insulin resistance'), ('Cultural norms around thinness', 'Short sleep duration'), ('Cultural norms around thinness', 'Blood pressure'), ('Public health messaging around thinness', 'Insulin resistance'), ('Depression', 'Inflammation'), ('Socio-economic status', 'Insulin resistance'), ('Pressure to be thin', 'Blood pressure'), ('Mental well-being', 'Insulin resistance'), ('Physical well-being', 'Insulin resistance'), ('Stress', 'Short sleep duration'), ('Culture of eating that promotes healthy choices', 'Insulin resistance'), ('Poor body image', 'Unhealthy weight control practices'), ('Socio-economic status', 'Short sleep duration'), ('Stress', 'Blood pressure'), ('Mental well-being', 'Short sleep duration'), ('Culture of eating that promotes healthy choices', 'Short sleep duration'), ('Public health messaging around thinness', 'Short sleep duration'), ('Public health messaging around thinness', 'Blood pressure'), ('Mental well-being', 'Blood pressure'), ('Socio-economic status', 'Blood pressure'), ('Culture of eating that promotes healthy choices', 'Blood pressure'), ('Mental well-being', 'Ability to engage in physical activity'), ('Physical well-being', 'Ability to engage in physical activity'), ('Physical well-being', 'Short sleep duration'), ('Physical well-being', 'Blood pressure'), ('Medical perspective that thin is good', 'Insulin resistance'), ('Poor body image', 'Insulin resistance'), ('Physical well-being', 'Balance'), ('Poor body image', 'Short sleep duration'), ('Stress', 'Inflammation'), ('Medical perspective that thin is good', 'Short sleep duration'), ('Medical perspective that thin is good', 'Blood pressure'), ('Poor body image', 'Blood pressure'), ('Weight bias', 'Short sleep duration'), ('Culture of eating that promotes healthy choices', 'Blood glucose level'), ('Resilience', 'Blood pressure'), ('Resilience', 'Insulin resistance'), ('Control', 'Insulin resistance'), ('Depression', 'Insulin resistance'), ('Weight bias', 'Insulin resistance'), ('Depression', 'Short sleep duration'), ('Resilience', 'Short sleep duration'), ('Control', 'Short sleep duration'), ('Control', 'Blood pressure'), ('Cultural norms around thinness', 'Insulin resistance'), ('Depression', 'Blood pressure')]",-1,1,1,1,-1,"[('Culture of eating that promotes healthy choices', 'Physical well-being'), ('Weight bias', 'Socio-economic status'), ('Mental well-being', 'Physical well-being'), ('Socio-economic status', 'Stress'), ('Control', 'Mental well-being'), ('Socio-economic status', 'Physical well-being'), ('Public health messaging around thinness', 'Weight bias'), ('Resilience', 'Mental well-being'), ('Medical perspective that thin is good', 'Public health messaging around thinness'), ('Weight bias', 'Depression'), ('Control', 'Stress'), ('Socio-economic status', 'Mental well-being'), ('Medical perspective that thin is good', 'Cultural norms around thinness'), ('Weight bias', 'Mental well-being'), ('Cultural norms around thinness', 'Cultural norms around thinness'), ('Cultural norms around thinness', 'Poor body image'), ('Weight bias', 'Stress'), ('Poor body image', 'Poor body image'), ('Socio-economic status', 'Control'), ('Weight bias', 'Poor body image'), ('Pressure to be thin', 'Poor body image'), ('Depression', 'Stress'), ('Poor body image', 'Depression'), ('Culture of eating that promotes healthy choices', 'Mental well-being'), ('Cultural norms around thinness', 'Pressure to be thin'), ('Public health messaging around thinness', 'Pressure to be thin'), ('Physical well-being', 'Mental well-being')]","[('Medications', 'Balance'), ('Secretion of inflammatory molecules by adipose cells', 'Insulin resistance'), ('Obesity', 'Obstructive sleep apnea'), ('Dyslipidemia', 'Blood pressure'), ('Obesity', 'Gastro-esophageal reflux disease'), ('Auto-inflammatory diseases', 'Inflammation'), ('Atherosclerosis', 'Coronary heart diseases'), ('Release of adipokines', 'Atherosclerosis'), ('Blood mono-unsaturated fatty acid level', 'Secretion of inflammatory molecules by adipose cells'), ('Insulin resistance', 'Fatty acids in the artery walls'), ('Insulin resistance', 'Cells intake of fatty acids'), ('Adipose storage of fatty acids', 'Inflammation'), ('Thoracic and abdominal obesity', 'Airway resistance'), ('Thoracic and abdominal obesity', 'Respiratory muscle fatigue'), ('Unhealthy weight control practices', 'Obesity'), ('Sodium retention', 'Blood pressure'), ('Short sleep duration', 'Pro-inflammatory cytokines'), ('Medications', 'Obesity'), ('Balance', 'Ability to engage in physical activity'), ('Short sleep duration', 'Cortisol'), ('Airway resistance', 'Asthma'), ('Short sleep duration', 'Blood pressure'), ('Fatty acids in the artery walls', 'Atherosclerosis'), ('Dyslipidemia', 'Insulin resistance'), ('Blood glucose level', 'Fatty acids in the artery walls'), ('Respiratory diseases', 'Ability to engage in physical activity'), ('Blood saturated fatty acid level', 'Secretion of inflammatory molecules by adipose cells'), ('Dysfunctional adipose tissue', 'Inflammation'), ('Coordination', 'Ability to engage in physical activity'), ('Obesity', 'Short sleep duration'), ('Inflammation', 'Asthma'), ('Coronary heart diseases', 'Dyspnea'), ('Tiredness', 'Ability to engage in physical activity'), ('Short sleep duration', 'Heart rate'), ('Blood fatty acid level', 'Blood glucose level'), ('Pro-inflammatory cytokines', 'Inflammation'), ('Respiratory muscle fatigue', 'Dyspnea'), ('Heart rate', 'Coronary heart diseases'), ('Medications', 'Coordination'), ('Beta blockers', 'Ability to engage in physical activity'), ('Sodium intake', 'Blood pressure'), ('Airway resistance', 'Asthma-like symptoms'), ('Medications', 'Concentration'), ('Cells intake of fatty acids', 'Adipose storage of fatty acids'), ('Physical pain', 'Ability to engage in physical activity'), ('Concentration', 'Ability to engage in physical activity'), ('Obesity', 'Release of adipokines'), ('Blood glucose level', 'Sodium retention'), ('Stimulants', 'Short sleep duration'), ('Obesity', 'Dysfunctional adipose tissue'), ('Medications', 'Tiredness'), ('Inflammation', 'Insulin resistance'), ('Inflammation', 'Auto-inflammatory diseases'), ('Blood fatty acid level', 'Adipose storage of fatty acids'), ('Dysfunctional adipose tissue', 'Blood pressure'), ('Dysfunctional adipose tissue', 'Dyslipidemia'), ('Obesity', 'Unhealthy weight control practices'), ('Obesity', 'Asthma-like symptoms'), ('Dyslipidemia', 'Atherosclerosis')]","[('Prevalence of walking trails', 'Quality of the sport infrastructure'), ('Medications', 'Balance'), ('Culture of eating that promotes healthy choices', 'Physical well-being'), ('Secretion of inflammatory molecules by adipose cells', 'Insulin resistance'), ('Presence of a vibrant community', 'Control'), ('Obesity', 'Weight bias'), ('Healthy eating', 'Blood mono-unsaturated fatty acid level'), ('Exercise', 'Heart rate'), ('Available time', 'Recreational physical activity'), ('Chronic conditions', 'Depression'), ('Exercise', 'Insulin resistance'), ('Weight bias', 'Socio-economic status'), ('Mental well-being', 'Physical well-being'), ('Obesity', 'Obstructive sleep apnea'), ('Eating disorders', 'Healthy eating'), ('Consumer demand for regulations', 'Marketing of healthy foods'), ('Dyslipidemia', 'Blood pressure'), ('Obesity', 'Gastro-esophageal reflux disease'), ('Perceived environmental safety', 'Mental well-being'), ('Late night TV watching', 'Short sleep duration'), ('Auto-inflammatory diseases', 'Inflammation'), ('Depression', 'Healthy eating'), ('Socio-economic status', 'Stress'), ('Exercise', 'Blood glucose level'), ('Public support and demand for healthy products', 'Marketing of healthy foods'), ('Unhealthy foods are cheaper than healthy ones', 'Supportive food environment'), ('Control', 'Mental well-being'), ('Atherosclerosis', 'Coronary heart diseases'), ('Socio-economic status', 'Physical well-being'), ('Ability to engage in physical activity', 'Physical activity'), ('Public health messaging around thinness', 'Weight bias'), ('Public support and demand for healthy products', 'Availability of healthy foods'), ('Release of adipokines', 'Atherosclerosis'), ('Consumer demand for regulations', 'Marketing of unhealthy foods'), ('Resilience', 'Mental well-being'), ('Blood mono-unsaturated fatty acid level', 'Secretion of inflammatory molecules by adipose cells'), ('Medical perspective that thin is good', 'Public health messaging around thinness'), ('Mental well-being', 'Medications'), ('Sexual difficulties', 'Mental well-being'), ('Insulin resistance', 'Fatty acids in the artery walls'), ('Insulin resistance', 'Cells intake of fatty acids'), ('Sidewalk prevalence and maintenance', 'Utilitarian physical activity '), ('Adipose storage of fatty acids', 'Inflammation'), ('Socio-economic status', 'Exercise'), ('Thoracic and abdominal obesity', 'Airway resistance'), ('Healthy eating', 'Short sleep duration'), ('Perceived environmental safety', 'Physical well-being'), ('Weight bias', 'Depression'), ('Emotional eating', 'Mental well-being'), ('Late night TV watching', 'Healthy eating'), ('Control', 'Stress'), ('Aesthetics', 'Physical well-being'), ('Economic incentives to produce unhealthy food products', 'Cost of unhealthy foods'), ('Supportive food environment', 'Healthy eating'), ('Appetite', 'Physical well-being'), ('Thoracic and abdominal obesity', 'Respiratory muscle fatigue'), ('Cardiovascular diseases', 'Fear of engaging in physical activity'), ('Socio-economic status', 'Mental well-being'), ('Unhealthy weight control practices', 'Obesity'), ('Exercise', 'Blood pressure'), ('Sodium retention', 'Blood pressure'), ('Short sleep duration', 'Pro-inflammatory cytokines'), ('Medications', 'Obesity'), ('Short sleep duration', 'Appetite'), ('Balance', 'Ability to engage in physical activity'), ('Short sleep duration', 'Cortisol'), ('Airway resistance', 'Asthma'), ('Short sleep duration', 'Blood pressure'), ('Medical perspective that thin is good', 'Cultural norms around thinness'), ('Healthy eating', 'Blood glucose level'), ('Mental well-being', 'Anticonvulsants'), ('Fatty acids in the artery walls', 'Atherosclerosis'), ('Dyslipidemia', 'Insulin resistance'), ('Blood glucose level', 'Fatty acids in the artery walls'), ('Respiratory diseases', 'Ability to engage in physical activity'), ('Blood saturated fatty acid level', 'Secretion of inflammatory molecules by adipose cells'), ('Dysfunctional adipose tissue', 'Inflammation'), ('Weight bias', 'Mental well-being'), ('Coordination', 'Ability to engage in physical activity'), ('Cultural norms around thinness', 'Cultural norms around thinness'), ('Cultural norms around thinness', 'Poor body image'), ('Obesity', 'Short sleep duration'), ('Inflammation', 'Asthma'), ('Healthy eating', 'Sodium intake'), ('Cultural norms around thinness', 'Eating disorders'), ('Poor body image', 'Sexual difficulties'), ('Fear of engaging in physical activity', 'Physical activity'), ('Short sleep duration', 'Healthy eating'), ('Coronary heart diseases', 'Dyspnea'), ('Stress', 'Inflammation'), ('Weight bias', 'Stress'), ('Unhealthy weight control practices', 'Eating disorders'), ('Tiredness', 'Ability to engage in physical activity'), ('Short sleep duration', 'Heart rate'), ('Prevalence of bike trails', 'Quality of the sport infrastructure'), ('Exercise', 'Blood fatty acid level'), ('Mental well-being', 'Emotional eating'), ('Poor body image', 'Poor body image'), ('Blood fatty acid level', 'Blood glucose level'), ('Cardiovascular diseases', 'Depression'), ('Pro-inflammatory cytokines', 'Inflammation'), ('Prevalence of green fields', 'Quality of the sport infrastructure'), ('Mental well-being', 'Antipsychotics'), ('Socio-economic status', 'Control'), ('Weight bias', 'Poor body image'), ('Positive experience of sports', 'Recreational physical activity'), ('Public support and demand for healthy products', 'Cost of healthy foods'), ('Socio-economic status', 'Availability of healthy foods'), ('Cardiovascular diseases', 'Physical well-being'), ('Respiratory muscle fatigue', 'Dyspnea'), ('Heart rate', 'Coronary heart diseases'), ('Pressure to be thin', 'Poor body image'), ('Medications', 'Coordination'), ('Beta blockers', 'Ability to engage in physical activity'), ('Antipsychotics', 'Appetite'), ('Sodium intake', 'Blood pressure'), ('Pressure to be thin', 'Unhealthy weight control practices'), ('Airway resistance', 'Asthma-like symptoms'), ('Depression', 'Stress'), ('Medications', 'Concentration'), ('Public support and demand for healthy products', 'Marketing of unhealthy foods'), ('Poor body image', 'Eating disorders'), ('Emotional eating', 'Healthy eating'), ('Obesity', 'Access to health professionals'), ('Obesity', 'Mental well-being'), ('Unhealthy foods are more available than healthy ones', 'Supportive food environment'), ('Healthy eating', 'Blood saturated fatty acid level'), ('Presence of a vibrant community', 'Resilience'), ('Cells intake of fatty acids', 'Adipose storage of fatty acids'), ('Physical activity', 'Physical well-being'), ('Appetite', 'Healthy eating'), ('Aesthetics', 'Stress'), ('Chronic conditions', 'Mental well-being'), ('Weight bias', 'Positive experience of sports'), ('Healthy eating', 'Dyslipidemia'), ('Quality of the sport infrastructure', 'Recreational physical activity'), ('Physical pain', 'Ability to engage in physical activity'), ('Prevalence of green fields', 'Aesthetics'), ('Concentration', 'Ability to engage in physical activity'), ('Aesthetics', 'Mental well-being'), ('Poor body image', 'Depression'), ('Chronic conditions', 'Physical well-being'), ('Obesity', 'Release of adipokines'), ('Blood glucose level', 'Sodium retention'), ('Restrictive covenants', 'Availability of healthy foods'), ('Musculoskeletal pain', 'Mental well-being'), ('Weight bias', 'Unhealthy weight control practices'), ('Physical activity', 'Mental well-being'), ('Access to health professionals', 'Ability to engage in physical activity'), ('Stimulants', 'Short sleep duration'), ('Culture of eating that promotes healthy choices', 'Healthy eating'), ('Culture of eating that promotes healthy choices', 'Mental well-being'), ('Weight bias', 'Exercise'), ('Obesity', 'Dysfunctional adipose tissue'), ('Medications', 'Tiredness'), ('Inflammation', 'Insulin resistance'), ('Anticonvulsants', 'Appetite'), ('Inflammation', 'Auto-inflammatory diseases'), ('Accessibility to shops', 'Utilitarian physical activity '), ('Blood fatty acid level', 'Adipose storage of fatty acids'), ('Perceived environmental safety', 'Physical activity'), ('Short sleep duration', 'Physical well-being'), ('Cultural norms around thinness', 'Pressure to be thin'), ('Weight bias', 'Access to health professionals'), ('Public health messaging around thinness', 'Pressure to be thin'), ('Dysfunctional adipose tissue', 'Blood pressure'), ('Dysfunctional adipose tissue', 'Dyslipidemia'), ('Aesthetics', 'Utilitarian physical activity '), ('Obesity', 'Unhealthy weight control practices'), ('Obesity', 'Asthma-like symptoms'), ('Marketing ratio of unhealthy to healthy foods', 'Supportive food environment'), ('Dyslipidemia', 'Atherosclerosis'), ('Physical well-being', 'Mental well-being'), ('Public support and demand for healthy products', 'Cost of unhealthy foods'), ('Musculoskeletal pain', 'Physical well-being'), ('Coronary heart diseases', 'Exercise')]"
0,"[('Culture of eating that promotes healthy choices', 'Adipose storage of fatty acids'), ('Pressure to be thin', 'Short sleep duration'), ('Mental well-being', 'Pro-inflammatory cytokines'), ('Physical well-being', 'Blood fatty acid level'), ('Resilience', 'Ability to engage in physical activity'), ('Socio-economic status', 'Blood glucose level'), ('Control', 'Blood pressure'), ('Weight bias', 'Dyslipidemia'), ('Stress', 'Cortisol'), ('Poor body image', 'Unhealthy weight control practices'), ('Medical perspective that thin is good', 'Blood saturated fatty acid level'), ('Cultural norms around thinness', 'Secretion of inflammatory molecules by adipose cells'), ('Public health messaging around thinness', 'Obesity'), ('Depression', 'Inflammation')]",-1,1,1,-1,-1,"[('Culture of eating that promotes healthy choices', 'Physical well-being'), ('Weight bias', 'Socio-economic status'), ('Mental well-being', 'Physical well-being'), ('Socio-economic status', 'Stress'), ('Control', 'Mental well-being'), ('Socio-economic status', 'Physical well-being'), ('Public health messaging around thinness', 'Weight bias'), ('Resilience', 'Mental well-being'), ('Medical perspective that thin is good', 'Public health messaging around thinness'), ('Weight bias', 'Depression'), ('Control', 'Stress'), ('Socio-economic status', 'Mental well-being'), ('Medical perspective that thin is good', 'Cultural norms around thinness'), ('Weight bias', 'Mental well-being'), ('Cultural norms around thinness', 'Cultural norms around thinness'), ('Cultural norms around thinness', 'Poor body image'), ('Weight bias', 'Stress'), ('Poor body image', 'Poor body image'), ('Socio-economic status', 'Control'), ('Weight bias', 'Poor body image'), ('Pressure to be thin', 'Poor body image'), ('Depression', 'Stress'), ('Poor body image', 'Depression'), ('Culture of eating that promotes healthy choices', 'Mental well-being'), ('Cultural norms around thinness', 'Pressure to be thin'), ('Public health messaging around thinness', 'Pressure to be thin'), ('Physical well-being', 'Mental well-being')]","[('Medications', 'Balance'), ('Secretion of inflammatory molecules by adipose cells', 'Insulin resistance'), ('Obesity', 'Obstructive sleep apnea'), ('Dyslipidemia', 'Blood pressure'), ('Obesity', 'Gastro-esophageal reflux disease'), ('Auto-inflammatory diseases', 'Inflammation'), ('Atherosclerosis', 'Coronary heart diseases'), ('Release of adipokines', 'Atherosclerosis'), ('Blood mono-unsaturated fatty acid level', 'Secretion of inflammatory molecules by adipose cells'), ('Insulin resistance', 'Fatty acids in the artery walls'), ('Insulin resistance', 'Cells intake of fatty acids'), ('Adipose storage of fatty acids', 'Inflammation'), ('Thoracic and abdominal obesity', 'Airway resistance'), ('Thoracic and abdominal obesity', 'Respiratory muscle fatigue'), ('Unhealthy weight control practices', 'Obesity'), ('Sodium retention', 'Blood pressure'), ('Short sleep duration', 'Pro-inflammatory cytokines'), ('Medications', 'Obesity'), ('Balance', 'Ability to engage in physical activity'), ('Short sleep duration', 'Cortisol'), ('Airway resistance', 'Asthma'), ('Short sleep duration', 'Blood pressure'), ('Fatty acids in the artery walls', 'Atherosclerosis'), ('Dyslipidemia', 'Insulin resistance'), ('Blood glucose level', 'Fatty acids in the artery walls'), ('Respiratory diseases', 'Ability to engage in physical activity'), ('Blood saturated fatty acid level', 'Secretion of inflammatory molecules by adipose cells'), ('Dysfunctional adipose tissue', 'Inflammation'), ('Coordination', 'Ability to engage in physical activity'), ('Obesity', 'Short sleep duration'), ('Inflammation', 'Asthma'), ('Coronary heart diseases', 'Dyspnea'), ('Tiredness', 'Ability to engage in physical activity'), ('Short sleep duration', 'Heart rate'), ('Blood fatty acid level', 'Blood glucose level'), ('Pro-inflammatory cytokines', 'Inflammation'), ('Respiratory muscle fatigue', 'Dyspnea'), ('Heart rate', 'Coronary heart diseases'), ('Medications', 'Coordination'), ('Beta blockers', 'Ability to engage in physical activity'), ('Sodium intake', 'Blood pressure'), ('Airway resistance', 'Asthma-like symptoms'), ('Medications', 'Concentration'), ('Cells intake of fatty acids', 'Adipose storage of fatty acids'), ('Physical pain', 'Ability to engage in physical activity'), ('Concentration', 'Ability to engage in physical activity'), ('Obesity', 'Release of adipokines'), ('Blood glucose level', 'Sodium retention'), ('Stimulants', 'Short sleep duration'), ('Obesity', 'Dysfunctional adipose tissue'), ('Medications', 'Tiredness'), ('Inflammation', 'Insulin resistance'), ('Inflammation', 'Auto-inflammatory diseases'), ('Blood fatty acid level', 'Adipose storage of fatty acids'), ('Dysfunctional adipose tissue', 'Blood pressure'), ('Dysfunctional adipose tissue', 'Dyslipidemia'), ('Obesity', 'Unhealthy weight control practices'), ('Obesity', 'Asthma-like symptoms'), ('Dyslipidemia', 'Atherosclerosis')]","[('Prevalence of walking trails', 'Quality of the sport infrastructure'), ('Medications', 'Balance'), ('Culture of eating that promotes healthy choices', 'Physical well-being'), ('Secretion of inflammatory molecules by adipose cells', 'Insulin resistance'), ('Presence of a vibrant community', 'Control'), ('Obesity', 'Weight bias'), ('Healthy eating', 'Blood mono-unsaturated fatty acid level'), ('Exercise', 'Heart rate'), ('Available time', 'Recreational physical activity'), ('Chronic conditions', 'Depression'), ('Exercise', 'Insulin resistance'), ('Weight bias', 'Socio-economic status'), ('Mental well-being', 'Physical well-being'), ('Obesity', 'Obstructive sleep apnea'), ('Eating disorders', 'Healthy eating'), ('Consumer demand for regulations', 'Marketing of healthy foods'), ('Dyslipidemia', 'Blood pressure'), ('Obesity', 'Gastro-esophageal reflux disease'), ('Perceived environmental safety', 'Mental well-being'), ('Late night TV watching', 'Short sleep duration'), ('Auto-inflammatory diseases', 'Inflammation'), ('Depression', 'Healthy eating'), ('Socio-economic status', 'Stress'), ('Exercise', 'Blood glucose level'), ('Public support and demand for healthy products', 'Marketing of healthy foods'), ('Unhealthy foods are cheaper than healthy ones', 'Supportive food environment'), ('Control', 'Mental well-being'), ('Atherosclerosis', 'Coronary heart diseases'), ('Socio-economic status', 'Physical well-being'), ('Ability to engage in physical activity', 'Physical activity'), ('Public health messaging around thinness', 'Weight bias'), ('Public support and demand for healthy products', 'Availability of healthy foods'), ('Release of adipokines', 'Atherosclerosis'), ('Consumer demand for regulations', 'Marketing of unhealthy foods'), ('Resilience', 'Mental well-being'), ('Blood mono-unsaturated fatty acid level', 'Secretion of inflammatory molecules by adipose cells'), ('Medical perspective that thin is good', 'Public health messaging around thinness'), ('Mental well-being', 'Medications'), ('Sexual difficulties', 'Mental well-being'), ('Insulin resistance', 'Fatty acids in the artery walls'), ('Insulin resistance', 'Cells intake of fatty acids'), ('Sidewalk prevalence and maintenance', 'Utilitarian physical activity '), ('Adipose storage of fatty acids', 'Inflammation'), ('Socio-economic status', 'Exercise'), ('Thoracic and abdominal obesity', 'Airway resistance'), ('Healthy eating', 'Short sleep duration'), ('Perceived environmental safety', 'Physical well-being'), ('Weight bias', 'Depression'), ('Emotional eating', 'Mental well-being'), ('Late night TV watching', 'Healthy eating'), ('Control', 'Stress'), ('Aesthetics', 'Physical well-being'), ('Economic incentives to produce unhealthy food products', 'Cost of unhealthy foods'), ('Supportive food environment', 'Healthy eating'), ('Appetite', 'Physical well-being'), ('Thoracic and abdominal obesity', 'Respiratory muscle fatigue'), ('Cardiovascular diseases', 'Fear of engaging in physical activity'), ('Socio-economic status', 'Mental well-being'), ('Unhealthy weight control practices', 'Obesity'), ('Exercise', 'Blood pressure'), ('Sodium retention', 'Blood pressure'), ('Short sleep duration', 'Pro-inflammatory cytokines'), ('Medications', 'Obesity'), ('Short sleep duration', 'Appetite'), ('Balance', 'Ability to engage in physical activity'), ('Short sleep duration', 'Cortisol'), ('Airway resistance', 'Asthma'), ('Short sleep duration', 'Blood pressure'), ('Medical perspective that thin is good', 'Cultural norms around thinness'), ('Healthy eating', 'Blood glucose level'), ('Mental well-being', 'Anticonvulsants'), ('Fatty acids in the artery walls', 'Atherosclerosis'), ('Dyslipidemia', 'Insulin resistance'), ('Blood glucose level', 'Fatty acids in the artery walls'), ('Respiratory diseases', 'Ability to engage in physical activity'), ('Blood saturated fatty acid level', 'Secretion of inflammatory molecules by adipose cells'), ('Dysfunctional adipose tissue', 'Inflammation'), ('Weight bias', 'Mental well-being'), ('Coordination', 'Ability to engage in physical activity'), ('Cultural norms around thinness', 'Cultural norms around thinness'), ('Cultural norms around thinness', 'Poor body image'), ('Obesity', 'Short sleep duration'), ('Inflammation', 'Asthma'), ('Healthy eating', 'Sodium intake'), ('Cultural norms around thinness', 'Eating disorders'), ('Poor body image', 'Sexual difficulties'), ('Fear of engaging in physical activity', 'Physical activity'), ('Short sleep duration', 'Healthy eating'), ('Coronary heart diseases', 'Dyspnea'), ('Stress', 'Inflammation'), ('Weight bias', 'Stress'), ('Unhealthy weight control practices', 'Eating disorders'), ('Tiredness', 'Ability to engage in physical activity'), ('Short sleep duration', 'Heart rate'), ('Prevalence of bike trails', 'Quality of the sport infrastructure'), ('Exercise', 'Blood fatty acid level'), ('Mental well-being', 'Emotional eating'), ('Poor body image', 'Poor body image'), ('Blood fatty acid level', 'Blood glucose level'), ('Cardiovascular diseases', 'Depression'), ('Pro-inflammatory cytokines', 'Inflammation'), ('Prevalence of green fields', 'Quality of the sport infrastructure'), ('Mental well-being', 'Antipsychotics'), ('Socio-economic status', 'Control'), ('Weight bias', 'Poor body image'), ('Positive experience of sports', 'Recreational physical activity'), ('Public support and demand for healthy products', 'Cost of healthy foods'), ('Socio-economic status', 'Availability of healthy foods'), ('Cardiovascular diseases', 'Physical well-being'), ('Respiratory muscle fatigue', 'Dyspnea'), ('Heart rate', 'Coronary heart diseases'), ('Pressure to be thin', 'Poor body image'), ('Medications', 'Coordination'), ('Beta blockers', 'Ability to engage in physical activity'), ('Antipsychotics', 'Appetite'), ('Sodium intake', 'Blood pressure'), ('Pressure to be thin', 'Unhealthy weight control practices'), ('Airway resistance', 'Asthma-like symptoms'), ('Depression', 'Stress'), ('Medications', 'Concentration'), ('Public support and demand for healthy products', 'Marketing of unhealthy foods'), ('Poor body image', 'Eating disorders'), ('Emotional eating', 'Healthy eating'), ('Obesity', 'Access to health professionals'), ('Obesity', 'Mental well-being'), ('Unhealthy foods are more available than healthy ones', 'Supportive food environment'), ('Healthy eating', 'Blood saturated fatty acid level'), ('Presence of a vibrant community', 'Resilience'), ('Cells intake of fatty acids', 'Adipose storage of fatty acids'), ('Physical activity', 'Physical well-being'), ('Appetite', 'Healthy eating'), ('Aesthetics', 'Stress'), ('Chronic conditions', 'Mental well-being'), ('Weight bias', 'Positive experience of sports'), ('Healthy eating', 'Dyslipidemia'), ('Quality of the sport infrastructure', 'Recreational physical activity'), ('Physical pain', 'Ability to engage in physical activity'), ('Prevalence of green fields', 'Aesthetics'), ('Concentration', 'Ability to engage in physical activity'), ('Aesthetics', 'Mental well-being'), ('Poor body image', 'Depression'), ('Chronic conditions', 'Physical well-being'), ('Obesity', 'Release of adipokines'), ('Blood glucose level', 'Sodium retention'), ('Restrictive covenants', 'Availability of healthy foods'), ('Musculoskeletal pain', 'Mental well-being'), ('Weight bias', 'Unhealthy weight control practices'), ('Physical activity', 'Mental well-being'), ('Access to health professionals', 'Ability to engage in physical activity'), ('Stimulants', 'Short sleep duration'), ('Culture of eating that promotes healthy choices', 'Healthy eating'), ('Culture of eating that promotes healthy choices', 'Mental well-being'), ('Weight bias', 'Exercise'), ('Obesity', 'Dysfunctional adipose tissue'), ('Medications', 'Tiredness'), ('Inflammation', 'Insulin resistance'), ('Anticonvulsants', 'Appetite'), ('Inflammation', 'Auto-inflammatory diseases'), ('Accessibility to shops', 'Utilitarian physical activity '), ('Blood fatty acid level', 'Adipose storage of fatty acids'), ('Perceived environmental safety', 'Physical activity'), ('Short sleep duration', 'Physical well-being'), ('Cultural norms around thinness', 'Pressure to be thin'), ('Weight bias', 'Access to health professionals'), ('Public health messaging around thinness', 'Pressure to be thin'), ('Dysfunctional adipose tissue', 'Blood pressure'), ('Dysfunctional adipose tissue', 'Dyslipidemia'), ('Aesthetics', 'Utilitarian physical activity '), ('Obesity', 'Unhealthy weight control practices'), ('Obesity', 'Asthma-like symptoms'), ('Marketing ratio of unhealthy to healthy foods', 'Supportive food environment'), ('Dyslipidemia', 'Atherosclerosis'), ('Physical well-being', 'Mental well-being'), ('Public support and demand for healthy products', 'Cost of unhealthy foods'), ('Musculoskeletal pain', 'Physical well-being'), ('Coronary heart diseases', 'Exercise')]"
1,"[('Culture of eating that promotes healthy choices', 'Adipose storage of fatty acids'), ('Pressure to be thin', 'Short sleep duration'), ('Mental well-being', 'Pro-inflammatory cytokines'), ('Physical well-being', 'Blood fatty acid level'), ('Resilience', 'Ability to engage in physical activity'), ('Socio-economic status', 'Blood glucose level'), ('Control', 'Blood pressure'), ('Weight bias', 'Dyslipidemia'), ('Stress', 'Cortisol'), ('Poor body image', 'Unhealthy weight control practices'), ('Medical perspective that thin is good', 'Blood saturated fatty acid level'), ('Cultural norms around thinness', 'Secretion of inflammatory molecules by adipose cells'), ('Public health messaging around thinness', 'Obesity'), ('Depression', 'Inflammation')]",-1,1,1,-1,-1,"[('Culture of eating that promotes healthy choices', 'Physical well-being'), ('Weight bias', 'Socio-economic status'), ('Mental well-being', 'Physical well-being'), ('Socio-economic status', 'Stress'), ('Control', 'Mental well-being'), ('Socio-economic status', 'Physical well-being'), ('Public health messaging around thinness', 'Weight bias'), ('Resilience', 'Mental well-being'), ('Medical perspective that thin is good', 'Public health messaging around thinness'), ('Weight bias', 'Depression'), ('Control', 'Stress'), ('Socio-economic status', 'Mental well-being'), ('Medical perspective that thin is good', 'Cultural norms around thinness'), ('Weight bias', 'Mental well-being'), ('Cultural norms around thinness', 'Cultural norms around thinness'), ('Cultural norms around thinness', 'Poor body image'), ('Weight bias', 'Stress'), ('Poor body image', 'Poor body image'), ('Socio-economic status', 'Control'), ('Weight bias', 'Poor body image'), ('Pressure to be thin', 'Poor body image'), ('Depression', 'Stress'), ('Poor body image', 'Depression'), ('Culture of eating that promotes healthy choices', 'Mental well-being'), ('Cultural norms around thinness', 'Pressure to be thin'), ('Public health messaging around thinness', 'Pressure to be thin'), ('Physical well-being', 'Mental well-being')]","[('Medications', 'Balance'), ('Secretion of inflammatory molecules by adipose cells', 'Insulin resistance'), ('Obesity', 'Obstructive sleep apnea'), ('Dyslipidemia', 'Blood pressure'), ('Obesity', 'Gastro-esophageal reflux disease'), ('Auto-inflammatory diseases', 'Inflammation'), ('Atherosclerosis', 'Coronary heart diseases'), ('Release of adipokines', 'Atherosclerosis'), ('Blood mono-unsaturated fatty acid level', 'Secretion of inflammatory molecules by adipose cells'), ('Insulin resistance', 'Fatty acids in the artery walls'), ('Insulin resistance', 'Cells intake of fatty acids'), ('Adipose storage of fatty acids', 'Inflammation'), ('Thoracic and abdominal obesity', 'Airway resistance'), ('Thoracic and abdominal obesity', 'Respiratory muscle fatigue'), ('Unhealthy weight control practices', 'Obesity'), ('Sodium retention', 'Blood pressure'), ('Short sleep duration', 'Pro-inflammatory cytokines'), ('Medications', 'Obesity'), ('Balance', 'Ability to engage in physical activity'), ('Short sleep duration', 'Cortisol'), ('Airway resistance', 'Asthma'), ('Short sleep duration', 'Blood pressure'), ('Fatty acids in the artery walls', 'Atherosclerosis'), ('Dyslipidemia', 'Insulin resistance'), ('Blood glucose level', 'Fatty acids in the artery walls'), ('Respiratory diseases', 'Ability to engage in physical activity'), ('Blood saturated fatty acid level', 'Secretion of inflammatory molecules by adipose cells'), ('Dysfunctional adipose tissue', 'Inflammation'), ('Coordination', 'Ability to engage in physical activity'), ('Obesity', 'Short sleep duration'), ('Inflammation', 'Asthma'), ('Coronary heart diseases', 'Dyspnea'), ('Tiredness', 'Ability to engage in physical activity'), ('Short sleep duration', 'Heart rate'), ('Blood fatty acid level', 'Blood glucose level'), ('Pro-inflammatory cytokines', 'Inflammation'), ('Respiratory muscle fatigue', 'Dyspnea'), ('Heart rate', 'Coronary heart diseases'), ('Medications', 'Coordination'), ('Beta blockers', 'Ability to engage in physical activity'), ('Sodium intake', 'Blood pressure'), ('Airway resistance', 'Asthma-like symptoms'), ('Medications', 'Concentration'), ('Cells intake of fatty acids', 'Adipose storage of fatty acids'), ('Physical pain', 'Ability to engage in physical activity'), ('Concentration', 'Ability to engage in physical activity'), ('Obesity', 'Release of adipokines'), ('Blood glucose level', 'Sodium retention'), ('Stimulants', 'Short sleep duration'), ('Obesity', 'Dysfunctional adipose tissue'), ('Medications', 'Tiredness'), ('Inflammation', 'Insulin resistance'), ('Inflammation', 'Auto-inflammatory diseases'), ('Blood fatty acid level', 'Adipose storage of fatty acids'), ('Dysfunctional adipose tissue', 'Blood pressure'), ('Dysfunctional adipose tissue', 'Dyslipidemia'), ('Obesity', 'Unhealthy weight control practices'), ('Obesity', 'Asthma-like symptoms'), ('Dyslipidemia', 'Atherosclerosis')]","[('Prevalence of walking trails', 'Quality of the sport infrastructure'), ('Medications', 'Balance'), ('Culture of eating that promotes healthy choices', 'Physical well-being'), ('Secretion of inflammatory molecules by adipose cells', 'Insulin resistance'), ('Presence of a vibrant community', 'Control'), ('Obesity', 'Weight bias'), ('Healthy eating', 'Blood mono-unsaturated fatty acid level'), ('Exercise', 'Heart rate'), ('Available time', 'Recreational physical activity'), ('Chronic conditions', 'Depression'), ('Exercise', 'Insulin resistance'), ('Weight bias', 'Socio-economic status'), ('Mental well-being', 'Physical well-being'), ('Obesity', 'Obstructive sleep apnea'), ('Eating disorders', 'Healthy eating'), ('Consumer demand for regulations', 'Marketing of healthy foods'), ('Dyslipidemia', 'Blood pressure'), ('Obesity', 'Gastro-esophageal reflux disease'), ('Perceived environmental safety', 'Mental well-being'), ('Late night TV watching', 'Short sleep duration'), ('Auto-inflammatory diseases', 'Inflammation'), ('Depression', 'Healthy eating'), ('Socio-economic status', 'Stress'), ('Exercise', 'Blood glucose level'), ('Public support and demand for healthy products', 'Marketing of healthy foods'), ('Unhealthy foods are cheaper than healthy ones', 'Supportive food environment'), ('Control', 'Mental well-being'), ('Atherosclerosis', 'Coronary heart diseases'), ('Socio-economic status', 'Physical well-being'), ('Ability to engage in physical activity', 'Physical activity'), ('Public health messaging around thinness', 'Weight bias'), ('Public support and demand for healthy products', 'Availability of healthy foods'), ('Release of adipokines', 'Atherosclerosis'), ('Consumer demand for regulations', 'Marketing of unhealthy foods'), ('Resilience', 'Mental well-being'), ('Blood mono-unsaturated fatty acid level', 'Secretion of inflammatory molecules by adipose cells'), ('Medical perspective that thin is good', 'Public health messaging around thinness'), ('Mental well-being', 'Medications'), ('Sexual difficulties', 'Mental well-being'), ('Insulin resistance', 'Fatty acids in the artery walls'), ('Insulin resistance', 'Cells intake of fatty acids'), ('Sidewalk prevalence and maintenance', 'Utilitarian physical activity '), ('Adipose storage of fatty acids', 'Inflammation'), ('Socio-economic status', 'Exercise'), ('Thoracic and abdominal obesity', 'Airway resistance'), ('Healthy eating', 'Short sleep duration'), ('Perceived environmental safety', 'Physical well-being'), ('Weight bias', 'Depression'), ('Emotional eating', 'Mental well-being'), ('Late night TV watching', 'Healthy eating'), ('Control', 'Stress'), ('Aesthetics', 'Physical well-being'), ('Economic incentives to produce unhealthy food products', 'Cost of unhealthy foods'), ('Supportive food environment', 'Healthy eating'), ('Appetite', 'Physical well-being'), ('Thoracic and abdominal obesity', 'Respiratory muscle fatigue'), ('Cardiovascular diseases', 'Fear of engaging in physical activity'), ('Socio-economic status', 'Mental well-being'), ('Unhealthy weight control practices', 'Obesity'), ('Exercise', 'Blood pressure'), ('Sodium retention', 'Blood pressure'), ('Short sleep duration', 'Pro-inflammatory cytokines'), ('Medications', 'Obesity'), ('Short sleep duration', 'Appetite'), ('Balance', 'Ability to engage in physical activity'), ('Short sleep duration', 'Cortisol'), ('Airway resistance', 'Asthma'), ('Short sleep duration', 'Blood pressure'), ('Medical perspective that thin is good', 'Cultural norms around thinness'), ('Healthy eating', 'Blood glucose level'), ('Mental well-being', 'Anticonvulsants'), ('Fatty acids in the artery walls', 'Atherosclerosis'), ('Dyslipidemia', 'Insulin resistance'), ('Blood glucose level', 'Fatty acids in the artery walls'), ('Respiratory diseases', 'Ability to engage in physical activity'), ('Blood saturated fatty acid level', 'Secretion of inflammatory molecules by adipose cells'), ('Dysfunctional adipose tissue', 'Inflammation'), ('Weight bias', 'Mental well-being'), ('Coordination', 'Ability to engage in physical activity'), ('Cultural norms around thinness', 'Cultural norms around thinness'), ('Cultural norms around thinness', 'Poor body image'), ('Obesity', 'Short sleep duration'), ('Inflammation', 'Asthma'), ('Healthy eating', 'Sodium intake'), ('Cultural norms around thinness', 'Eating disorders'), ('Poor body image', 'Sexual difficulties'), ('Fear of engaging in physical activity', 'Physical activity'), ('Short sleep duration', 'Healthy eating'), ('Coronary heart diseases', 'Dyspnea'), ('Stress', 'Inflammation'), ('Weight bias', 'Stress'), ('Unhealthy weight control practices', 'Eating disorders'), ('Tiredness', 'Ability to engage in physical activity'), ('Short sleep duration', 'Heart rate'), ('Prevalence of bike trails', 'Quality of the sport infrastructure'), ('Exercise', 'Blood fatty acid level'), ('Mental well-being', 'Emotional eating'), ('Poor body image', 'Poor body image'), ('Blood fatty acid level', 'Blood glucose level'), ('Cardiovascular diseases', 'Depression'), ('Pro-inflammatory cytokines', 'Inflammation'), ('Prevalence of green fields', 'Quality of the sport infrastructure'), ('Mental well-being', 'Antipsychotics'), ('Socio-economic status', 'Control'), ('Weight bias', 'Poor body image'), ('Positive experience of sports', 'Recreational physical activity'), ('Public support and demand for healthy products', 'Cost of healthy foods'), ('Socio-economic status', 'Availability of healthy foods'), ('Cardiovascular diseases', 'Physical well-being'), ('Respiratory muscle fatigue', 'Dyspnea'), ('Heart rate', 'Coronary heart diseases'), ('Pressure to be thin', 'Poor body image'), ('Medications', 'Coordination'), ('Beta blockers', 'Ability to engage in physical activity'), ('Antipsychotics', 'Appetite'), ('Sodium intake', 'Blood pressure'), ('Pressure to be thin', 'Unhealthy weight control practices'), ('Airway resistance', 'Asthma-like symptoms'), ('Depression', 'Stress'), ('Medications', 'Concentration'), ('Public support and demand for healthy products', 'Marketing of unhealthy foods'), ('Poor body image', 'Eating disorders'), ('Emotional eating', 'Healthy eating'), ('Obesity', 'Access to health professionals'), ('Obesity', 'Mental well-being'), ('Unhealthy foods are more available than healthy ones', 'Supportive food environment'), ('Healthy eating', 'Blood saturated fatty acid level'), ('Presence of a vibrant community', 'Resilience'), ('Cells intake of fatty acids', 'Adipose storage of fatty acids'), ('Physical activity', 'Physical well-being'), ('Appetite', 'Healthy eating'), ('Aesthetics', 'Stress'), ('Chronic conditions', 'Mental well-being'), ('Weight bias', 'Positive experience of sports'), ('Healthy eating', 'Dyslipidemia'), ('Quality of the sport infrastructure', 'Recreational physical activity'), ('Physical pain', 'Ability to engage in physical activity'), ('Prevalence of green fields', 'Aesthetics'), ('Concentration', 'Ability to engage in physical activity'), ('Aesthetics', 'Mental well-being'), ('Poor body image', 'Depression'), ('Chronic conditions', 'Physical well-being'), ('Obesity', 'Release of adipokines'), ('Blood glucose level', 'Sodium retention'), ('Restrictive covenants', 'Availability of healthy foods'), ('Musculoskeletal pain', 'Mental well-being'), ('Weight bias', 'Unhealthy weight control practices'), ('Physical activity', 'Mental well-being'), ('Access to health professionals', 'Ability to engage in physical activity'), ('Stimulants', 'Short sleep duration'), ('Culture of eating that promotes healthy choices', 'Healthy eating'), ('Culture of eating that promotes healthy choices', 'Mental well-being'), ('Weight bias', 'Exercise'), ('Obesity', 'Dysfunctional adipose tissue'), ('Medications', 'Tiredness'), ('Inflammation', 'Insulin resistance'), ('Anticonvulsants', 'Appetite'), ('Inflammation', 'Auto-inflammatory diseases'), ('Accessibility to shops', 'Utilitarian physical activity '), ('Blood fatty acid level', 'Adipose storage of fatty acids'), ('Perceived environmental safety', 'Physical activity'), ('Short sleep duration', 'Physical well-being'), ('Cultural norms around thinness', 'Pressure to be thin'), ('Weight bias', 'Access to health professionals'), ('Public health messaging around thinness', 'Pressure to be thin'), ('Dysfunctional adipose tissue', 'Blood pressure'), ('Dysfunctional adipose tissue', 'Dyslipidemia'), ('Aesthetics', 'Utilitarian physical activity '), ('Obesity', 'Unhealthy weight control practices'), ('Obesity', 'Asthma-like symptoms'), ('Marketing ratio of unhealthy to healthy foods', 'Supportive food environment'), ('Dyslipidemia', 'Atherosclerosis'), ('Physical well-being', 'Mental well-being'), ('Public support and demand for healthy products', 'Cost of unhealthy foods'), ('Musculoskeletal pain', 'Physical well-being'), ('Coronary heart diseases', 'Exercise')]"
2,"[('Culture of eating that promotes healthy choices', 'Adipose storage of fatty acids'), ('Pressure to be thin', 'Short sleep duration'), ('Mental well-being', 'Pro-inflammatory cytokines'), ('Physical well-being', 'Blood fatty acid level'), ('Resilience', 'Ability to engage in physical activity'), ('Socio-economic status', 'Blood glucose level'), ('Control', 'Blood pressure'), ('Weight bias', 'Dyslipidemia'), ('Stress', 'Cortisol'), ('Poor body image', 'Unhealthy weight control practices'), ('Medical perspective that thin is good', 'Blood saturated fatty acid level'), ('Cultural norms around thinness', 'Secretion of inflammatory molecules by adipose cells'), ('Public health messaging around thinness', 'Obesity'), ('Depression', 'Inflammation')]",-1,1,1,-1,-1,"[('Culture of eating that promotes healthy choices', 'Physical well-being'), ('Weight bias', 'Socio-economic status'), ('Mental well-being', 'Physical well-being'), ('Socio-economic status', 'Stress'), ('Control', 'Mental well-being'), ('Socio-economic status', 'Physical well-being'), ('Public health messaging around thinness', 'Weight bias'), ('Resilience', 'Mental well-being'), ('Medical perspective that thin is good', 'Public health messaging around thinness'), ('Weight bias', 'Depression'), ('Control', 'Stress'), ('Socio-economic status', 'Mental well-being'), ('Medical perspective that thin is good', 'Cultural norms around thinness'), ('Weight bias', 'Mental well-being'), ('Cultural norms around thinness', 'Cultural norms around thinness'), ('Cultural norms around thinness', 'Poor body image'), ('Weight bias', 'Stress'), ('Poor body image', 'Poor body image'), ('Socio-economic status', 'Control'), ('Weight bias', 'Poor body image'), ('Pressure to be thin', 'Poor body image'), ('Depression', 'Stress'), ('Poor body image', 'Depression'), ('Culture of eating that promotes healthy choices', 'Mental well-being'), ('Cultural norms around thinness', 'Pressure to be thin'), ('Public health messaging around thinness', 'Pressure to be thin'), ('Physical well-being', 'Mental well-being')]","[('Medications', 'Balance'), ('Secretion of inflammatory molecules by adipose cells', 'Insulin resistance'), ('Obesity', 'Obstructive sleep apnea'), ('Dyslipidemia', 'Blood pressure'), ('Obesity', 'Gastro-esophageal reflux disease'), ('Auto-inflammatory diseases', 'Inflammation'), ('Atherosclerosis', 'Coronary heart diseases'), ('Release of adipokines', 'Atherosclerosis'), ('Blood mono-unsaturated fatty acid level', 'Secretion of inflammatory molecules by adipose cells'), ('Insulin resistance', 'Fatty acids in the artery walls'), ('Insulin resistance', 'Cells intake of fatty acids'), ('Adipose storage of fatty acids', 'Inflammation'), ('Thoracic and abdominal obesity', 'Airway resistance'), ('Thoracic and abdominal obesity', 'Respiratory muscle fatigue'), ('Unhealthy weight control practices', 'Obesity'), ('Sodium retention', 'Blood pressure'), ('Short sleep duration', 'Pro-inflammatory cytokines'), ('Medications', 'Obesity'), ('Balance', 'Ability to engage in physical activity'), ('Short sleep duration', 'Cortisol'), ('Airway resistance', 'Asthma'), ('Short sleep duration', 'Blood pressure'), ('Fatty acids in the artery walls', 'Atherosclerosis'), ('Dyslipidemia', 'Insulin resistance'), ('Blood glucose level', 'Fatty acids in the artery walls'), ('Respiratory diseases', 'Ability to engage in physical activity'), ('Blood saturated fatty acid level', 'Secretion of inflammatory molecules by adipose cells'), ('Dysfunctional adipose tissue', 'Inflammation'), ('Coordination', 'Ability to engage in physical activity'), ('Obesity', 'Short sleep duration'), ('Inflammation', 'Asthma'), ('Coronary heart diseases', 'Dyspnea'), ('Tiredness', 'Ability to engage in physical activity'), ('Short sleep duration', 'Heart rate'), ('Blood fatty acid level', 'Blood glucose level'), ('Pro-inflammatory cytokines', 'Inflammation'), ('Respiratory muscle fatigue', 'Dyspnea'), ('Heart rate', 'Coronary heart diseases'), ('Medications', 'Coordination'), ('Beta blockers', 'Ability to engage in physical activity'), ('Sodium intake', 'Blood pressure'), ('Airway resistance', 'Asthma-like symptoms'), ('Medications', 'Concentration'), ('Cells intake of fatty acids', 'Adipose storage of fatty acids'), ('Physical pain', 'Ability to engage in physical activity'), ('Concentration', 'Ability to engage in physical activity'), ('Obesity', 'Release of adipokines'), ('Blood glucose level', 'Sodium retention'), ('Stimulants', 'Short sleep duration'), ('Obesity', 'Dysfunctional adipose tissue'), ('Medications', 'Tiredness'), ('Inflammation', 'Insulin resistance'), ('Inflammation', 'Auto-inflammatory diseases'), ('Blood fatty acid level', 'Adipose storage of fatty acids'), ('Dysfunctional adipose tissue', 'Blood pressure'), ('Dysfunctional adipose tissue', 'Dyslipidemia'), ('Obesity', 'Unhealthy weight control practices'), ('Obesity', 'Asthma-like symptoms'), ('Dyslipidemia', 'Atherosclerosis')]","[('Prevalence of walking trails', 'Quality of the sport infrastructure'), ('Medications', 'Balance'), ('Culture of eating that promotes healthy choices', 'Physical well-being'), ('Secretion of inflammatory molecules by adipose cells', 'Insulin resistance'), ('Presence of a vibrant community', 'Control'), ('Obesity', 'Weight bias'), ('Healthy eating', 'Blood mono-unsaturated fatty acid level'), ('Exercise', 'Heart rate'), ('Available time', 'Recreational physical activity'), ('Chronic conditions', 'Depression'), ('Exercise', 'Insulin resistance'), ('Weight bias', 'Socio-economic status'), ('Mental well-being', 'Physical well-being'), ('Obesity', 'Obstructive sleep apnea'), ('Eating disorders', 'Healthy eating'), ('Consumer demand for regulations', 'Marketing of healthy foods'), ('Dyslipidemia', 'Blood pressure'), ('Obesity', 'Gastro-esophageal reflux disease'), ('Perceived environmental safety', 'Mental well-being'), ('Late night TV watching', 'Short sleep duration'), ('Auto-inflammatory diseases', 'Inflammation'), ('Depression', 'Healthy eating'), ('Socio-economic status', 'Stress'), ('Exercise', 'Blood glucose level'), ('Public support and demand for healthy products', 'Marketing of healthy foods'), ('Unhealthy foods are cheaper than healthy ones', 'Supportive food environment'), ('Control', 'Mental well-being'), ('Atherosclerosis', 'Coronary heart diseases'), ('Socio-economic status', 'Physical well-being'), ('Ability to engage in physical activity', 'Physical activity'), ('Public health messaging around thinness', 'Weight bias'), ('Public support and demand for healthy products', 'Availability of healthy foods'), ('Release of adipokines', 'Atherosclerosis'), ('Consumer demand for regulations', 'Marketing of unhealthy foods'), ('Resilience', 'Mental well-being'), ('Blood mono-unsaturated fatty acid level', 'Secretion of inflammatory molecules by adipose cells'), ('Medical perspective that thin is good', 'Public health messaging around thinness'), ('Mental well-being', 'Medications'), ('Sexual difficulties', 'Mental well-being'), ('Insulin resistance', 'Fatty acids in the artery walls'), ('Insulin resistance', 'Cells intake of fatty acids'), ('Sidewalk prevalence and maintenance', 'Utilitarian physical activity '), ('Adipose storage of fatty acids', 'Inflammation'), ('Socio-economic status', 'Exercise'), ('Thoracic and abdominal obesity', 'Airway resistance'), ('Healthy eating', 'Short sleep duration'), ('Perceived environmental safety', 'Physical well-being'), ('Weight bias', 'Depression'), ('Emotional eating', 'Mental well-being'), ('Late night TV watching', 'Healthy eating'), ('Control', 'Stress'), ('Aesthetics', 'Physical well-being'), ('Economic incentives to produce unhealthy food products', 'Cost of unhealthy foods'), ('Supportive food environment', 'Healthy eating'), ('Appetite', 'Physical well-being'), ('Thoracic and abdominal obesity', 'Respiratory muscle fatigue'), ('Cardiovascular diseases', 'Fear of engaging in physical activity'), ('Socio-economic status', 'Mental well-being'), ('Unhealthy weight control practices', 'Obesity'), ('Exercise', 'Blood pressure'), ('Sodium retention', 'Blood pressure'), ('Short sleep duration', 'Pro-inflammatory cytokines'), ('Medications', 'Obesity'), ('Short sleep duration', 'Appetite'), ('Balance', 'Ability to engage in physical activity'), ('Short sleep duration', 'Cortisol'), ('Airway resistance', 'Asthma'), ('Short sleep duration', 'Blood pressure'), ('Medical perspective that thin is good', 'Cultural norms around thinness'), ('Healthy eating', 'Blood glucose level'), ('Mental well-being', 'Anticonvulsants'), ('Fatty acids in the artery walls', 'Atherosclerosis'), ('Dyslipidemia', 'Insulin resistance'), ('Blood glucose level', 'Fatty acids in the artery walls'), ('Respiratory diseases', 'Ability to engage in physical activity'), ('Blood saturated fatty acid level', 'Secretion of inflammatory molecules by adipose cells'), ('Dysfunctional adipose tissue', 'Inflammation'), ('Weight bias', 'Mental well-being'), ('Coordination', 'Ability to engage in physical activity'), ('Cultural norms around thinness', 'Cultural norms around thinness'), ('Cultural norms around thinness', 'Poor body image'), ('Obesity', 'Short sleep duration'), ('Inflammation', 'Asthma'), ('Healthy eating', 'Sodium intake'), ('Cultural norms around thinness', 'Eating disorders'), ('Poor body image', 'Sexual difficulties'), ('Fear of engaging in physical activity', 'Physical activity'), ('Short sleep duration', 'Healthy eating'), ('Coronary heart diseases', 'Dyspnea'), ('Stress', 'Inflammation'), ('Weight bias', 'Stress'), ('Unhealthy weight control practices', 'Eating disorders'), ('Tiredness', 'Ability to engage in physical activity'), ('Short sleep duration', 'Heart rate'), ('Prevalence of bike trails', 'Quality of the sport infrastructure'), ('Exercise', 'Blood fatty acid level'), ('Mental well-being', 'Emotional eating'), ('Poor body image', 'Poor body image'), ('Blood fatty acid level', 'Blood glucose level'), ('Cardiovascular diseases', 'Depression'), ('Pro-inflammatory cytokines', 'Inflammation'), ('Prevalence of green fields', 'Quality of the sport infrastructure'), ('Mental well-being', 'Antipsychotics'), ('Socio-economic status', 'Control'), ('Weight bias', 'Poor body image'), ('Positive experience of sports', 'Recreational physical activity'), ('Public support and demand for healthy products', 'Cost of healthy foods'), ('Socio-economic status', 'Availability of healthy foods'), ('Cardiovascular diseases', 'Physical well-being'), ('Respiratory muscle fatigue', 'Dyspnea'), ('Heart rate', 'Coronary heart diseases'), ('Pressure to be thin', 'Poor body image'), ('Medications', 'Coordination'), ('Beta blockers', 'Ability to engage in physical activity'), ('Antipsychotics', 'Appetite'), ('Sodium intake', 'Blood pressure'), ('Pressure to be thin', 'Unhealthy weight control practices'), ('Airway resistance', 'Asthma-like symptoms'), ('Depression', 'Stress'), ('Medications', 'Concentration'), ('Public support and demand for healthy products', 'Marketing of unhealthy foods'), ('Poor body image', 'Eating disorders'), ('Emotional eating', 'Healthy eating'), ('Obesity', 'Access to health professionals'), ('Obesity', 'Mental well-being'), ('Unhealthy foods are more available than healthy ones', 'Supportive food environment'), ('Healthy eating', 'Blood saturated fatty acid level'), ('Presence of a vibrant community', 'Resilience'), ('Cells intake of fatty acids', 'Adipose storage of fatty acids'), ('Physical activity', 'Physical well-being'), ('Appetite', 'Healthy eating'), ('Aesthetics', 'Stress'), ('Chronic conditions', 'Mental well-being'), ('Weight bias', 'Positive experience of sports'), ('Healthy eating', 'Dyslipidemia'), ('Quality of the sport infrastructure', 'Recreational physical activity'), ('Physical pain', 'Ability to engage in physical activity'), ('Prevalence of green fields', 'Aesthetics'), ('Concentration', 'Ability to engage in physical activity'), ('Aesthetics', 'Mental well-being'), ('Poor body image', 'Depression'), ('Chronic conditions', 'Physical well-being'), ('Obesity', 'Release of adipokines'), ('Blood glucose level', 'Sodium retention'), ('Restrictive covenants', 'Availability of healthy foods'), ('Musculoskeletal pain', 'Mental well-being'), ('Weight bias', 'Unhealthy weight control practices'), ('Physical activity', 'Mental well-being'), ('Access to health professionals', 'Ability to engage in physical activity'), ('Stimulants', 'Short sleep duration'), ('Culture of eating that promotes healthy choices', 'Healthy eating'), ('Culture of eating that promotes healthy choices', 'Mental well-being'), ('Weight bias', 'Exercise'), ('Obesity', 'Dysfunctional adipose tissue'), ('Medications', 'Tiredness'), ('Inflammation', 'Insulin resistance'), ('Anticonvulsants', 'Appetite'), ('Inflammation', 'Auto-inflammatory diseases'), ('Accessibility to shops', 'Utilitarian physical activity '), ('Blood fatty acid level', 'Adipose storage of fatty acids'), ('Perceived environmental safety', 'Physical activity'), ('Short sleep duration', 'Physical well-being'), ('Cultural norms around thinness', 'Pressure to be thin'), ('Weight bias', 'Access to health professionals'), ('Public health messaging around thinness', 'Pressure to be thin'), ('Dysfunctional adipose tissue', 'Blood pressure'), ('Dysfunctional adipose tissue', 'Dyslipidemia'), ('Aesthetics', 'Utilitarian physical activity '), ('Obesity', 'Unhealthy weight control practices'), ('Obesity', 'Asthma-like symptoms'), ('Marketing ratio of unhealthy to healthy foods', 'Supportive food environment'), ('Dyslipidemia', 'Atherosclerosis'), ('Physical well-being', 'Mental well-being'), ('Public support and demand for healthy products', 'Cost of unhealthy foods'), ('Musculoskeletal pain', 'Physical well-being'), ('Coronary heart diseases', 'Exercise')]"
3,"[('Culture of eating that promotes healthy choices', 'Adipose storage of fatty acids'), ('Pressure to be thin', 'Short sleep duration'), ('Mental well-being', 'Pro-inflammatory cytokines'), ('Physical well-being', 'Blood fatty acid level'), ('Resilience', 'Ability to engage in physical activity'), ('Socio-economic status', 'Blood glucose level'), ('Control', 'Blood pressure'), ('Weight bias', 'Dyslipidemia'), ('Stress', 'Cortisol'), ('Poor body image', 'Unhealthy weight control practices'), ('Medical perspective that thin is good', 'Blood saturated fatty acid level'), ('Cultural norms around thinness', 'Secretion of inflammatory molecules by adipose cells'), ('Public health messaging around thinness', 'Obesity'), ('Depression', 'Inflammation')]",-1,1,1,-1,-1,"[('Culture of eating that promotes healthy choices', 'Physical well-being'), ('Weight bias', 'Socio-economic status'), ('Mental well-being', 'Physical well-being'), ('Socio-economic status', 'Stress'), ('Control', 'Mental well-being'), ('Socio-economic status', 'Physical well-being'), ('Public health messaging around thinness', 'Weight bias'), ('Resilience', 'Mental well-being'), ('Medical perspective that thin is good', 'Public health messaging around thinness'), ('Weight bias', 'Depression'), ('Control', 'Stress'), ('Socio-economic status', 'Mental well-being'), ('Medical perspective that thin is good', 'Cultural norms around thinness'), ('Weight bias', 'Mental well-being'), ('Cultural norms around thinness', 'Cultural norms around thinness'), ('Cultural norms around thinness', 'Poor body image'), ('Weight bias', 'Stress'), ('Poor body image', 'Poor body image'), ('Socio-economic status', 'Control'), ('Weight bias', 'Poor body image'), ('Pressure to be thin', 'Poor body image'), ('Depression', 'Stress'), ('Poor body image', 'Depression'), ('Culture of eating that promotes healthy choices', 'Mental well-being'), ('Cultural norms around thinness', 'Pressure to be thin'), ('Public health messaging around thinness', 'Pressure to be thin'), ('Physical well-being', 'Mental well-being')]","[('Medications', 'Balance'), ('Secretion of inflammatory molecules by adipose cells', 'Insulin resistance'), ('Obesity', 'Obstructive sleep apnea'), ('Dyslipidemia', 'Blood pressure'), ('Obesity', 'Gastro-esophageal reflux disease'), ('Auto-inflammatory diseases', 'Inflammation'), ('Atherosclerosis', 'Coronary heart diseases'), ('Release of adipokines', 'Atherosclerosis'), ('Blood mono-unsaturated fatty acid level', 'Secretion of inflammatory molecules by adipose cells'), ('Insulin resistance', 'Fatty acids in the artery walls'), ('Insulin resistance', 'Cells intake of fatty acids'), ('Adipose storage of fatty acids', 'Inflammation'), ('Thoracic and abdominal obesity', 'Airway resistance'), ('Thoracic and abdominal obesity', 'Respiratory muscle fatigue'), ('Unhealthy weight control practices', 'Obesity'), ('Sodium retention', 'Blood pressure'), ('Short sleep duration', 'Pro-inflammatory cytokines'), ('Medications', 'Obesity'), ('Balance', 'Ability to engage in physical activity'), ('Short sleep duration', 'Cortisol'), ('Airway resistance', 'Asthma'), ('Short sleep duration', 'Blood pressure'), ('Fatty acids in the artery walls', 'Atherosclerosis'), ('Dyslipidemia', 'Insulin resistance'), ('Blood glucose level', 'Fatty acids in the artery walls'), ('Respiratory diseases', 'Ability to engage in physical activity'), ('Blood saturated fatty acid level', 'Secretion of inflammatory molecules by adipose cells'), ('Dysfunctional adipose tissue', 'Inflammation'), ('Coordination', 'Ability to engage in physical activity'), ('Obesity', 'Short sleep duration'), ('Inflammation', 'Asthma'), ('Coronary heart diseases', 'Dyspnea'), ('Tiredness', 'Ability to engage in physical activity'), ('Short sleep duration', 'Heart rate'), ('Blood fatty acid level', 'Blood glucose level'), ('Pro-inflammatory cytokines', 'Inflammation'), ('Respiratory muscle fatigue', 'Dyspnea'), ('Heart rate', 'Coronary heart diseases'), ('Medications', 'Coordination'), ('Beta blockers', 'Ability to engage in physical activity'), ('Sodium intake', 'Blood pressure'), ('Airway resistance', 'Asthma-like symptoms'), ('Medications', 'Concentration'), ('Cells intake of fatty acids', 'Adipose storage of fatty acids'), ('Physical pain', 'Ability to engage in physical activity'), ('Concentration', 'Ability to engage in physical activity'), ('Obesity', 'Release of adipokines'), ('Blood glucose level', 'Sodium retention'), ('Stimulants', 'Short sleep duration'), ('Obesity', 'Dysfunctional adipose tissue'), ('Medications', 'Tiredness'), ('Inflammation', 'Insulin resistance'), ('Inflammation', 'Auto-inflammatory diseases'), ('Blood fatty acid level', 'Adipose storage of fatty acids'), ('Dysfunctional adipose tissue', 'Blood pressure'), ('Dysfunctional adipose tissue', 'Dyslipidemia'), ('Obesity', 'Unhealthy weight control practices'), ('Obesity', 'Asthma-like symptoms'), ('Dyslipidemia', 'Atherosclerosis')]","[('Prevalence of walking trails', 'Quality of the sport infrastructure'), ('Medications', 'Balance'), ('Culture of eating that promotes healthy choices', 'Physical well-being'), ('Secretion of inflammatory molecules by adipose cells', 'Insulin resistance'), ('Presence of a vibrant community', 'Control'), ('Obesity', 'Weight bias'), ('Healthy eating', 'Blood mono-unsaturated fatty acid level'), ('Exercise', 'Heart rate'), ('Available time', 'Recreational physical activity'), ('Chronic conditions', 'Depression'), ('Exercise', 'Insulin resistance'), ('Weight bias', 'Socio-economic status'), ('Mental well-being', 'Physical well-being'), ('Obesity', 'Obstructive sleep apnea'), ('Eating disorders', 'Healthy eating'), ('Consumer demand for regulations', 'Marketing of healthy foods'), ('Dyslipidemia', 'Blood pressure'), ('Obesity', 'Gastro-esophageal reflux disease'), ('Perceived environmental safety', 'Mental well-being'), ('Late night TV watching', 'Short sleep duration'), ('Auto-inflammatory diseases', 'Inflammation'), ('Depression', 'Healthy eating'), ('Socio-economic status', 'Stress'), ('Exercise', 'Blood glucose level'), ('Public support and demand for healthy products', 'Marketing of healthy foods'), ('Unhealthy foods are cheaper than healthy ones', 'Supportive food environment'), ('Control', 'Mental well-being'), ('Atherosclerosis', 'Coronary heart diseases'), ('Socio-economic status', 'Physical well-being'), ('Ability to engage in physical activity', 'Physical activity'), ('Public health messaging around thinness', 'Weight bias'), ('Public support and demand for healthy products', 'Availability of healthy foods'), ('Release of adipokines', 'Atherosclerosis'), ('Consumer demand for regulations', 'Marketing of unhealthy foods'), ('Resilience', 'Mental well-being'), ('Blood mono-unsaturated fatty acid level', 'Secretion of inflammatory molecules by adipose cells'), ('Medical perspective that thin is good', 'Public health messaging around thinness'), ('Mental well-being', 'Medications'), ('Sexual difficulties', 'Mental well-being'), ('Insulin resistance', 'Fatty acids in the artery walls'), ('Insulin resistance', 'Cells intake of fatty acids'), ('Sidewalk prevalence and maintenance', 'Utilitarian physical activity '), ('Adipose storage of fatty acids', 'Inflammation'), ('Socio-economic status', 'Exercise'), ('Thoracic and abdominal obesity', 'Airway resistance'), ('Healthy eating', 'Short sleep duration'), ('Perceived environmental safety', 'Physical well-being'), ('Weight bias', 'Depression'), ('Emotional eating', 'Mental well-being'), ('Late night TV watching', 'Healthy eating'), ('Control', 'Stress'), ('Aesthetics', 'Physical well-being'), ('Economic incentives to produce unhealthy food products', 'Cost of unhealthy foods'), ('Supportive food environment', 'Healthy eating'), ('Appetite', 'Physical well-being'), ('Thoracic and abdominal obesity', 'Respiratory muscle fatigue'), ('Cardiovascular diseases', 'Fear of engaging in physical activity'), ('Socio-economic status', 'Mental well-being'), ('Unhealthy weight control practices', 'Obesity'), ('Exercise', 'Blood pressure'), ('Sodium retention', 'Blood pressure'), ('Short sleep duration', 'Pro-inflammatory cytokines'), ('Medications', 'Obesity'), ('Short sleep duration', 'Appetite'), ('Balance', 'Ability to engage in physical activity'), ('Short sleep duration', 'Cortisol'), ('Airway resistance', 'Asthma'), ('Short sleep duration', 'Blood pressure'), ('Medical perspective that thin is good', 'Cultural norms around thinness'), ('Healthy eating', 'Blood glucose level'), ('Mental well-being', 'Anticonvulsants'), ('Fatty acids in the artery walls', 'Atherosclerosis'), ('Dyslipidemia', 'Insulin resistance'), ('Blood glucose level', 'Fatty acids in the artery walls'), ('Respiratory diseases', 'Ability to engage in physical activity'), ('Blood saturated fatty acid level', 'Secretion of inflammatory molecules by adipose cells'), ('Dysfunctional adipose tissue', 'Inflammation'), ('Weight bias', 'Mental well-being'), ('Coordination', 'Ability to engage in physical activity'), ('Cultural norms around thinness', 'Cultural norms around thinness'), ('Cultural norms around thinness', 'Poor body image'), ('Obesity', 'Short sleep duration'), ('Inflammation', 'Asthma'), ('Healthy eating', 'Sodium intake'), ('Cultural norms around thinness', 'Eating disorders'), ('Poor body image', 'Sexual difficulties'), ('Fear of engaging in physical activity', 'Physical activity'), ('Short sleep duration', 'Healthy eating'), ('Coronary heart diseases', 'Dyspnea'), ('Stress', 'Inflammation'), ('Weight bias', 'Stress'), ('Unhealthy weight control practices', 'Eating disorders'), ('Tiredness', 'Ability to engage in physical activity'), ('Short sleep duration', 'Heart rate'), ('Prevalence of bike trails', 'Quality of the sport infrastructure'), ('Exercise', 'Blood fatty acid level'), ('Mental well-being', 'Emotional eating'), ('Poor body image', 'Poor body image'), ('Blood fatty acid level', 'Blood glucose level'), ('Cardiovascular diseases', 'Depression'), ('Pro-inflammatory cytokines', 'Inflammation'), ('Prevalence of green fields', 'Quality of the sport infrastructure'), ('Mental well-being', 'Antipsychotics'), ('Socio-economic status', 'Control'), ('Weight bias', 'Poor body image'), ('Positive experience of sports', 'Recreational physical activity'), ('Public support and demand for healthy products', 'Cost of healthy foods'), ('Socio-economic status', 'Availability of healthy foods'), ('Cardiovascular diseases', 'Physical well-being'), ('Respiratory muscle fatigue', 'Dyspnea'), ('Heart rate', 'Coronary heart diseases'), ('Pressure to be thin', 'Poor body image'), ('Medications', 'Coordination'), ('Beta blockers', 'Ability to engage in physical activity'), ('Antipsychotics', 'Appetite'), ('Sodium intake', 'Blood pressure'), ('Pressure to be thin', 'Unhealthy weight control practices'), ('Airway resistance', 'Asthma-like symptoms'), ('Depression', 'Stress'), ('Medications', 'Concentration'), ('Public support and demand for healthy products', 'Marketing of unhealthy foods'), ('Poor body image', 'Eating disorders'), ('Emotional eating', 'Healthy eating'), ('Obesity', 'Access to health professionals'), ('Obesity', 'Mental well-being'), ('Unhealthy foods are more available than healthy ones', 'Supportive food environment'), ('Healthy eating', 'Blood saturated fatty acid level'), ('Presence of a vibrant community', 'Resilience'), ('Cells intake of fatty acids', 'Adipose storage of fatty acids'), ('Physical activity', 'Physical well-being'), ('Appetite', 'Healthy eating'), ('Aesthetics', 'Stress'), ('Chronic conditions', 'Mental well-being'), ('Weight bias', 'Positive experience of sports'), ('Healthy eating', 'Dyslipidemia'), ('Quality of the sport infrastructure', 'Recreational physical activity'), ('Physical pain', 'Ability to engage in physical activity'), ('Prevalence of green fields', 'Aesthetics'), ('Concentration', 'Ability to engage in physical activity'), ('Aesthetics', 'Mental well-being'), ('Poor body image', 'Depression'), ('Chronic conditions', 'Physical well-being'), ('Obesity', 'Release of adipokines'), ('Blood glucose level', 'Sodium retention'), ('Restrictive covenants', 'Availability of healthy foods'), ('Musculoskeletal pain', 'Mental well-being'), ('Weight bias', 'Unhealthy weight control practices'), ('Physical activity', 'Mental well-being'), ('Access to health professionals', 'Ability to engage in physical activity'), ('Stimulants', 'Short sleep duration'), ('Culture of eating that promotes healthy choices', 'Healthy eating'), ('Culture of eating that promotes healthy choices', 'Mental well-being'), ('Weight bias', 'Exercise'), ('Obesity', 'Dysfunctional adipose tissue'), ('Medications', 'Tiredness'), ('Inflammation', 'Insulin resistance'), ('Anticonvulsants', 'Appetite'), ('Inflammation', 'Auto-inflammatory diseases'), ('Accessibility to shops', 'Utilitarian physical activity '), ('Blood fatty acid level', 'Adipose storage of fatty acids'), ('Perceived environmental safety', 'Physical activity'), ('Short sleep duration', 'Physical well-being'), ('Cultural norms around thinness', 'Pressure to be thin'), ('Weight bias', 'Access to health professionals'), ('Public health messaging around thinness', 'Pressure to be thin'), ('Dysfunctional adipose tissue', 'Blood pressure'), ('Dysfunctional adipose tissue', 'Dyslipidemia'), ('Aesthetics', 'Utilitarian physical activity '), ('Obesity', 'Unhealthy weight control practices'), ('Obesity', 'Asthma-like symptoms'), ('Marketing ratio of unhealthy to healthy foods', 'Supportive food environment'), ('Dyslipidemia', 'Atherosclerosis'), ('Physical well-being', 'Mental well-being'), ('Public support and demand for healthy products', 'Cost of unhealthy foods'), ('Musculoskeletal pain', 'Physical well-being'), ('Coronary heart diseases', 'Exercise')]"
4,"[('Culture of eating that promotes healthy choices', 'Adipose storage of fatty acids'), ('Pressure to be thin', 'Short sleep duration'), ('Mental well-being', 'Pro-inflammatory cytokines'), ('Physical well-being', 'Blood fatty acid level'), ('Resilience', 'Ability to engage in physical activity'), ('Socio-economic status', 'Blood glucose level'), ('Control', 'Blood pressure'), ('Weight bias', 'Dyslipidemia'), ('Stress', 'Cortisol'), ('Poor body image', 'Unhealthy weight control practices'), ('Medical perspective that thin is good', 'Blood saturated fatty acid level'), ('Cultural norms around thinness', 'Secretion of inflammatory molecules by adipose cells'), ('Public health messaging around thinness', 'Obesity'), ('Depression', 'Inflammation')]",-1,1,1,-1,-1,"[('Culture of eating that promotes healthy choices', 'Physical well-being'), ('Weight bias', 'Socio-economic status'), ('Mental well-being', 'Physical well-being'), ('Socio-economic status', 'Stress'), ('Control', 'Mental well-being'), ('Socio-economic status', 'Physical well-being'), ('Public health messaging around thinness', 'Weight bias'), ('Resilience', 'Mental well-being'), ('Medical perspective that thin is good', 'Public health messaging around thinness'), ('Weight bias', 'Depression'), ('Control', 'Stress'), ('Socio-economic status', 'Mental well-being'), ('Medical perspective that thin is good', 'Cultural norms around thinness'), ('Weight bias', 'Mental well-being'), ('Cultural norms around thinness', 'Cultural norms around thinness'), ('Cultural norms around thinness', 'Poor body image'), ('Weight bias', 'Stress'), ('Poor body image', 'Poor body image'), ('Socio-economic status', 'Control'), ('Weight bias', 'Poor body image'), ('Pressure to be thin', 'Poor body image'), ('Depression', 'Stress'), ('Poor body image', 'Depression'), ('Culture of eating that promotes healthy choices', 'Mental well-being'), ('Cultural norms around thinness', 'Pressure to be thin'), ('Public health messaging around thinness', 'Pressure to be thin'), ('Physical well-being', 'Mental well-being')]","[('Medications', 'Balance'), ('Secretion of inflammatory molecules by adipose cells', 'Insulin resistance'), ('Obesity', 'Obstructive sleep apnea'), ('Dyslipidemia', 'Blood pressure'), ('Obesity', 'Gastro-esophageal reflux disease'), ('Auto-inflammatory diseases', 'Inflammation'), ('Atherosclerosis', 'Coronary heart diseases'), ('Release of adipokines', 'Atherosclerosis'), ('Blood mono-unsaturated fatty acid level', 'Secretion of inflammatory molecules by adipose cells'), ('Insulin resistance', 'Fatty acids in the artery walls'), ('Insulin resistance', 'Cells intake of fatty acids'), ('Adipose storage of fatty acids', 'Inflammation'), ('Thoracic and abdominal obesity', 'Airway resistance'), ('Thoracic and abdominal obesity', 'Respiratory muscle fatigue'), ('Unhealthy weight control practices', 'Obesity'), ('Sodium retention', 'Blood pressure'), ('Short sleep duration', 'Pro-inflammatory cytokines'), ('Medications', 'Obesity'), ('Balance', 'Ability to engage in physical activity'), ('Short sleep duration', 'Cortisol'), ('Airway resistance', 'Asthma'), ('Short sleep duration', 'Blood pressure'), ('Fatty acids in the artery walls', 'Atherosclerosis'), ('Dyslipidemia', 'Insulin resistance'), ('Blood glucose level', 'Fatty acids in the artery walls'), ('Respiratory diseases', 'Ability to engage in physical activity'), ('Blood saturated fatty acid level', 'Secretion of inflammatory molecules by adipose cells'), ('Dysfunctional adipose tissue', 'Inflammation'), ('Coordination', 'Ability to engage in physical activity'), ('Obesity', 'Short sleep duration'), ('Inflammation', 'Asthma'), ('Coronary heart diseases', 'Dyspnea'), ('Tiredness', 'Ability to engage in physical activity'), ('Short sleep duration', 'Heart rate'), ('Blood fatty acid level', 'Blood glucose level'), ('Pro-inflammatory cytokines', 'Inflammation'), ('Respiratory muscle fatigue', 'Dyspnea'), ('Heart rate', 'Coronary heart diseases'), ('Medications', 'Coordination'), ('Beta blockers', 'Ability to engage in physical activity'), ('Sodium intake', 'Blood pressure'), ('Airway resistance', 'Asthma-like symptoms'), ('Medications', 'Concentration'), ('Cells intake of fatty acids', 'Adipose storage of fatty acids'), ('Physical pain', 'Ability to engage in physical activity'), ('Concentration', 'Ability to engage in physical activity'), ('Obesity', 'Release of adipokines'), ('Blood glucose level', 'Sodium retention'), ('Stimulants', 'Short sleep duration'), ('Obesity', 'Dysfunctional adipose tissue'), ('Medications', 'Tiredness'), ('Inflammation', 'Insulin resistance'), ('Inflammation', 'Auto-inflammatory diseases'), ('Blood fatty acid level', 'Adipose storage of fatty acids'), ('Dysfunctional adipose tissue', 'Blood pressure'), ('Dysfunctional adipose tissue', 'Dyslipidemia'), ('Obesity', 'Unhealthy weight control practices'), ('Obesity', 'Asthma-like symptoms'), ('Dyslipidemia', 'Atherosclerosis')]","[('Prevalence of walking trails', 'Quality of the sport infrastructure'), ('Medications', 'Balance'), ('Culture of eating that promotes healthy choices', 'Physical well-being'), ('Secretion of inflammatory molecules by adipose cells', 'Insulin resistance'), ('Presence of a vibrant community', 'Control'), ('Obesity', 'Weight bias'), ('Healthy eating', 'Blood mono-unsaturated fatty acid level'), ('Exercise', 'Heart rate'), ('Available time', 'Recreational physical activity'), ('Chronic conditions', 'Depression'), ('Exercise', 'Insulin resistance'), ('Weight bias', 'Socio-economic status'), ('Mental well-being', 'Physical well-being'), ('Obesity', 'Obstructive sleep apnea'), ('Eating disorders', 'Healthy eating'), ('Consumer demand for regulations', 'Marketing of healthy foods'), ('Dyslipidemia', 'Blood pressure'), ('Obesity', 'Gastro-esophageal reflux disease'), ('Perceived environmental safety', 'Mental well-being'), ('Late night TV watching', 'Short sleep duration'), ('Auto-inflammatory diseases', 'Inflammation'), ('Depression', 'Healthy eating'), ('Socio-economic status', 'Stress'), ('Exercise', 'Blood glucose level'), ('Public support and demand for healthy products', 'Marketing of healthy foods'), ('Unhealthy foods are cheaper than healthy ones', 'Supportive food environment'), ('Control', 'Mental well-being'), ('Atherosclerosis', 'Coronary heart diseases'), ('Socio-economic status', 'Physical well-being'), ('Ability to engage in physical activity', 'Physical activity'), ('Public health messaging around thinness', 'Weight bias'), ('Public support and demand for healthy products', 'Availability of healthy foods'), ('Release of adipokines', 'Atherosclerosis'), ('Consumer demand for regulations', 'Marketing of unhealthy foods'), ('Resilience', 'Mental well-being'), ('Blood mono-unsaturated fatty acid level', 'Secretion of inflammatory molecules by adipose cells'), ('Medical perspective that thin is good', 'Public health messaging around thinness'), ('Mental well-being', 'Medications'), ('Sexual difficulties', 'Mental well-being'), ('Insulin resistance', 'Fatty acids in the artery walls'), ('Insulin resistance', 'Cells intake of fatty acids'), ('Sidewalk prevalence and maintenance', 'Utilitarian physical activity '), ('Adipose storage of fatty acids', 'Inflammation'), ('Socio-economic status', 'Exercise'), ('Thoracic and abdominal obesity', 'Airway resistance'), ('Healthy eating', 'Short sleep duration'), ('Perceived environmental safety', 'Physical well-being'), ('Weight bias', 'Depression'), ('Emotional eating', 'Mental well-being'), ('Late night TV watching', 'Healthy eating'), ('Control', 'Stress'), ('Aesthetics', 'Physical well-being'), ('Economic incentives to produce unhealthy food products', 'Cost of unhealthy foods'), ('Supportive food environment', 'Healthy eating'), ('Appetite', 'Physical well-being'), ('Thoracic and abdominal obesity', 'Respiratory muscle fatigue'), ('Cardiovascular diseases', 'Fear of engaging in physical activity'), ('Socio-economic status', 'Mental well-being'), ('Unhealthy weight control practices', 'Obesity'), ('Exercise', 'Blood pressure'), ('Sodium retention', 'Blood pressure'), ('Short sleep duration', 'Pro-inflammatory cytokines'), ('Medications', 'Obesity'), ('Short sleep duration', 'Appetite'), ('Balance', 'Ability to engage in physical activity'), ('Short sleep duration', 'Cortisol'), ('Airway resistance', 'Asthma'), ('Short sleep duration', 'Blood pressure'), ('Medical perspective that thin is good', 'Cultural norms around thinness'), ('Healthy eating', 'Blood glucose level'), ('Mental well-being', 'Anticonvulsants'), ('Fatty acids in the artery walls', 'Atherosclerosis'), ('Dyslipidemia', 'Insulin resistance'), ('Blood glucose level', 'Fatty acids in the artery walls'), ('Respiratory diseases', 'Ability to engage in physical activity'), ('Blood saturated fatty acid level', 'Secretion of inflammatory molecules by adipose cells'), ('Dysfunctional adipose tissue', 'Inflammation'), ('Weight bias', 'Mental well-being'), ('Coordination', 'Ability to engage in physical activity'), ('Cultural norms around thinness', 'Cultural norms around thinness'), ('Cultural norms around thinness', 'Poor body image'), ('Obesity', 'Short sleep duration'), ('Inflammation', 'Asthma'), ('Healthy eating', 'Sodium intake'), ('Cultural norms around thinness', 'Eating disorders'), ('Poor body image', 'Sexual difficulties'), ('Fear of engaging in physical activity', 'Physical activity'), ('Short sleep duration', 'Healthy eating'), ('Coronary heart diseases', 'Dyspnea'), ('Stress', 'Inflammation'), ('Weight bias', 'Stress'), ('Unhealthy weight control practices', 'Eating disorders'), ('Tiredness', 'Ability to engage in physical activity'), ('Short sleep duration', 'Heart rate'), ('Prevalence of bike trails', 'Quality of the sport infrastructure'), ('Exercise', 'Blood fatty acid level'), ('Mental well-being', 'Emotional eating'), ('Poor body image', 'Poor body image'), ('Blood fatty acid level', 'Blood glucose level'), ('Cardiovascular diseases', 'Depression'), ('Pro-inflammatory cytokines', 'Inflammation'), ('Prevalence of green fields', 'Quality of the sport infrastructure'), ('Mental well-being', 'Antipsychotics'), ('Socio-economic status', 'Control'), ('Weight bias', 'Poor body image'), ('Positive experience of sports', 'Recreational physical activity'), ('Public support and demand for healthy products', 'Cost of healthy foods'), ('Socio-economic status', 'Availability of healthy foods'), ('Cardiovascular diseases', 'Physical well-being'), ('Respiratory muscle fatigue', 'Dyspnea'), ('Heart rate', 'Coronary heart diseases'), ('Pressure to be thin', 'Poor body image'), ('Medications', 'Coordination'), ('Beta blockers', 'Ability to engage in physical activity'), ('Antipsychotics', 'Appetite'), ('Sodium intake', 'Blood pressure'), ('Pressure to be thin', 'Unhealthy weight control practices'), ('Airway resistance', 'Asthma-like symptoms'), ('Depression', 'Stress'), ('Medications', 'Concentration'), ('Public support and demand for healthy products', 'Marketing of unhealthy foods'), ('Poor body image', 'Eating disorders'), ('Emotional eating', 'Healthy eating'), ('Obesity', 'Access to health professionals'), ('Obesity', 'Mental well-being'), ('Unhealthy foods are more available than healthy ones', 'Supportive food environment'), ('Healthy eating', 'Blood saturated fatty acid level'), ('Presence of a vibrant community', 'Resilience'), ('Cells intake of fatty acids', 'Adipose storage of fatty acids'), ('Physical activity', 'Physical well-being'), ('Appetite', 'Healthy eating'), ('Aesthetics', 'Stress'), ('Chronic conditions', 'Mental well-being'), ('Weight bias', 'Positive experience of sports'), ('Healthy eating', 'Dyslipidemia'), ('Quality of the sport infrastructure', 'Recreational physical activity'), ('Physical pain', 'Ability to engage in physical activity'), ('Prevalence of green fields', 'Aesthetics'), ('Concentration', 'Ability to engage in physical activity'), ('Aesthetics', 'Mental well-being'), ('Poor body image', 'Depression'), ('Chronic conditions', 'Physical well-being'), ('Obesity', 'Release of adipokines'), ('Blood glucose level', 'Sodium retention'), ('Restrictive covenants', 'Availability of healthy foods'), ('Musculoskeletal pain', 'Mental well-being'), ('Weight bias', 'Unhealthy weight control practices'), ('Physical activity', 'Mental well-being'), ('Access to health professionals', 'Ability to engage in physical activity'), ('Stimulants', 'Short sleep duration'), ('Culture of eating that promotes healthy choices', 'Healthy eating'), ('Culture of eating that promotes healthy choices', 'Mental well-being'), ('Weight bias', 'Exercise'), ('Obesity', 'Dysfunctional adipose tissue'), ('Medications', 'Tiredness'), ('Inflammation', 'Insulin resistance'), ('Anticonvulsants', 'Appetite'), ('Inflammation', 'Auto-inflammatory diseases'), ('Accessibility to shops', 'Utilitarian physical activity '), ('Blood fatty acid level', 'Adipose storage of fatty acids'), ('Perceived environmental safety', 'Physical activity'), ('Short sleep duration', 'Physical well-being'), ('Cultural norms around thinness', 'Pressure to be thin'), ('Weight bias', 'Access to health professionals'), ('Public health messaging around thinness', 'Pressure to be thin'), ('Dysfunctional adipose tissue', 'Blood pressure'), ('Dysfunctional adipose tissue', 'Dyslipidemia'), ('Aesthetics', 'Utilitarian physical activity '), ('Obesity', 'Unhealthy weight control practices'), ('Obesity', 'Asthma-like symptoms'), ('Marketing ratio of unhealthy to healthy foods', 'Supportive food environment'), ('Dyslipidemia', 'Atherosclerosis'), ('Physical well-being', 'Mental well-being'), ('Public support and demand for healthy products', 'Cost of unhealthy foods'), ('Musculoskeletal pain', 'Physical well-being'), ('Coronary heart diseases', 'Exercise')]"
0,"[('Weight bias', 'Dysfunctional adipose tissue'), ('Culture of eating that promotes healthy choices', 'Adipose storage of fatty acids'), ('Mental well-being', 'Tiredness'), ('Resilience', 'Ability to engage in physical activity'), ('Control', 'Blood pressure'), ('Pressure to be thin', 'Stimulants'), ('Stress', 'Cortisol'), ('Poor body image', 'Unhealthy weight control practices'), ('Public health messaging around thinness', 'Obesity'), ('Physical well-being', 'Physical pain'), ('Depression', 'Inflammation'), ('Socio-economic status', 'Sodium intake')]",1,-1,-1,1,1,"[('Culture of eating that promotes healthy choices', 'Physical well-being'), ('Weight bias', 'Socio-economic status'), ('Mental well-being', 'Physical well-being'), ('Socio-economic status', 'Stress'), ('Control', 'Mental well-being'), ('Socio-economic status', 'Physical well-being'), ('Public health messaging around thinness', 'Weight bias'), ('Resilience', 'Mental well-being'), ('Medical perspective that thin is good', 'Public health messaging around thinness'), ('Weight bias', 'Depression'), ('Control', 'Stress'), ('Socio-economic status', 'Mental well-being'), ('Medical perspective that thin is good', 'Cultural norms around thinness'), ('Weight bias', 'Mental well-being'), ('Cultural norms around thinness', 'Cultural norms around thinness'), ('Cultural norms around thinness', 'Poor body image'), ('Weight bias', 'Stress'), ('Poor body image', 'Poor body image'), ('Socio-economic status', 'Control'), ('Weight bias', 'Poor body image'), ('Pressure to be thin', 'Poor body image'), ('Depression', 'Stress'), ('Poor body image', 'Depression'), ('Culture of eating that promotes healthy choices', 'Mental well-being'), ('Cultural norms around thinness', 'Pressure to be thin'), ('Public health messaging around thinness', 'Pressure to be thin'), ('Physical well-being', 'Mental well-being')]","[('Medications', 'Balance'), ('Secretion of inflammatory molecules by adipose cells', 'Insulin resistance'), ('Obesity', 'Obstructive sleep apnea'), ('Dyslipidemia', 'Blood pressure'), ('Obesity', 'Gastro-esophageal reflux disease'), ('Auto-inflammatory diseases', 'Inflammation'), ('Atherosclerosis', 'Coronary heart diseases'), ('Release of adipokines', 'Atherosclerosis'), ('Blood mono-unsaturated fatty acid level', 'Secretion of inflammatory molecules by adipose cells'), ('Insulin resistance', 'Fatty acids in the artery walls'), ('Insulin resistance', 'Cells intake of fatty acids'), ('Adipose storage of fatty acids', 'Inflammation'), ('Thoracic and abdominal obesity', 'Airway resistance'), ('Thoracic and abdominal obesity', 'Respiratory muscle fatigue'), ('Unhealthy weight control practices', 'Obesity'), ('Sodium retention', 'Blood pressure'), ('Short sleep duration', 'Pro-inflammatory cytokines'), ('Medications', 'Obesity'), ('Balance', 'Ability to engage in physical activity'), ('Short sleep duration', 'Cortisol'), ('Airway resistance', 'Asthma'), ('Short sleep duration', 'Blood pressure'), ('Fatty acids in the artery walls', 'Atherosclerosis'), ('Dyslipidemia', 'Insulin resistance'), ('Blood glucose level', 'Fatty acids in the artery walls'), ('Respiratory diseases', 'Ability to engage in physical activity'), ('Blood saturated fatty acid level', 'Secretion of inflammatory molecules by adipose cells'), ('Dysfunctional adipose tissue', 'Inflammation'), ('Coordination', 'Ability to engage in physical activity'), ('Obesity', 'Short sleep duration'), ('Inflammation', 'Asthma'), ('Coronary heart diseases', 'Dyspnea'), ('Tiredness', 'Ability to engage in physical activity'), ('Short sleep duration', 'Heart rate'), ('Blood fatty acid level', 'Blood glucose level'), ('Pro-inflammatory cytokines', 'Inflammation'), ('Respiratory muscle fatigue', 'Dyspnea'), ('Heart rate', 'Coronary heart diseases'), ('Medications', 'Coordination'), ('Beta blockers', 'Ability to engage in physical activity'), ('Sodium intake', 'Blood pressure'), ('Airway resistance', 'Asthma-like symptoms'), ('Medications', 'Concentration'), ('Cells intake of fatty acids', 'Adipose storage of fatty acids'), ('Physical pain', 'Ability to engage in physical activity'), ('Concentration', 'Ability to engage in physical activity'), ('Obesity', 'Release of adipokines'), ('Blood glucose level', 'Sodium retention'), ('Stimulants', 'Short sleep duration'), ('Obesity', 'Dysfunctional adipose tissue'), ('Medications', 'Tiredness'), ('Inflammation', 'Insulin resistance'), ('Inflammation', 'Auto-inflammatory diseases'), ('Blood fatty acid level', 'Adipose storage of fatty acids'), ('Dysfunctional adipose tissue', 'Blood pressure'), ('Dysfunctional adipose tissue', 'Dyslipidemia'), ('Obesity', 'Unhealthy weight control practices'), ('Obesity', 'Asthma-like symptoms'), ('Dyslipidemia', 'Atherosclerosis')]","[('Prevalence of walking trails', 'Quality of the sport infrastructure'), ('Medications', 'Balance'), ('Culture of eating that promotes healthy choices', 'Physical well-being'), ('Secretion of inflammatory molecules by adipose cells', 'Insulin resistance'), ('Presence of a vibrant community', 'Control'), ('Obesity', 'Weight bias'), ('Healthy eating', 'Blood mono-unsaturated fatty acid level'), ('Exercise', 'Heart rate'), ('Available time', 'Recreational physical activity'), ('Chronic conditions', 'Depression'), ('Exercise', 'Insulin resistance'), ('Weight bias', 'Socio-economic status'), ('Mental well-being', 'Physical well-being'), ('Obesity', 'Obstructive sleep apnea'), ('Eating disorders', 'Healthy eating'), ('Consumer demand for regulations', 'Marketing of healthy foods'), ('Dyslipidemia', 'Blood pressure'), ('Obesity', 'Gastro-esophageal reflux disease'), ('Perceived environmental safety', 'Mental well-being'), ('Late night TV watching', 'Short sleep duration'), ('Auto-inflammatory diseases', 'Inflammation'), ('Depression', 'Healthy eating'), ('Socio-economic status', 'Stress'), ('Exercise', 'Blood glucose level'), ('Public support and demand for healthy products', 'Marketing of healthy foods'), ('Unhealthy foods are cheaper than healthy ones', 'Supportive food environment'), ('Control', 'Mental well-being'), ('Atherosclerosis', 'Coronary heart diseases'), ('Socio-economic status', 'Physical well-being'), ('Ability to engage in physical activity', 'Physical activity'), ('Public health messaging around thinness', 'Weight bias'), ('Public support and demand for healthy products', 'Availability of healthy foods'), ('Release of adipokines', 'Atherosclerosis'), ('Consumer demand for regulations', 'Marketing of unhealthy foods'), ('Resilience', 'Mental well-being'), ('Blood mono-unsaturated fatty acid level', 'Secretion of inflammatory molecules by adipose cells'), ('Medical perspective that thin is good', 'Public health messaging around thinness'), ('Mental well-being', 'Medications'), ('Sexual difficulties', 'Mental well-being'), ('Insulin resistance', 'Fatty acids in the artery walls'), ('Insulin resistance', 'Cells intake of fatty acids'), ('Sidewalk prevalence and maintenance', 'Utilitarian physical activity '), ('Adipose storage of fatty acids', 'Inflammation'), ('Socio-economic status', 'Exercise'), ('Thoracic and abdominal obesity', 'Airway resistance'), ('Healthy eating', 'Short sleep duration'), ('Perceived environmental safety', 'Physical well-being'), ('Weight bias', 'Depression'), ('Emotional eating', 'Mental well-being'), ('Late night TV watching', 'Healthy eating'), ('Control', 'Stress'), ('Aesthetics', 'Physical well-being'), ('Economic incentives to produce unhealthy food products', 'Cost of unhealthy foods'), ('Supportive food environment', 'Healthy eating'), ('Appetite', 'Physical well-being'), ('Thoracic and abdominal obesity', 'Respiratory muscle fatigue'), ('Cardiovascular diseases', 'Fear of engaging in physical activity'), ('Socio-economic status', 'Mental well-being'), ('Unhealthy weight control practices', 'Obesity'), ('Exercise', 'Blood pressure'), ('Sodium retention', 'Blood pressure'), ('Short sleep duration', 'Pro-inflammatory cytokines'), ('Medications', 'Obesity'), ('Short sleep duration', 'Appetite'), ('Balance', 'Ability to engage in physical activity'), ('Short sleep duration', 'Cortisol'), ('Airway resistance', 'Asthma'), ('Short sleep duration', 'Blood pressure'), ('Medical perspective that thin is good', 'Cultural norms around thinness'), ('Healthy eating', 'Blood glucose level'), ('Mental well-being', 'Anticonvulsants'), ('Fatty acids in the artery walls', 'Atherosclerosis'), ('Dyslipidemia', 'Insulin resistance'), ('Blood glucose level', 'Fatty acids in the artery walls'), ('Respiratory diseases', 'Ability to engage in physical activity'), ('Blood saturated fatty acid level', 'Secretion of inflammatory molecules by adipose cells'), ('Dysfunctional adipose tissue', 'Inflammation'), ('Weight bias', 'Mental well-being'), ('Coordination', 'Ability to engage in physical activity'), ('Cultural norms around thinness', 'Cultural norms around thinness'), ('Cultural norms around thinness', 'Poor body image'), ('Obesity', 'Short sleep duration'), ('Inflammation', 'Asthma'), ('Healthy eating', 'Sodium intake'), ('Cultural norms around thinness', 'Eating disorders'), ('Poor body image', 'Sexual difficulties'), ('Fear of engaging in physical activity', 'Physical activity'), ('Short sleep duration', 'Healthy eating'), ('Coronary heart diseases', 'Dyspnea'), ('Stress', 'Inflammation'), ('Weight bias', 'Stress'), ('Unhealthy weight control practices', 'Eating disorders'), ('Tiredness', 'Ability to engage in physical activity'), ('Short sleep duration', 'Heart rate'), ('Prevalence of bike trails', 'Quality of the sport infrastructure'), ('Exercise', 'Blood fatty acid level'), ('Mental well-being', 'Emotional eating'), ('Poor body image', 'Poor body image'), ('Blood fatty acid level', 'Blood glucose level'), ('Cardiovascular diseases', 'Depression'), ('Pro-inflammatory cytokines', 'Inflammation'), ('Prevalence of green fields', 'Quality of the sport infrastructure'), ('Mental well-being', 'Antipsychotics'), ('Socio-economic status', 'Control'), ('Weight bias', 'Poor body image'), ('Positive experience of sports', 'Recreational physical activity'), ('Public support and demand for healthy products', 'Cost of healthy foods'), ('Socio-economic status', 'Availability of healthy foods'), ('Cardiovascular diseases', 'Physical well-being'), ('Respiratory muscle fatigue', 'Dyspnea'), ('Heart rate', 'Coronary heart diseases'), ('Pressure to be thin', 'Poor body image'), ('Medications', 'Coordination'), ('Beta blockers', 'Ability to engage in physical activity'), ('Antipsychotics', 'Appetite'), ('Sodium intake', 'Blood pressure'), ('Pressure to be thin', 'Unhealthy weight control practices'), ('Airway resistance', 'Asthma-like symptoms'), ('Depression', 'Stress'), ('Medications', 'Concentration'), ('Public support and demand for healthy products', 'Marketing of unhealthy foods'), ('Poor body image', 'Eating disorders'), ('Emotional eating', 'Healthy eating'), ('Obesity', 'Access to health professionals'), ('Obesity', 'Mental well-being'), ('Unhealthy foods are more available than healthy ones', 'Supportive food environment'), ('Healthy eating', 'Blood saturated fatty acid level'), ('Presence of a vibrant community', 'Resilience'), ('Cells intake of fatty acids', 'Adipose storage of fatty acids'), ('Physical activity', 'Physical well-being'), ('Appetite', 'Healthy eating'), ('Aesthetics', 'Stress'), ('Chronic conditions', 'Mental well-being'), ('Weight bias', 'Positive experience of sports'), ('Healthy eating', 'Dyslipidemia'), ('Quality of the sport infrastructure', 'Recreational physical activity'), ('Physical pain', 'Ability to engage in physical activity'), ('Prevalence of green fields', 'Aesthetics'), ('Concentration', 'Ability to engage in physical activity'), ('Aesthetics', 'Mental well-being'), ('Poor body image', 'Depression'), ('Chronic conditions', 'Physical well-being'), ('Obesity', 'Release of adipokines'), ('Blood glucose level', 'Sodium retention'), ('Restrictive covenants', 'Availability of healthy foods'), ('Musculoskeletal pain', 'Mental well-being'), ('Weight bias', 'Unhealthy weight control practices'), ('Physical activity', 'Mental well-being'), ('Access to health professionals', 'Ability to engage in physical activity'), ('Stimulants', 'Short sleep duration'), ('Culture of eating that promotes healthy choices', 'Healthy eating'), ('Culture of eating that promotes healthy choices', 'Mental well-being'), ('Weight bias', 'Exercise'), ('Obesity', 'Dysfunctional adipose tissue'), ('Medications', 'Tiredness'), ('Inflammation', 'Insulin resistance'), ('Anticonvulsants', 'Appetite'), ('Inflammation', 'Auto-inflammatory diseases'), ('Accessibility to shops', 'Utilitarian physical activity '), ('Blood fatty acid level', 'Adipose storage of fatty acids'), ('Perceived environmental safety', 'Physical activity'), ('Short sleep duration', 'Physical well-being'), ('Cultural norms around thinness', 'Pressure to be thin'), ('Weight bias', 'Access to health professionals'), ('Public health messaging around thinness', 'Pressure to be thin'), ('Dysfunctional adipose tissue', 'Blood pressure'), ('Dysfunctional adipose tissue', 'Dyslipidemia'), ('Aesthetics', 'Utilitarian physical activity '), ('Obesity', 'Unhealthy weight control practices'), ('Obesity', 'Asthma-like symptoms'), ('Marketing ratio of unhealthy to healthy foods', 'Supportive food environment'), ('Dyslipidemia', 'Atherosclerosis'), ('Physical well-being', 'Mental well-being'), ('Public support and demand for healthy products', 'Cost of unhealthy foods'), ('Musculoskeletal pain', 'Physical well-being'), ('Coronary heart diseases', 'Exercise')]"
1,"[('Weight bias', 'Dysfunctional adipose tissue'), ('Culture of eating that promotes healthy choices', 'Adipose storage of fatty acids'), ('Mental well-being', 'Tiredness'), ('Resilience', 'Ability to engage in physical activity'), ('Control', 'Blood pressure'), ('Pressure to be thin', 'Stimulants'), ('Stress', 'Cortisol'), ('Poor body image', 'Unhealthy weight control practices'), ('Public health messaging around thinness', 'Obesity'), ('Physical well-being', 'Physical pain'), ('Depression', 'Inflammation'), ('Socio-economic status', 'Sodium intake')]",1,-1,-1,1,1,"[('Culture of eating that promotes healthy choices', 'Physical well-being'), ('Weight bias', 'Socio-economic status'), ('Mental well-being', 'Physical well-being'), ('Socio-economic status', 'Stress'), ('Control', 'Mental well-being'), ('Socio-economic status', 'Physical well-being'), ('Public health messaging around thinness', 'Weight bias'), ('Resilience', 'Mental well-being'), ('Medical perspective that thin is good', 'Public health messaging around thinness'), ('Weight bias', 'Depression'), ('Control', 'Stress'), ('Socio-economic status', 'Mental well-being'), ('Medical perspective that thin is good', 'Cultural norms around thinness'), ('Weight bias', 'Mental well-being'), ('Cultural norms around thinness', 'Cultural norms around thinness'), ('Cultural norms around thinness', 'Poor body image'), ('Weight bias', 'Stress'), ('Poor body image', 'Poor body image'), ('Socio-economic status', 'Control'), ('Weight bias', 'Poor body image'), ('Pressure to be thin', 'Poor body image'), ('Depression', 'Stress'), ('Poor body image', 'Depression'), ('Culture of eating that promotes healthy choices', 'Mental well-being'), ('Cultural norms around thinness', 'Pressure to be thin'), ('Public health messaging around thinness', 'Pressure to be thin'), ('Physical well-being', 'Mental well-being')]","[('Medications', 'Balance'), ('Secretion of inflammatory molecules by adipose cells', 'Insulin resistance'), ('Obesity', 'Obstructive sleep apnea'), ('Dyslipidemia', 'Blood pressure'), ('Obesity', 'Gastro-esophageal reflux disease'), ('Auto-inflammatory diseases', 'Inflammation'), ('Atherosclerosis', 'Coronary heart diseases'), ('Release of adipokines', 'Atherosclerosis'), ('Blood mono-unsaturated fatty acid level', 'Secretion of inflammatory molecules by adipose cells'), ('Insulin resistance', 'Fatty acids in the artery walls'), ('Insulin resistance', 'Cells intake of fatty acids'), ('Adipose storage of fatty acids', 'Inflammation'), ('Thoracic and abdominal obesity', 'Airway resistance'), ('Thoracic and abdominal obesity', 'Respiratory muscle fatigue'), ('Unhealthy weight control practices', 'Obesity'), ('Sodium retention', 'Blood pressure'), ('Short sleep duration', 'Pro-inflammatory cytokines'), ('Medications', 'Obesity'), ('Balance', 'Ability to engage in physical activity'), ('Short sleep duration', 'Cortisol'), ('Airway resistance', 'Asthma'), ('Short sleep duration', 'Blood pressure'), ('Fatty acids in the artery walls', 'Atherosclerosis'), ('Dyslipidemia', 'Insulin resistance'), ('Blood glucose level', 'Fatty acids in the artery walls'), ('Respiratory diseases', 'Ability to engage in physical activity'), ('Blood saturated fatty acid level', 'Secretion of inflammatory molecules by adipose cells'), ('Dysfunctional adipose tissue', 'Inflammation'), ('Coordination', 'Ability to engage in physical activity'), ('Obesity', 'Short sleep duration'), ('Inflammation', 'Asthma'), ('Coronary heart diseases', 'Dyspnea'), ('Tiredness', 'Ability to engage in physical activity'), ('Short sleep duration', 'Heart rate'), ('Blood fatty acid level', 'Blood glucose level'), ('Pro-inflammatory cytokines', 'Inflammation'), ('Respiratory muscle fatigue', 'Dyspnea'), ('Heart rate', 'Coronary heart diseases'), ('Medications', 'Coordination'), ('Beta blockers', 'Ability to engage in physical activity'), ('Sodium intake', 'Blood pressure'), ('Airway resistance', 'Asthma-like symptoms'), ('Medications', 'Concentration'), ('Cells intake of fatty acids', 'Adipose storage of fatty acids'), ('Physical pain', 'Ability to engage in physical activity'), ('Concentration', 'Ability to engage in physical activity'), ('Obesity', 'Release of adipokines'), ('Blood glucose level', 'Sodium retention'), ('Stimulants', 'Short sleep duration'), ('Obesity', 'Dysfunctional adipose tissue'), ('Medications', 'Tiredness'), ('Inflammation', 'Insulin resistance'), ('Inflammation', 'Auto-inflammatory diseases'), ('Blood fatty acid level', 'Adipose storage of fatty acids'), ('Dysfunctional adipose tissue', 'Blood pressure'), ('Dysfunctional adipose tissue', 'Dyslipidemia'), ('Obesity', 'Unhealthy weight control practices'), ('Obesity', 'Asthma-like symptoms'), ('Dyslipidemia', 'Atherosclerosis')]","[('Prevalence of walking trails', 'Quality of the sport infrastructure'), ('Medications', 'Balance'), ('Culture of eating that promotes healthy choices', 'Physical well-being'), ('Secretion of inflammatory molecules by adipose cells', 'Insulin resistance'), ('Presence of a vibrant community', 'Control'), ('Obesity', 'Weight bias'), ('Healthy eating', 'Blood mono-unsaturated fatty acid level'), ('Exercise', 'Heart rate'), ('Available time', 'Recreational physical activity'), ('Chronic conditions', 'Depression'), ('Exercise', 'Insulin resistance'), ('Weight bias', 'Socio-economic status'), ('Mental well-being', 'Physical well-being'), ('Obesity', 'Obstructive sleep apnea'), ('Eating disorders', 'Healthy eating'), ('Consumer demand for regulations', 'Marketing of healthy foods'), ('Dyslipidemia', 'Blood pressure'), ('Obesity', 'Gastro-esophageal reflux disease'), ('Perceived environmental safety', 'Mental well-being'), ('Late night TV watching', 'Short sleep duration'), ('Auto-inflammatory diseases', 'Inflammation'), ('Depression', 'Healthy eating'), ('Socio-economic status', 'Stress'), ('Exercise', 'Blood glucose level'), ('Public support and demand for healthy products', 'Marketing of healthy foods'), ('Unhealthy foods are cheaper than healthy ones', 'Supportive food environment'), ('Control', 'Mental well-being'), ('Atherosclerosis', 'Coronary heart diseases'), ('Socio-economic status', 'Physical well-being'), ('Ability to engage in physical activity', 'Physical activity'), ('Public health messaging around thinness', 'Weight bias'), ('Public support and demand for healthy products', 'Availability of healthy foods'), ('Release of adipokines', 'Atherosclerosis'), ('Consumer demand for regulations', 'Marketing of unhealthy foods'), ('Resilience', 'Mental well-being'), ('Blood mono-unsaturated fatty acid level', 'Secretion of inflammatory molecules by adipose cells'), ('Medical perspective that thin is good', 'Public health messaging around thinness'), ('Mental well-being', 'Medications'), ('Sexual difficulties', 'Mental well-being'), ('Insulin resistance', 'Fatty acids in the artery walls'), ('Insulin resistance', 'Cells intake of fatty acids'), ('Sidewalk prevalence and maintenance', 'Utilitarian physical activity '), ('Adipose storage of fatty acids', 'Inflammation'), ('Socio-economic status', 'Exercise'), ('Thoracic and abdominal obesity', 'Airway resistance'), ('Healthy eating', 'Short sleep duration'), ('Perceived environmental safety', 'Physical well-being'), ('Weight bias', 'Depression'), ('Emotional eating', 'Mental well-being'), ('Late night TV watching', 'Healthy eating'), ('Control', 'Stress'), ('Aesthetics', 'Physical well-being'), ('Economic incentives to produce unhealthy food products', 'Cost of unhealthy foods'), ('Supportive food environment', 'Healthy eating'), ('Appetite', 'Physical well-being'), ('Thoracic and abdominal obesity', 'Respiratory muscle fatigue'), ('Cardiovascular diseases', 'Fear of engaging in physical activity'), ('Socio-economic status', 'Mental well-being'), ('Unhealthy weight control practices', 'Obesity'), ('Exercise', 'Blood pressure'), ('Sodium retention', 'Blood pressure'), ('Short sleep duration', 'Pro-inflammatory cytokines'), ('Medications', 'Obesity'), ('Short sleep duration', 'Appetite'), ('Balance', 'Ability to engage in physical activity'), ('Short sleep duration', 'Cortisol'), ('Airway resistance', 'Asthma'), ('Short sleep duration', 'Blood pressure'), ('Medical perspective that thin is good', 'Cultural norms around thinness'), ('Healthy eating', 'Blood glucose level'), ('Mental well-being', 'Anticonvulsants'), ('Fatty acids in the artery walls', 'Atherosclerosis'), ('Dyslipidemia', 'Insulin resistance'), ('Blood glucose level', 'Fatty acids in the artery walls'), ('Respiratory diseases', 'Ability to engage in physical activity'), ('Blood saturated fatty acid level', 'Secretion of inflammatory molecules by adipose cells'), ('Dysfunctional adipose tissue', 'Inflammation'), ('Weight bias', 'Mental well-being'), ('Coordination', 'Ability to engage in physical activity'), ('Cultural norms around thinness', 'Cultural norms around thinness'), ('Cultural norms around thinness', 'Poor body image'), ('Obesity', 'Short sleep duration'), ('Inflammation', 'Asthma'), ('Healthy eating', 'Sodium intake'), ('Cultural norms around thinness', 'Eating disorders'), ('Poor body image', 'Sexual difficulties'), ('Fear of engaging in physical activity', 'Physical activity'), ('Short sleep duration', 'Healthy eating'), ('Coronary heart diseases', 'Dyspnea'), ('Stress', 'Inflammation'), ('Weight bias', 'Stress'), ('Unhealthy weight control practices', 'Eating disorders'), ('Tiredness', 'Ability to engage in physical activity'), ('Short sleep duration', 'Heart rate'), ('Prevalence of bike trails', 'Quality of the sport infrastructure'), ('Exercise', 'Blood fatty acid level'), ('Mental well-being', 'Emotional eating'), ('Poor body image', 'Poor body image'), ('Blood fatty acid level', 'Blood glucose level'), ('Cardiovascular diseases', 'Depression'), ('Pro-inflammatory cytokines', 'Inflammation'), ('Prevalence of green fields', 'Quality of the sport infrastructure'), ('Mental well-being', 'Antipsychotics'), ('Socio-economic status', 'Control'), ('Weight bias', 'Poor body image'), ('Positive experience of sports', 'Recreational physical activity'), ('Public support and demand for healthy products', 'Cost of healthy foods'), ('Socio-economic status', 'Availability of healthy foods'), ('Cardiovascular diseases', 'Physical well-being'), ('Respiratory muscle fatigue', 'Dyspnea'), ('Heart rate', 'Coronary heart diseases'), ('Pressure to be thin', 'Poor body image'), ('Medications', 'Coordination'), ('Beta blockers', 'Ability to engage in physical activity'), ('Antipsychotics', 'Appetite'), ('Sodium intake', 'Blood pressure'), ('Pressure to be thin', 'Unhealthy weight control practices'), ('Airway resistance', 'Asthma-like symptoms'), ('Depression', 'Stress'), ('Medications', 'Concentration'), ('Public support and demand for healthy products', 'Marketing of unhealthy foods'), ('Poor body image', 'Eating disorders'), ('Emotional eating', 'Healthy eating'), ('Obesity', 'Access to health professionals'), ('Obesity', 'Mental well-being'), ('Unhealthy foods are more available than healthy ones', 'Supportive food environment'), ('Healthy eating', 'Blood saturated fatty acid level'), ('Presence of a vibrant community', 'Resilience'), ('Cells intake of fatty acids', 'Adipose storage of fatty acids'), ('Physical activity', 'Physical well-being'), ('Appetite', 'Healthy eating'), ('Aesthetics', 'Stress'), ('Chronic conditions', 'Mental well-being'), ('Weight bias', 'Positive experience of sports'), ('Healthy eating', 'Dyslipidemia'), ('Quality of the sport infrastructure', 'Recreational physical activity'), ('Physical pain', 'Ability to engage in physical activity'), ('Prevalence of green fields', 'Aesthetics'), ('Concentration', 'Ability to engage in physical activity'), ('Aesthetics', 'Mental well-being'), ('Poor body image', 'Depression'), ('Chronic conditions', 'Physical well-being'), ('Obesity', 'Release of adipokines'), ('Blood glucose level', 'Sodium retention'), ('Restrictive covenants', 'Availability of healthy foods'), ('Musculoskeletal pain', 'Mental well-being'), ('Weight bias', 'Unhealthy weight control practices'), ('Physical activity', 'Mental well-being'), ('Access to health professionals', 'Ability to engage in physical activity'), ('Stimulants', 'Short sleep duration'), ('Culture of eating that promotes healthy choices', 'Healthy eating'), ('Culture of eating that promotes healthy choices', 'Mental well-being'), ('Weight bias', 'Exercise'), ('Obesity', 'Dysfunctional adipose tissue'), ('Medications', 'Tiredness'), ('Inflammation', 'Insulin resistance'), ('Anticonvulsants', 'Appetite'), ('Inflammation', 'Auto-inflammatory diseases'), ('Accessibility to shops', 'Utilitarian physical activity '), ('Blood fatty acid level', 'Adipose storage of fatty acids'), ('Perceived environmental safety', 'Physical activity'), ('Short sleep duration', 'Physical well-being'), ('Cultural norms around thinness', 'Pressure to be thin'), ('Weight bias', 'Access to health professionals'), ('Public health messaging around thinness', 'Pressure to be thin'), ('Dysfunctional adipose tissue', 'Blood pressure'), ('Dysfunctional adipose tissue', 'Dyslipidemia'), ('Aesthetics', 'Utilitarian physical activity '), ('Obesity', 'Unhealthy weight control practices'), ('Obesity', 'Asthma-like symptoms'), ('Marketing ratio of unhealthy to healthy foods', 'Supportive food environment'), ('Dyslipidemia', 'Atherosclerosis'), ('Physical well-being', 'Mental well-being'), ('Public support and demand for healthy products', 'Cost of unhealthy foods'), ('Musculoskeletal pain', 'Physical well-being'), ('Coronary heart diseases', 'Exercise')]"
2,"[('Weight bias', 'Dysfunctional adipose tissue'), ('Culture of eating that promotes healthy choices', 'Adipose storage of fatty acids'), ('Mental well-being', 'Tiredness'), ('Resilience', 'Ability to engage in physical activity'), ('Control', 'Blood pressure'), ('Pressure to be thin', 'Stimulants'), ('Stress', 'Cortisol'), ('Poor body image', 'Unhealthy weight control practices'), ('Public health messaging around thinness', 'Obesity'), ('Physical well-being', 'Physical pain'), ('Depression', 'Inflammation'), ('Socio-economic status', 'Sodium intake')]",1,-1,-1,1,1,"[('Culture of eating that promotes healthy choices', 'Physical well-being'), ('Weight bias', 'Socio-economic status'), ('Mental well-being', 'Physical well-being'), ('Socio-economic status', 'Stress'), ('Control', 'Mental well-being'), ('Socio-economic status', 'Physical well-being'), ('Public health messaging around thinness', 'Weight bias'), ('Resilience', 'Mental well-being'), ('Medical perspective that thin is good', 'Public health messaging around thinness'), ('Weight bias', 'Depression'), ('Control', 'Stress'), ('Socio-economic status', 'Mental well-being'), ('Medical perspective that thin is good', 'Cultural norms around thinness'), ('Weight bias', 'Mental well-being'), ('Cultural norms around thinness', 'Cultural norms around thinness'), ('Cultural norms around thinness', 'Poor body image'), ('Weight bias', 'Stress'), ('Poor body image', 'Poor body image'), ('Socio-economic status', 'Control'), ('Weight bias', 'Poor body image'), ('Pressure to be thin', 'Poor body image'), ('Depression', 'Stress'), ('Poor body image', 'Depression'), ('Culture of eating that promotes healthy choices', 'Mental well-being'), ('Cultural norms around thinness', 'Pressure to be thin'), ('Public health messaging around thinness', 'Pressure to be thin'), ('Physical well-being', 'Mental well-being')]","[('Medications', 'Balance'), ('Secretion of inflammatory molecules by adipose cells', 'Insulin resistance'), ('Obesity', 'Obstructive sleep apnea'), ('Dyslipidemia', 'Blood pressure'), ('Obesity', 'Gastro-esophageal reflux disease'), ('Auto-inflammatory diseases', 'Inflammation'), ('Atherosclerosis', 'Coronary heart diseases'), ('Release of adipokines', 'Atherosclerosis'), ('Blood mono-unsaturated fatty acid level', 'Secretion of inflammatory molecules by adipose cells'), ('Insulin resistance', 'Fatty acids in the artery walls'), ('Insulin resistance', 'Cells intake of fatty acids'), ('Adipose storage of fatty acids', 'Inflammation'), ('Thoracic and abdominal obesity', 'Airway resistance'), ('Thoracic and abdominal obesity', 'Respiratory muscle fatigue'), ('Unhealthy weight control practices', 'Obesity'), ('Sodium retention', 'Blood pressure'), ('Short sleep duration', 'Pro-inflammatory cytokines'), ('Medications', 'Obesity'), ('Balance', 'Ability to engage in physical activity'), ('Short sleep duration', 'Cortisol'), ('Airway resistance', 'Asthma'), ('Short sleep duration', 'Blood pressure'), ('Fatty acids in the artery walls', 'Atherosclerosis'), ('Dyslipidemia', 'Insulin resistance'), ('Blood glucose level', 'Fatty acids in the artery walls'), ('Respiratory diseases', 'Ability to engage in physical activity'), ('Blood saturated fatty acid level', 'Secretion of inflammatory molecules by adipose cells'), ('Dysfunctional adipose tissue', 'Inflammation'), ('Coordination', 'Ability to engage in physical activity'), ('Obesity', 'Short sleep duration'), ('Inflammation', 'Asthma'), ('Coronary heart diseases', 'Dyspnea'), ('Tiredness', 'Ability to engage in physical activity'), ('Short sleep duration', 'Heart rate'), ('Blood fatty acid level', 'Blood glucose level'), ('Pro-inflammatory cytokines', 'Inflammation'), ('Respiratory muscle fatigue', 'Dyspnea'), ('Heart rate', 'Coronary heart diseases'), ('Medications', 'Coordination'), ('Beta blockers', 'Ability to engage in physical activity'), ('Sodium intake', 'Blood pressure'), ('Airway resistance', 'Asthma-like symptoms'), ('Medications', 'Concentration'), ('Cells intake of fatty acids', 'Adipose storage of fatty acids'), ('Physical pain', 'Ability to engage in physical activity'), ('Concentration', 'Ability to engage in physical activity'), ('Obesity', 'Release of adipokines'), ('Blood glucose level', 'Sodium retention'), ('Stimulants', 'Short sleep duration'), ('Obesity', 'Dysfunctional adipose tissue'), ('Medications', 'Tiredness'), ('Inflammation', 'Insulin resistance'), ('Inflammation', 'Auto-inflammatory diseases'), ('Blood fatty acid level', 'Adipose storage of fatty acids'), ('Dysfunctional adipose tissue', 'Blood pressure'), ('Dysfunctional adipose tissue', 'Dyslipidemia'), ('Obesity', 'Unhealthy weight control practices'), ('Obesity', 'Asthma-like symptoms'), ('Dyslipidemia', 'Atherosclerosis')]","[('Prevalence of walking trails', 'Quality of the sport infrastructure'), ('Medications', 'Balance'), ('Culture of eating that promotes healthy choices', 'Physical well-being'), ('Secretion of inflammatory molecules by adipose cells', 'Insulin resistance'), ('Presence of a vibrant community', 'Control'), ('Obesity', 'Weight bias'), ('Healthy eating', 'Blood mono-unsaturated fatty acid level'), ('Exercise', 'Heart rate'), ('Available time', 'Recreational physical activity'), ('Chronic conditions', 'Depression'), ('Exercise', 'Insulin resistance'), ('Weight bias', 'Socio-economic status'), ('Mental well-being', 'Physical well-being'), ('Obesity', 'Obstructive sleep apnea'), ('Eating disorders', 'Healthy eating'), ('Consumer demand for regulations', 'Marketing of healthy foods'), ('Dyslipidemia', 'Blood pressure'), ('Obesity', 'Gastro-esophageal reflux disease'), ('Perceived environmental safety', 'Mental well-being'), ('Late night TV watching', 'Short sleep duration'), ('Auto-inflammatory diseases', 'Inflammation'), ('Depression', 'Healthy eating'), ('Socio-economic status', 'Stress'), ('Exercise', 'Blood glucose level'), ('Public support and demand for healthy products', 'Marketing of healthy foods'), ('Unhealthy foods are cheaper than healthy ones', 'Supportive food environment'), ('Control', 'Mental well-being'), ('Atherosclerosis', 'Coronary heart diseases'), ('Socio-economic status', 'Physical well-being'), ('Ability to engage in physical activity', 'Physical activity'), ('Public health messaging around thinness', 'Weight bias'), ('Public support and demand for healthy products', 'Availability of healthy foods'), ('Release of adipokines', 'Atherosclerosis'), ('Consumer demand for regulations', 'Marketing of unhealthy foods'), ('Resilience', 'Mental well-being'), ('Blood mono-unsaturated fatty acid level', 'Secretion of inflammatory molecules by adipose cells'), ('Medical perspective that thin is good', 'Public health messaging around thinness'), ('Mental well-being', 'Medications'), ('Sexual difficulties', 'Mental well-being'), ('Insulin resistance', 'Fatty acids in the artery walls'), ('Insulin resistance', 'Cells intake of fatty acids'), ('Sidewalk prevalence and maintenance', 'Utilitarian physical activity '), ('Adipose storage of fatty acids', 'Inflammation'), ('Socio-economic status', 'Exercise'), ('Thoracic and abdominal obesity', 'Airway resistance'), ('Healthy eating', 'Short sleep duration'), ('Perceived environmental safety', 'Physical well-being'), ('Weight bias', 'Depression'), ('Emotional eating', 'Mental well-being'), ('Late night TV watching', 'Healthy eating'), ('Control', 'Stress'), ('Aesthetics', 'Physical well-being'), ('Economic incentives to produce unhealthy food products', 'Cost of unhealthy foods'), ('Supportive food environment', 'Healthy eating'), ('Appetite', 'Physical well-being'), ('Thoracic and abdominal obesity', 'Respiratory muscle fatigue'), ('Cardiovascular diseases', 'Fear of engaging in physical activity'), ('Socio-economic status', 'Mental well-being'), ('Unhealthy weight control practices', 'Obesity'), ('Exercise', 'Blood pressure'), ('Sodium retention', 'Blood pressure'), ('Short sleep duration', 'Pro-inflammatory cytokines'), ('Medications', 'Obesity'), ('Short sleep duration', 'Appetite'), ('Balance', 'Ability to engage in physical activity'), ('Short sleep duration', 'Cortisol'), ('Airway resistance', 'Asthma'), ('Short sleep duration', 'Blood pressure'), ('Medical perspective that thin is good', 'Cultural norms around thinness'), ('Healthy eating', 'Blood glucose level'), ('Mental well-being', 'Anticonvulsants'), ('Fatty acids in the artery walls', 'Atherosclerosis'), ('Dyslipidemia', 'Insulin resistance'), ('Blood glucose level', 'Fatty acids in the artery walls'), ('Respiratory diseases', 'Ability to engage in physical activity'), ('Blood saturated fatty acid level', 'Secretion of inflammatory molecules by adipose cells'), ('Dysfunctional adipose tissue', 'Inflammation'), ('Weight bias', 'Mental well-being'), ('Coordination', 'Ability to engage in physical activity'), ('Cultural norms around thinness', 'Cultural norms around thinness'), ('Cultural norms around thinness', 'Poor body image'), ('Obesity', 'Short sleep duration'), ('Inflammation', 'Asthma'), ('Healthy eating', 'Sodium intake'), ('Cultural norms around thinness', 'Eating disorders'), ('Poor body image', 'Sexual difficulties'), ('Fear of engaging in physical activity', 'Physical activity'), ('Short sleep duration', 'Healthy eating'), ('Coronary heart diseases', 'Dyspnea'), ('Stress', 'Inflammation'), ('Weight bias', 'Stress'), ('Unhealthy weight control practices', 'Eating disorders'), ('Tiredness', 'Ability to engage in physical activity'), ('Short sleep duration', 'Heart rate'), ('Prevalence of bike trails', 'Quality of the sport infrastructure'), ('Exercise', 'Blood fatty acid level'), ('Mental well-being', 'Emotional eating'), ('Poor body image', 'Poor body image'), ('Blood fatty acid level', 'Blood glucose level'), ('Cardiovascular diseases', 'Depression'), ('Pro-inflammatory cytokines', 'Inflammation'), ('Prevalence of green fields', 'Quality of the sport infrastructure'), ('Mental well-being', 'Antipsychotics'), ('Socio-economic status', 'Control'), ('Weight bias', 'Poor body image'), ('Positive experience of sports', 'Recreational physical activity'), ('Public support and demand for healthy products', 'Cost of healthy foods'), ('Socio-economic status', 'Availability of healthy foods'), ('Cardiovascular diseases', 'Physical well-being'), ('Respiratory muscle fatigue', 'Dyspnea'), ('Heart rate', 'Coronary heart diseases'), ('Pressure to be thin', 'Poor body image'), ('Medications', 'Coordination'), ('Beta blockers', 'Ability to engage in physical activity'), ('Antipsychotics', 'Appetite'), ('Sodium intake', 'Blood pressure'), ('Pressure to be thin', 'Unhealthy weight control practices'), ('Airway resistance', 'Asthma-like symptoms'), ('Depression', 'Stress'), ('Medications', 'Concentration'), ('Public support and demand for healthy products', 'Marketing of unhealthy foods'), ('Poor body image', 'Eating disorders'), ('Emotional eating', 'Healthy eating'), ('Obesity', 'Access to health professionals'), ('Obesity', 'Mental well-being'), ('Unhealthy foods are more available than healthy ones', 'Supportive food environment'), ('Healthy eating', 'Blood saturated fatty acid level'), ('Presence of a vibrant community', 'Resilience'), ('Cells intake of fatty acids', 'Adipose storage of fatty acids'), ('Physical activity', 'Physical well-being'), ('Appetite', 'Healthy eating'), ('Aesthetics', 'Stress'), ('Chronic conditions', 'Mental well-being'), ('Weight bias', 'Positive experience of sports'), ('Healthy eating', 'Dyslipidemia'), ('Quality of the sport infrastructure', 'Recreational physical activity'), ('Physical pain', 'Ability to engage in physical activity'), ('Prevalence of green fields', 'Aesthetics'), ('Concentration', 'Ability to engage in physical activity'), ('Aesthetics', 'Mental well-being'), ('Poor body image', 'Depression'), ('Chronic conditions', 'Physical well-being'), ('Obesity', 'Release of adipokines'), ('Blood glucose level', 'Sodium retention'), ('Restrictive covenants', 'Availability of healthy foods'), ('Musculoskeletal pain', 'Mental well-being'), ('Weight bias', 'Unhealthy weight control practices'), ('Physical activity', 'Mental well-being'), ('Access to health professionals', 'Ability to engage in physical activity'), ('Stimulants', 'Short sleep duration'), ('Culture of eating that promotes healthy choices', 'Healthy eating'), ('Culture of eating that promotes healthy choices', 'Mental well-being'), ('Weight bias', 'Exercise'), ('Obesity', 'Dysfunctional adipose tissue'), ('Medications', 'Tiredness'), ('Inflammation', 'Insulin resistance'), ('Anticonvulsants', 'Appetite'), ('Inflammation', 'Auto-inflammatory diseases'), ('Accessibility to shops', 'Utilitarian physical activity '), ('Blood fatty acid level', 'Adipose storage of fatty acids'), ('Perceived environmental safety', 'Physical activity'), ('Short sleep duration', 'Physical well-being'), ('Cultural norms around thinness', 'Pressure to be thin'), ('Weight bias', 'Access to health professionals'), ('Public health messaging around thinness', 'Pressure to be thin'), ('Dysfunctional adipose tissue', 'Blood pressure'), ('Dysfunctional adipose tissue', 'Dyslipidemia'), ('Aesthetics', 'Utilitarian physical activity '), ('Obesity', 'Unhealthy weight control practices'), ('Obesity', 'Asthma-like symptoms'), ('Marketing ratio of unhealthy to healthy foods', 'Supportive food environment'), ('Dyslipidemia', 'Atherosclerosis'), ('Physical well-being', 'Mental well-being'), ('Public support and demand for healthy products', 'Cost of unhealthy foods'), ('Musculoskeletal pain', 'Physical well-being'), ('Coronary heart diseases', 'Exercise')]"
3,"[('Weight bias', 'Dysfunctional adipose tissue'), ('Culture of eating that promotes healthy choices', 'Adipose storage of fatty acids'), ('Mental well-being', 'Tiredness'), ('Resilience', 'Ability to engage in physical activity'), ('Control', 'Blood pressure'), ('Pressure to be thin', 'Stimulants'), ('Stress', 'Cortisol'), ('Poor body image', 'Unhealthy weight control practices'), ('Public health messaging around thinness', 'Obesity'), ('Physical well-being', 'Physical pain'), ('Depression', 'Inflammation'), ('Socio-economic status', 'Sodium intake')]",1,-1,-1,1,1,"[('Culture of eating that promotes healthy choices', 'Physical well-being'), ('Weight bias', 'Socio-economic status'), ('Mental well-being', 'Physical well-being'), ('Socio-economic status', 'Stress'), ('Control', 'Mental well-being'), ('Socio-economic status', 'Physical well-being'), ('Public health messaging around thinness', 'Weight bias'), ('Resilience', 'Mental well-being'), ('Medical perspective that thin is good', 'Public health messaging around thinness'), ('Weight bias', 'Depression'), ('Control', 'Stress'), ('Socio-economic status', 'Mental well-being'), ('Medical perspective that thin is good', 'Cultural norms around thinness'), ('Weight bias', 'Mental well-being'), ('Cultural norms around thinness', 'Cultural norms around thinness'), ('Cultural norms around thinness', 'Poor body image'), ('Weight bias', 'Stress'), ('Poor body image', 'Poor body image'), ('Socio-economic status', 'Control'), ('Weight bias', 'Poor body image'), ('Pressure to be thin', 'Poor body image'), ('Depression', 'Stress'), ('Poor body image', 'Depression'), ('Culture of eating that promotes healthy choices', 'Mental well-being'), ('Cultural norms around thinness', 'Pressure to be thin'), ('Public health messaging around thinness', 'Pressure to be thin'), ('Physical well-being', 'Mental well-being')]","[('Medications', 'Balance'), ('Secretion of inflammatory molecules by adipose cells', 'Insulin resistance'), ('Obesity', 'Obstructive sleep apnea'), ('Dyslipidemia', 'Blood pressure'), ('Obesity', 'Gastro-esophageal reflux disease'), ('Auto-inflammatory diseases', 'Inflammation'), ('Atherosclerosis', 'Coronary heart diseases'), ('Release of adipokines', 'Atherosclerosis'), ('Blood mono-unsaturated fatty acid level', 'Secretion of inflammatory molecules by adipose cells'), ('Insulin resistance', 'Fatty acids in the artery walls'), ('Insulin resistance', 'Cells intake of fatty acids'), ('Adipose storage of fatty acids', 'Inflammation'), ('Thoracic and abdominal obesity', 'Airway resistance'), ('Thoracic and abdominal obesity', 'Respiratory muscle fatigue'), ('Unhealthy weight control practices', 'Obesity'), ('Sodium retention', 'Blood pressure'), ('Short sleep duration', 'Pro-inflammatory cytokines'), ('Medications', 'Obesity'), ('Balance', 'Ability to engage in physical activity'), ('Short sleep duration', 'Cortisol'), ('Airway resistance', 'Asthma'), ('Short sleep duration', 'Blood pressure'), ('Fatty acids in the artery walls', 'Atherosclerosis'), ('Dyslipidemia', 'Insulin resistance'), ('Blood glucose level', 'Fatty acids in the artery walls'), ('Respiratory diseases', 'Ability to engage in physical activity'), ('Blood saturated fatty acid level', 'Secretion of inflammatory molecules by adipose cells'), ('Dysfunctional adipose tissue', 'Inflammation'), ('Coordination', 'Ability to engage in physical activity'), ('Obesity', 'Short sleep duration'), ('Inflammation', 'Asthma'), ('Coronary heart diseases', 'Dyspnea'), ('Tiredness', 'Ability to engage in physical activity'), ('Short sleep duration', 'Heart rate'), ('Blood fatty acid level', 'Blood glucose level'), ('Pro-inflammatory cytokines', 'Inflammation'), ('Respiratory muscle fatigue', 'Dyspnea'), ('Heart rate', 'Coronary heart diseases'), ('Medications', 'Coordination'), ('Beta blockers', 'Ability to engage in physical activity'), ('Sodium intake', 'Blood pressure'), ('Airway resistance', 'Asthma-like symptoms'), ('Medications', 'Concentration'), ('Cells intake of fatty acids', 'Adipose storage of fatty acids'), ('Physical pain', 'Ability to engage in physical activity'), ('Concentration', 'Ability to engage in physical activity'), ('Obesity', 'Release of adipokines'), ('Blood glucose level', 'Sodium retention'), ('Stimulants', 'Short sleep duration'), ('Obesity', 'Dysfunctional adipose tissue'), ('Medications', 'Tiredness'), ('Inflammation', 'Insulin resistance'), ('Inflammation', 'Auto-inflammatory diseases'), ('Blood fatty acid level', 'Adipose storage of fatty acids'), ('Dysfunctional adipose tissue', 'Blood pressure'), ('Dysfunctional adipose tissue', 'Dyslipidemia'), ('Obesity', 'Unhealthy weight control practices'), ('Obesity', 'Asthma-like symptoms'), ('Dyslipidemia', 'Atherosclerosis')]","[('Prevalence of walking trails', 'Quality of the sport infrastructure'), ('Medications', 'Balance'), ('Culture of eating that promotes healthy choices', 'Physical well-being'), ('Secretion of inflammatory molecules by adipose cells', 'Insulin resistance'), ('Presence of a vibrant community', 'Control'), ('Obesity', 'Weight bias'), ('Healthy eating', 'Blood mono-unsaturated fatty acid level'), ('Exercise', 'Heart rate'), ('Available time', 'Recreational physical activity'), ('Chronic conditions', 'Depression'), ('Exercise', 'Insulin resistance'), ('Weight bias', 'Socio-economic status'), ('Mental well-being', 'Physical well-being'), ('Obesity', 'Obstructive sleep apnea'), ('Eating disorders', 'Healthy eating'), ('Consumer demand for regulations', 'Marketing of healthy foods'), ('Dyslipidemia', 'Blood pressure'), ('Obesity', 'Gastro-esophageal reflux disease'), ('Perceived environmental safety', 'Mental well-being'), ('Late night TV watching', 'Short sleep duration'), ('Auto-inflammatory diseases', 'Inflammation'), ('Depression', 'Healthy eating'), ('Socio-economic status', 'Stress'), ('Exercise', 'Blood glucose level'), ('Public support and demand for healthy products', 'Marketing of healthy foods'), ('Unhealthy foods are cheaper than healthy ones', 'Supportive food environment'), ('Control', 'Mental well-being'), ('Atherosclerosis', 'Coronary heart diseases'), ('Socio-economic status', 'Physical well-being'), ('Ability to engage in physical activity', 'Physical activity'), ('Public health messaging around thinness', 'Weight bias'), ('Public support and demand for healthy products', 'Availability of healthy foods'), ('Release of adipokines', 'Atherosclerosis'), ('Consumer demand for regulations', 'Marketing of unhealthy foods'), ('Resilience', 'Mental well-being'), ('Blood mono-unsaturated fatty acid level', 'Secretion of inflammatory molecules by adipose cells'), ('Medical perspective that thin is good', 'Public health messaging around thinness'), ('Mental well-being', 'Medications'), ('Sexual difficulties', 'Mental well-being'), ('Insulin resistance', 'Fatty acids in the artery walls'), ('Insulin resistance', 'Cells intake of fatty acids'), ('Sidewalk prevalence and maintenance', 'Utilitarian physical activity '), ('Adipose storage of fatty acids', 'Inflammation'), ('Socio-economic status', 'Exercise'), ('Thoracic and abdominal obesity', 'Airway resistance'), ('Healthy eating', 'Short sleep duration'), ('Perceived environmental safety', 'Physical well-being'), ('Weight bias', 'Depression'), ('Emotional eating', 'Mental well-being'), ('Late night TV watching', 'Healthy eating'), ('Control', 'Stress'), ('Aesthetics', 'Physical well-being'), ('Economic incentives to produce unhealthy food products', 'Cost of unhealthy foods'), ('Supportive food environment', 'Healthy eating'), ('Appetite', 'Physical well-being'), ('Thoracic and abdominal obesity', 'Respiratory muscle fatigue'), ('Cardiovascular diseases', 'Fear of engaging in physical activity'), ('Socio-economic status', 'Mental well-being'), ('Unhealthy weight control practices', 'Obesity'), ('Exercise', 'Blood pressure'), ('Sodium retention', 'Blood pressure'), ('Short sleep duration', 'Pro-inflammatory cytokines'), ('Medications', 'Obesity'), ('Short sleep duration', 'Appetite'), ('Balance', 'Ability to engage in physical activity'), ('Short sleep duration', 'Cortisol'), ('Airway resistance', 'Asthma'), ('Short sleep duration', 'Blood pressure'), ('Medical perspective that thin is good', 'Cultural norms around thinness'), ('Healthy eating', 'Blood glucose level'), ('Mental well-being', 'Anticonvulsants'), ('Fatty acids in the artery walls', 'Atherosclerosis'), ('Dyslipidemia', 'Insulin resistance'), ('Blood glucose level', 'Fatty acids in the artery walls'), ('Respiratory diseases', 'Ability to engage in physical activity'), ('Blood saturated fatty acid level', 'Secretion of inflammatory molecules by adipose cells'), ('Dysfunctional adipose tissue', 'Inflammation'), ('Weight bias', 'Mental well-being'), ('Coordination', 'Ability to engage in physical activity'), ('Cultural norms around thinness', 'Cultural norms around thinness'), ('Cultural norms around thinness', 'Poor body image'), ('Obesity', 'Short sleep duration'), ('Inflammation', 'Asthma'), ('Healthy eating', 'Sodium intake'), ('Cultural norms around thinness', 'Eating disorders'), ('Poor body image', 'Sexual difficulties'), ('Fear of engaging in physical activity', 'Physical activity'), ('Short sleep duration', 'Healthy eating'), ('Coronary heart diseases', 'Dyspnea'), ('Stress', 'Inflammation'), ('Weight bias', 'Stress'), ('Unhealthy weight control practices', 'Eating disorders'), ('Tiredness', 'Ability to engage in physical activity'), ('Short sleep duration', 'Heart rate'), ('Prevalence of bike trails', 'Quality of the sport infrastructure'), ('Exercise', 'Blood fatty acid level'), ('Mental well-being', 'Emotional eating'), ('Poor body image', 'Poor body image'), ('Blood fatty acid level', 'Blood glucose level'), ('Cardiovascular diseases', 'Depression'), ('Pro-inflammatory cytokines', 'Inflammation'), ('Prevalence of green fields', 'Quality of the sport infrastructure'), ('Mental well-being', 'Antipsychotics'), ('Socio-economic status', 'Control'), ('Weight bias', 'Poor body image'), ('Positive experience of sports', 'Recreational physical activity'), ('Public support and demand for healthy products', 'Cost of healthy foods'), ('Socio-economic status', 'Availability of healthy foods'), ('Cardiovascular diseases', 'Physical well-being'), ('Respiratory muscle fatigue', 'Dyspnea'), ('Heart rate', 'Coronary heart diseases'), ('Pressure to be thin', 'Poor body image'), ('Medications', 'Coordination'), ('Beta blockers', 'Ability to engage in physical activity'), ('Antipsychotics', 'Appetite'), ('Sodium intake', 'Blood pressure'), ('Pressure to be thin', 'Unhealthy weight control practices'), ('Airway resistance', 'Asthma-like symptoms'), ('Depression', 'Stress'), ('Medications', 'Concentration'), ('Public support and demand for healthy products', 'Marketing of unhealthy foods'), ('Poor body image', 'Eating disorders'), ('Emotional eating', 'Healthy eating'), ('Obesity', 'Access to health professionals'), ('Obesity', 'Mental well-being'), ('Unhealthy foods are more available than healthy ones', 'Supportive food environment'), ('Healthy eating', 'Blood saturated fatty acid level'), ('Presence of a vibrant community', 'Resilience'), ('Cells intake of fatty acids', 'Adipose storage of fatty acids'), ('Physical activity', 'Physical well-being'), ('Appetite', 'Healthy eating'), ('Aesthetics', 'Stress'), ('Chronic conditions', 'Mental well-being'), ('Weight bias', 'Positive experience of sports'), ('Healthy eating', 'Dyslipidemia'), ('Quality of the sport infrastructure', 'Recreational physical activity'), ('Physical pain', 'Ability to engage in physical activity'), ('Prevalence of green fields', 'Aesthetics'), ('Concentration', 'Ability to engage in physical activity'), ('Aesthetics', 'Mental well-being'), ('Poor body image', 'Depression'), ('Chronic conditions', 'Physical well-being'), ('Obesity', 'Release of adipokines'), ('Blood glucose level', 'Sodium retention'), ('Restrictive covenants', 'Availability of healthy foods'), ('Musculoskeletal pain', 'Mental well-being'), ('Weight bias', 'Unhealthy weight control practices'), ('Physical activity', 'Mental well-being'), ('Access to health professionals', 'Ability to engage in physical activity'), ('Stimulants', 'Short sleep duration'), ('Culture of eating that promotes healthy choices', 'Healthy eating'), ('Culture of eating that promotes healthy choices', 'Mental well-being'), ('Weight bias', 'Exercise'), ('Obesity', 'Dysfunctional adipose tissue'), ('Medications', 'Tiredness'), ('Inflammation', 'Insulin resistance'), ('Anticonvulsants', 'Appetite'), ('Inflammation', 'Auto-inflammatory diseases'), ('Accessibility to shops', 'Utilitarian physical activity '), ('Blood fatty acid level', 'Adipose storage of fatty acids'), ('Perceived environmental safety', 'Physical activity'), ('Short sleep duration', 'Physical well-being'), ('Cultural norms around thinness', 'Pressure to be thin'), ('Weight bias', 'Access to health professionals'), ('Public health messaging around thinness', 'Pressure to be thin'), ('Dysfunctional adipose tissue', 'Blood pressure'), ('Dysfunctional adipose tissue', 'Dyslipidemia'), ('Aesthetics', 'Utilitarian physical activity '), ('Obesity', 'Unhealthy weight control practices'), ('Obesity', 'Asthma-like symptoms'), ('Marketing ratio of unhealthy to healthy foods', 'Supportive food environment'), ('Dyslipidemia', 'Atherosclerosis'), ('Physical well-being', 'Mental well-being'), ('Public support and demand for healthy products', 'Cost of unhealthy foods'), ('Musculoskeletal pain', 'Physical well-being'), ('Coronary heart diseases', 'Exercise')]"
4,"[('Weight bias', 'Dysfunctional adipose tissue'), ('Culture of eating that promotes healthy choices', 'Adipose storage of fatty acids'), ('Mental well-being', 'Tiredness'), ('Resilience', 'Ability to engage in physical activity'), ('Control', 'Blood pressure'), ('Pressure to be thin', 'Stimulants'), ('Stress', 'Cortisol'), ('Poor body image', 'Unhealthy weight control practices'), ('Public health messaging around thinness', 'Obesity'), ('Physical well-being', 'Physical pain'), ('Depression', 'Inflammation'), ('Socio-economic status', 'Sodium intake')]",1,-1,-1,1,1,"[('Culture of eating that promotes healthy choices', 'Physical well-being'), ('Weight bias', 'Socio-economic status'), ('Mental well-being', 'Physical well-being'), ('Socio-economic status', 'Stress'), ('Control', 'Mental well-being'), ('Socio-economic status', 'Physical well-being'), ('Public health messaging around thinness', 'Weight bias'), ('Resilience', 'Mental well-being'), ('Medical perspective that thin is good', 'Public health messaging around thinness'), ('Weight bias', 'Depression'), ('Control', 'Stress'), ('Socio-economic status', 'Mental well-being'), ('Medical perspective that thin is good', 'Cultural norms around thinness'), ('Weight bias', 'Mental well-being'), ('Cultural norms around thinness', 'Cultural norms around thinness'), ('Cultural norms around thinness', 'Poor body image'), ('Weight bias', 'Stress'), ('Poor body image', 'Poor body image'), ('Socio-economic status', 'Control'), ('Weight bias', 'Poor body image'), ('Pressure to be thin', 'Poor body image'), ('Depression', 'Stress'), ('Poor body image', 'Depression'), ('Culture of eating that promotes healthy choices', 'Mental well-being'), ('Cultural norms around thinness', 'Pressure to be thin'), ('Public health messaging around thinness', 'Pressure to be thin'), ('Physical well-being', 'Mental well-being')]","[('Medications', 'Balance'), ('Secretion of inflammatory molecules by adipose cells', 'Insulin resistance'), ('Obesity', 'Obstructive sleep apnea'), ('Dyslipidemia', 'Blood pressure'), ('Obesity', 'Gastro-esophageal reflux disease'), ('Auto-inflammatory diseases', 'Inflammation'), ('Atherosclerosis', 'Coronary heart diseases'), ('Release of adipokines', 'Atherosclerosis'), ('Blood mono-unsaturated fatty acid level', 'Secretion of inflammatory molecules by adipose cells'), ('Insulin resistance', 'Fatty acids in the artery walls'), ('Insulin resistance', 'Cells intake of fatty acids'), ('Adipose storage of fatty acids', 'Inflammation'), ('Thoracic and abdominal obesity', 'Airway resistance'), ('Thoracic and abdominal obesity', 'Respiratory muscle fatigue'), ('Unhealthy weight control practices', 'Obesity'), ('Sodium retention', 'Blood pressure'), ('Short sleep duration', 'Pro-inflammatory cytokines'), ('Medications', 'Obesity'), ('Balance', 'Ability to engage in physical activity'), ('Short sleep duration', 'Cortisol'), ('Airway resistance', 'Asthma'), ('Short sleep duration', 'Blood pressure'), ('Fatty acids in the artery walls', 'Atherosclerosis'), ('Dyslipidemia', 'Insulin resistance'), ('Blood glucose level', 'Fatty acids in the artery walls'), ('Respiratory diseases', 'Ability to engage in physical activity'), ('Blood saturated fatty acid level', 'Secretion of inflammatory molecules by adipose cells'), ('Dysfunctional adipose tissue', 'Inflammation'), ('Coordination', 'Ability to engage in physical activity'), ('Obesity', 'Short sleep duration'), ('Inflammation', 'Asthma'), ('Coronary heart diseases', 'Dyspnea'), ('Tiredness', 'Ability to engage in physical activity'), ('Short sleep duration', 'Heart rate'), ('Blood fatty acid level', 'Blood glucose level'), ('Pro-inflammatory cytokines', 'Inflammation'), ('Respiratory muscle fatigue', 'Dyspnea'), ('Heart rate', 'Coronary heart diseases'), ('Medications', 'Coordination'), ('Beta blockers', 'Ability to engage in physical activity'), ('Sodium intake', 'Blood pressure'), ('Airway resistance', 'Asthma-like symptoms'), ('Medications', 'Concentration'), ('Cells intake of fatty acids', 'Adipose storage of fatty acids'), ('Physical pain', 'Ability to engage in physical activity'), ('Concentration', 'Ability to engage in physical activity'), ('Obesity', 'Release of adipokines'), ('Blood glucose level', 'Sodium retention'), ('Stimulants', 'Short sleep duration'), ('Obesity', 'Dysfunctional adipose tissue'), ('Medications', 'Tiredness'), ('Inflammation', 'Insulin resistance'), ('Inflammation', 'Auto-inflammatory diseases'), ('Blood fatty acid level', 'Adipose storage of fatty acids'), ('Dysfunctional adipose tissue', 'Blood pressure'), ('Dysfunctional adipose tissue', 'Dyslipidemia'), ('Obesity', 'Unhealthy weight control practices'), ('Obesity', 'Asthma-like symptoms'), ('Dyslipidemia', 'Atherosclerosis')]","[('Prevalence of walking trails', 'Quality of the sport infrastructure'), ('Medications', 'Balance'), ('Culture of eating that promotes healthy choices', 'Physical well-being'), ('Secretion of inflammatory molecules by adipose cells', 'Insulin resistance'), ('Presence of a vibrant community', 'Control'), ('Obesity', 'Weight bias'), ('Healthy eating', 'Blood mono-unsaturated fatty acid level'), ('Exercise', 'Heart rate'), ('Available time', 'Recreational physical activity'), ('Chronic conditions', 'Depression'), ('Exercise', 'Insulin resistance'), ('Weight bias', 'Socio-economic status'), ('Mental well-being', 'Physical well-being'), ('Obesity', 'Obstructive sleep apnea'), ('Eating disorders', 'Healthy eating'), ('Consumer demand for regulations', 'Marketing of healthy foods'), ('Dyslipidemia', 'Blood pressure'), ('Obesity', 'Gastro-esophageal reflux disease'), ('Perceived environmental safety', 'Mental well-being'), ('Late night TV watching', 'Short sleep duration'), ('Auto-inflammatory diseases', 'Inflammation'), ('Depression', 'Healthy eating'), ('Socio-economic status', 'Stress'), ('Exercise', 'Blood glucose level'), ('Public support and demand for healthy products', 'Marketing of healthy foods'), ('Unhealthy foods are cheaper than healthy ones', 'Supportive food environment'), ('Control', 'Mental well-being'), ('Atherosclerosis', 'Coronary heart diseases'), ('Socio-economic status', 'Physical well-being'), ('Ability to engage in physical activity', 'Physical activity'), ('Public health messaging around thinness', 'Weight bias'), ('Public support and demand for healthy products', 'Availability of healthy foods'), ('Release of adipokines', 'Atherosclerosis'), ('Consumer demand for regulations', 'Marketing of unhealthy foods'), ('Resilience', 'Mental well-being'), ('Blood mono-unsaturated fatty acid level', 'Secretion of inflammatory molecules by adipose cells'), ('Medical perspective that thin is good', 'Public health messaging around thinness'), ('Mental well-being', 'Medications'), ('Sexual difficulties', 'Mental well-being'), ('Insulin resistance', 'Fatty acids in the artery walls'), ('Insulin resistance', 'Cells intake of fatty acids'), ('Sidewalk prevalence and maintenance', 'Utilitarian physical activity '), ('Adipose storage of fatty acids', 'Inflammation'), ('Socio-economic status', 'Exercise'), ('Thoracic and abdominal obesity', 'Airway resistance'), ('Healthy eating', 'Short sleep duration'), ('Perceived environmental safety', 'Physical well-being'), ('Weight bias', 'Depression'), ('Emotional eating', 'Mental well-being'), ('Late night TV watching', 'Healthy eating'), ('Control', 'Stress'), ('Aesthetics', 'Physical well-being'), ('Economic incentives to produce unhealthy food products', 'Cost of unhealthy foods'), ('Supportive food environment', 'Healthy eating'), ('Appetite', 'Physical well-being'), ('Thoracic and abdominal obesity', 'Respiratory muscle fatigue'), ('Cardiovascular diseases', 'Fear of engaging in physical activity'), ('Socio-economic status', 'Mental well-being'), ('Unhealthy weight control practices', 'Obesity'), ('Exercise', 'Blood pressure'), ('Sodium retention', 'Blood pressure'), ('Short sleep duration', 'Pro-inflammatory cytokines'), ('Medications', 'Obesity'), ('Short sleep duration', 'Appetite'), ('Balance', 'Ability to engage in physical activity'), ('Short sleep duration', 'Cortisol'), ('Airway resistance', 'Asthma'), ('Short sleep duration', 'Blood pressure'), ('Medical perspective that thin is good', 'Cultural norms around thinness'), ('Healthy eating', 'Blood glucose level'), ('Mental well-being', 'Anticonvulsants'), ('Fatty acids in the artery walls', 'Atherosclerosis'), ('Dyslipidemia', 'Insulin resistance'), ('Blood glucose level', 'Fatty acids in the artery walls'), ('Respiratory diseases', 'Ability to engage in physical activity'), ('Blood saturated fatty acid level', 'Secretion of inflammatory molecules by adipose cells'), ('Dysfunctional adipose tissue', 'Inflammation'), ('Weight bias', 'Mental well-being'), ('Coordination', 'Ability to engage in physical activity'), ('Cultural norms around thinness', 'Cultural norms around thinness'), ('Cultural norms around thinness', 'Poor body image'), ('Obesity', 'Short sleep duration'), ('Inflammation', 'Asthma'), ('Healthy eating', 'Sodium intake'), ('Cultural norms around thinness', 'Eating disorders'), ('Poor body image', 'Sexual difficulties'), ('Fear of engaging in physical activity', 'Physical activity'), ('Short sleep duration', 'Healthy eating'), ('Coronary heart diseases', 'Dyspnea'), ('Stress', 'Inflammation'), ('Weight bias', 'Stress'), ('Unhealthy weight control practices', 'Eating disorders'), ('Tiredness', 'Ability to engage in physical activity'), ('Short sleep duration', 'Heart rate'), ('Prevalence of bike trails', 'Quality of the sport infrastructure'), ('Exercise', 'Blood fatty acid level'), ('Mental well-being', 'Emotional eating'), ('Poor body image', 'Poor body image'), ('Blood fatty acid level', 'Blood glucose level'), ('Cardiovascular diseases', 'Depression'), ('Pro-inflammatory cytokines', 'Inflammation'), ('Prevalence of green fields', 'Quality of the sport infrastructure'), ('Mental well-being', 'Antipsychotics'), ('Socio-economic status', 'Control'), ('Weight bias', 'Poor body image'), ('Positive experience of sports', 'Recreational physical activity'), ('Public support and demand for healthy products', 'Cost of healthy foods'), ('Socio-economic status', 'Availability of healthy foods'), ('Cardiovascular diseases', 'Physical well-being'), ('Respiratory muscle fatigue', 'Dyspnea'), ('Heart rate', 'Coronary heart diseases'), ('Pressure to be thin', 'Poor body image'), ('Medications', 'Coordination'), ('Beta blockers', 'Ability to engage in physical activity'), ('Antipsychotics', 'Appetite'), ('Sodium intake', 'Blood pressure'), ('Pressure to be thin', 'Unhealthy weight control practices'), ('Airway resistance', 'Asthma-like symptoms'), ('Depression', 'Stress'), ('Medications', 'Concentration'), ('Public support and demand for healthy products', 'Marketing of unhealthy foods'), ('Poor body image', 'Eating disorders'), ('Emotional eating', 'Healthy eating'), ('Obesity', 'Access to health professionals'), ('Obesity', 'Mental well-being'), ('Unhealthy foods are more available than healthy ones', 'Supportive food environment'), ('Healthy eating', 'Blood saturated fatty acid level'), ('Presence of a vibrant community', 'Resilience'), ('Cells intake of fatty acids', 'Adipose storage of fatty acids'), ('Physical activity', 'Physical well-being'), ('Appetite', 'Healthy eating'), ('Aesthetics', 'Stress'), ('Chronic conditions', 'Mental well-being'), ('Weight bias', 'Positive experience of sports'), ('Healthy eating', 'Dyslipidemia'), ('Quality of the sport infrastructure', 'Recreational physical activity'), ('Physical pain', 'Ability to engage in physical activity'), ('Prevalence of green fields', 'Aesthetics'), ('Concentration', 'Ability to engage in physical activity'), ('Aesthetics', 'Mental well-being'), ('Poor body image', 'Depression'), ('Chronic conditions', 'Physical well-being'), ('Obesity', 'Release of adipokines'), ('Blood glucose level', 'Sodium retention'), ('Restrictive covenants', 'Availability of healthy foods'), ('Musculoskeletal pain', 'Mental well-being'), ('Weight bias', 'Unhealthy weight control practices'), ('Physical activity', 'Mental well-being'), ('Access to health professionals', 'Ability to engage in physical activity'), ('Stimulants', 'Short sleep duration'), ('Culture of eating that promotes healthy choices', 'Healthy eating'), ('Culture of eating that promotes healthy choices', 'Mental well-being'), ('Weight bias', 'Exercise'), ('Obesity', 'Dysfunctional adipose tissue'), ('Medications', 'Tiredness'), ('Inflammation', 'Insulin resistance'), ('Anticonvulsants', 'Appetite'), ('Inflammation', 'Auto-inflammatory diseases'), ('Accessibility to shops', 'Utilitarian physical activity '), ('Blood fatty acid level', 'Adipose storage of fatty acids'), ('Perceived environmental safety', 'Physical activity'), ('Short sleep duration', 'Physical well-being'), ('Cultural norms around thinness', 'Pressure to be thin'), ('Weight bias', 'Access to health professionals'), ('Public health messaging around thinness', 'Pressure to be thin'), ('Dysfunctional adipose tissue', 'Blood pressure'), ('Dysfunctional adipose tissue', 'Dyslipidemia'), ('Aesthetics', 'Utilitarian physical activity '), ('Obesity', 'Unhealthy weight control practices'), ('Obesity', 'Asthma-like symptoms'), ('Marketing ratio of unhealthy to healthy foods', 'Supportive food environment'), ('Dyslipidemia', 'Atherosclerosis'), ('Physical well-being', 'Mental well-being'), ('Public support and demand for healthy products', 'Cost of unhealthy foods'), ('Musculoskeletal pain', 'Physical well-being'), ('Coronary heart diseases', 'Exercise')]"
0,"[('Depression', 'Dyslipidemia'), ('Mental well-being', 'Ability to engage in physical activity'), ('Depression', 'Short sleep duration'), ('Stress', 'Inflammation'), ('Mental well-being', 'Heart rate'), ('Stress', 'Cortisol'), ('Poor body image', 'Unhealthy weight control practices'), ('Stress', 'Blood pressure'), ('Physical well-being', 'Ability to engage in physical activity'), ('Depression', 'Pro-inflammatory cytokines'), ('Socio-economic status', 'Sodium intake')]",1,-1,-1,-1,1,"[('Culture of eating that promotes healthy choices', 'Physical well-being'), ('Weight bias', 'Socio-economic status'), ('Mental well-being', 'Physical well-being'), ('Socio-economic status', 'Stress'), ('Control', 'Mental well-being'), ('Socio-economic status', 'Physical well-being'), ('Public health messaging around thinness', 'Weight bias'), ('Resilience', 'Mental well-being'), ('Medical perspective that thin is good', 'Public health messaging around thinness'), ('Weight bias', 'Depression'), ('Control', 'Stress'), ('Socio-economic status', 'Mental well-being'), ('Medical perspective that thin is good', 'Cultural norms around thinness'), ('Weight bias', 'Mental well-being'), ('Cultural norms around thinness', 'Cultural norms around thinness'), ('Cultural norms around thinness', 'Poor body image'), ('Weight bias', 'Stress'), ('Poor body image', 'Poor body image'), ('Socio-economic status', 'Control'), ('Weight bias', 'Poor body image'), ('Pressure to be thin', 'Poor body image'), ('Depression', 'Stress'), ('Poor body image', 'Depression'), ('Culture of eating that promotes healthy choices', 'Mental well-being'), ('Cultural norms around thinness', 'Pressure to be thin'), ('Public health messaging around thinness', 'Pressure to be thin'), ('Physical well-being', 'Mental well-being')]","[('Medications', 'Balance'), ('Secretion of inflammatory molecules by adipose cells', 'Insulin resistance'), ('Obesity', 'Obstructive sleep apnea'), ('Dyslipidemia', 'Blood pressure'), ('Obesity', 'Gastro-esophageal reflux disease'), ('Auto-inflammatory diseases', 'Inflammation'), ('Atherosclerosis', 'Coronary heart diseases'), ('Release of adipokines', 'Atherosclerosis'), ('Blood mono-unsaturated fatty acid level', 'Secretion of inflammatory molecules by adipose cells'), ('Insulin resistance', 'Fatty acids in the artery walls'), ('Insulin resistance', 'Cells intake of fatty acids'), ('Adipose storage of fatty acids', 'Inflammation'), ('Thoracic and abdominal obesity', 'Airway resistance'), ('Thoracic and abdominal obesity', 'Respiratory muscle fatigue'), ('Unhealthy weight control practices', 'Obesity'), ('Sodium retention', 'Blood pressure'), ('Short sleep duration', 'Pro-inflammatory cytokines'), ('Medications', 'Obesity'), ('Balance', 'Ability to engage in physical activity'), ('Short sleep duration', 'Cortisol'), ('Airway resistance', 'Asthma'), ('Short sleep duration', 'Blood pressure'), ('Fatty acids in the artery walls', 'Atherosclerosis'), ('Dyslipidemia', 'Insulin resistance'), ('Blood glucose level', 'Fatty acids in the artery walls'), ('Respiratory diseases', 'Ability to engage in physical activity'), ('Blood saturated fatty acid level', 'Secretion of inflammatory molecules by adipose cells'), ('Dysfunctional adipose tissue', 'Inflammation'), ('Coordination', 'Ability to engage in physical activity'), ('Obesity', 'Short sleep duration'), ('Inflammation', 'Asthma'), ('Coronary heart diseases', 'Dyspnea'), ('Tiredness', 'Ability to engage in physical activity'), ('Short sleep duration', 'Heart rate'), ('Blood fatty acid level', 'Blood glucose level'), ('Pro-inflammatory cytokines', 'Inflammation'), ('Respiratory muscle fatigue', 'Dyspnea'), ('Heart rate', 'Coronary heart diseases'), ('Medications', 'Coordination'), ('Beta blockers', 'Ability to engage in physical activity'), ('Sodium intake', 'Blood pressure'), ('Airway resistance', 'Asthma-like symptoms'), ('Medications', 'Concentration'), ('Cells intake of fatty acids', 'Adipose storage of fatty acids'), ('Physical pain', 'Ability to engage in physical activity'), ('Concentration', 'Ability to engage in physical activity'), ('Obesity', 'Release of adipokines'), ('Blood glucose level', 'Sodium retention'), ('Stimulants', 'Short sleep duration'), ('Obesity', 'Dysfunctional adipose tissue'), ('Medications', 'Tiredness'), ('Inflammation', 'Insulin resistance'), ('Inflammation', 'Auto-inflammatory diseases'), ('Blood fatty acid level', 'Adipose storage of fatty acids'), ('Dysfunctional adipose tissue', 'Blood pressure'), ('Dysfunctional adipose tissue', 'Dyslipidemia'), ('Obesity', 'Unhealthy weight control practices'), ('Obesity', 'Asthma-like symptoms'), ('Dyslipidemia', 'Atherosclerosis')]","[('Prevalence of walking trails', 'Quality of the sport infrastructure'), ('Medications', 'Balance'), ('Culture of eating that promotes healthy choices', 'Physical well-being'), ('Secretion of inflammatory molecules by adipose cells', 'Insulin resistance'), ('Presence of a vibrant community', 'Control'), ('Obesity', 'Weight bias'), ('Healthy eating', 'Blood mono-unsaturated fatty acid level'), ('Exercise', 'Heart rate'), ('Available time', 'Recreational physical activity'), ('Chronic conditions', 'Depression'), ('Exercise', 'Insulin resistance'), ('Weight bias', 'Socio-economic status'), ('Mental well-being', 'Physical well-being'), ('Obesity', 'Obstructive sleep apnea'), ('Eating disorders', 'Healthy eating'), ('Consumer demand for regulations', 'Marketing of healthy foods'), ('Dyslipidemia', 'Blood pressure'), ('Obesity', 'Gastro-esophageal reflux disease'), ('Perceived environmental safety', 'Mental well-being'), ('Late night TV watching', 'Short sleep duration'), ('Auto-inflammatory diseases', 'Inflammation'), ('Depression', 'Healthy eating'), ('Socio-economic status', 'Stress'), ('Exercise', 'Blood glucose level'), ('Public support and demand for healthy products', 'Marketing of healthy foods'), ('Unhealthy foods are cheaper than healthy ones', 'Supportive food environment'), ('Control', 'Mental well-being'), ('Atherosclerosis', 'Coronary heart diseases'), ('Socio-economic status', 'Physical well-being'), ('Ability to engage in physical activity', 'Physical activity'), ('Public health messaging around thinness', 'Weight bias'), ('Public support and demand for healthy products', 'Availability of healthy foods'), ('Release of adipokines', 'Atherosclerosis'), ('Consumer demand for regulations', 'Marketing of unhealthy foods'), ('Resilience', 'Mental well-being'), ('Blood mono-unsaturated fatty acid level', 'Secretion of inflammatory molecules by adipose cells'), ('Medical perspective that thin is good', 'Public health messaging around thinness'), ('Mental well-being', 'Medications'), ('Sexual difficulties', 'Mental well-being'), ('Insulin resistance', 'Fatty acids in the artery walls'), ('Insulin resistance', 'Cells intake of fatty acids'), ('Sidewalk prevalence and maintenance', 'Utilitarian physical activity '), ('Adipose storage of fatty acids', 'Inflammation'), ('Socio-economic status', 'Exercise'), ('Thoracic and abdominal obesity', 'Airway resistance'), ('Healthy eating', 'Short sleep duration'), ('Perceived environmental safety', 'Physical well-being'), ('Weight bias', 'Depression'), ('Emotional eating', 'Mental well-being'), ('Late night TV watching', 'Healthy eating'), ('Control', 'Stress'), ('Aesthetics', 'Physical well-being'), ('Economic incentives to produce unhealthy food products', 'Cost of unhealthy foods'), ('Supportive food environment', 'Healthy eating'), ('Appetite', 'Physical well-being'), ('Thoracic and abdominal obesity', 'Respiratory muscle fatigue'), ('Cardiovascular diseases', 'Fear of engaging in physical activity'), ('Socio-economic status', 'Mental well-being'), ('Unhealthy weight control practices', 'Obesity'), ('Exercise', 'Blood pressure'), ('Sodium retention', 'Blood pressure'), ('Short sleep duration', 'Pro-inflammatory cytokines'), ('Medications', 'Obesity'), ('Short sleep duration', 'Appetite'), ('Balance', 'Ability to engage in physical activity'), ('Short sleep duration', 'Cortisol'), ('Airway resistance', 'Asthma'), ('Short sleep duration', 'Blood pressure'), ('Medical perspective that thin is good', 'Cultural norms around thinness'), ('Healthy eating', 'Blood glucose level'), ('Mental well-being', 'Anticonvulsants'), ('Fatty acids in the artery walls', 'Atherosclerosis'), ('Dyslipidemia', 'Insulin resistance'), ('Blood glucose level', 'Fatty acids in the artery walls'), ('Respiratory diseases', 'Ability to engage in physical activity'), ('Blood saturated fatty acid level', 'Secretion of inflammatory molecules by adipose cells'), ('Dysfunctional adipose tissue', 'Inflammation'), ('Weight bias', 'Mental well-being'), ('Coordination', 'Ability to engage in physical activity'), ('Cultural norms around thinness', 'Cultural norms around thinness'), ('Cultural norms around thinness', 'Poor body image'), ('Obesity', 'Short sleep duration'), ('Inflammation', 'Asthma'), ('Healthy eating', 'Sodium intake'), ('Cultural norms around thinness', 'Eating disorders'), ('Poor body image', 'Sexual difficulties'), ('Fear of engaging in physical activity', 'Physical activity'), ('Short sleep duration', 'Healthy eating'), ('Coronary heart diseases', 'Dyspnea'), ('Stress', 'Inflammation'), ('Weight bias', 'Stress'), ('Unhealthy weight control practices', 'Eating disorders'), ('Tiredness', 'Ability to engage in physical activity'), ('Short sleep duration', 'Heart rate'), ('Prevalence of bike trails', 'Quality of the sport infrastructure'), ('Exercise', 'Blood fatty acid level'), ('Mental well-being', 'Emotional eating'), ('Poor body image', 'Poor body image'), ('Blood fatty acid level', 'Blood glucose level'), ('Cardiovascular diseases', 'Depression'), ('Pro-inflammatory cytokines', 'Inflammation'), ('Prevalence of green fields', 'Quality of the sport infrastructure'), ('Mental well-being', 'Antipsychotics'), ('Socio-economic status', 'Control'), ('Weight bias', 'Poor body image'), ('Positive experience of sports', 'Recreational physical activity'), ('Public support and demand for healthy products', 'Cost of healthy foods'), ('Socio-economic status', 'Availability of healthy foods'), ('Cardiovascular diseases', 'Physical well-being'), ('Respiratory muscle fatigue', 'Dyspnea'), ('Heart rate', 'Coronary heart diseases'), ('Pressure to be thin', 'Poor body image'), ('Medications', 'Coordination'), ('Beta blockers', 'Ability to engage in physical activity'), ('Antipsychotics', 'Appetite'), ('Sodium intake', 'Blood pressure'), ('Pressure to be thin', 'Unhealthy weight control practices'), ('Airway resistance', 'Asthma-like symptoms'), ('Depression', 'Stress'), ('Medications', 'Concentration'), ('Public support and demand for healthy products', 'Marketing of unhealthy foods'), ('Poor body image', 'Eating disorders'), ('Emotional eating', 'Healthy eating'), ('Obesity', 'Access to health professionals'), ('Obesity', 'Mental well-being'), ('Unhealthy foods are more available than healthy ones', 'Supportive food environment'), ('Healthy eating', 'Blood saturated fatty acid level'), ('Presence of a vibrant community', 'Resilience'), ('Cells intake of fatty acids', 'Adipose storage of fatty acids'), ('Physical activity', 'Physical well-being'), ('Appetite', 'Healthy eating'), ('Aesthetics', 'Stress'), ('Chronic conditions', 'Mental well-being'), ('Weight bias', 'Positive experience of sports'), ('Healthy eating', 'Dyslipidemia'), ('Quality of the sport infrastructure', 'Recreational physical activity'), ('Physical pain', 'Ability to engage in physical activity'), ('Prevalence of green fields', 'Aesthetics'), ('Concentration', 'Ability to engage in physical activity'), ('Aesthetics', 'Mental well-being'), ('Poor body image', 'Depression'), ('Chronic conditions', 'Physical well-being'), ('Obesity', 'Release of adipokines'), ('Blood glucose level', 'Sodium retention'), ('Restrictive covenants', 'Availability of healthy foods'), ('Musculoskeletal pain', 'Mental well-being'), ('Weight bias', 'Unhealthy weight control practices'), ('Physical activity', 'Mental well-being'), ('Access to health professionals', 'Ability to engage in physical activity'), ('Stimulants', 'Short sleep duration'), ('Culture of eating that promotes healthy choices', 'Healthy eating'), ('Culture of eating that promotes healthy choices', 'Mental well-being'), ('Weight bias', 'Exercise'), ('Obesity', 'Dysfunctional adipose tissue'), ('Medications', 'Tiredness'), ('Inflammation', 'Insulin resistance'), ('Anticonvulsants', 'Appetite'), ('Inflammation', 'Auto-inflammatory diseases'), ('Accessibility to shops', 'Utilitarian physical activity '), ('Blood fatty acid level', 'Adipose storage of fatty acids'), ('Perceived environmental safety', 'Physical activity'), ('Short sleep duration', 'Physical well-being'), ('Cultural norms around thinness', 'Pressure to be thin'), ('Weight bias', 'Access to health professionals'), ('Public health messaging around thinness', 'Pressure to be thin'), ('Dysfunctional adipose tissue', 'Blood pressure'), ('Dysfunctional adipose tissue', 'Dyslipidemia'), ('Aesthetics', 'Utilitarian physical activity '), ('Obesity', 'Unhealthy weight control practices'), ('Obesity', 'Asthma-like symptoms'), ('Marketing ratio of unhealthy to healthy foods', 'Supportive food environment'), ('Dyslipidemia', 'Atherosclerosis'), ('Physical well-being', 'Mental well-being'), ('Public support and demand for healthy products', 'Cost of unhealthy foods'), ('Musculoskeletal pain', 'Physical well-being'), ('Coronary heart diseases', 'Exercise')]"
1,"[('Depression', 'Dyslipidemia'), ('Mental well-being', 'Ability to engage in physical activity'), ('Depression', 'Short sleep duration'), ('Stress', 'Inflammation'), ('Mental well-being', 'Heart rate'), ('Stress', 'Cortisol'), ('Poor body image', 'Unhealthy weight control practices'), ('Stress', 'Blood pressure'), ('Physical well-being', 'Ability to engage in physical activity'), ('Depression', 'Pro-inflammatory cytokines'), ('Socio-economic status', 'Sodium intake')]",1,-1,-1,-1,1,"[('Culture of eating that promotes healthy choices', 'Physical well-being'), ('Weight bias', 'Socio-economic status'), ('Mental well-being', 'Physical well-being'), ('Socio-economic status', 'Stress'), ('Control', 'Mental well-being'), ('Socio-economic status', 'Physical well-being'), ('Public health messaging around thinness', 'Weight bias'), ('Resilience', 'Mental well-being'), ('Medical perspective that thin is good', 'Public health messaging around thinness'), ('Weight bias', 'Depression'), ('Control', 'Stress'), ('Socio-economic status', 'Mental well-being'), ('Medical perspective that thin is good', 'Cultural norms around thinness'), ('Weight bias', 'Mental well-being'), ('Cultural norms around thinness', 'Cultural norms around thinness'), ('Cultural norms around thinness', 'Poor body image'), ('Weight bias', 'Stress'), ('Poor body image', 'Poor body image'), ('Socio-economic status', 'Control'), ('Weight bias', 'Poor body image'), ('Pressure to be thin', 'Poor body image'), ('Depression', 'Stress'), ('Poor body image', 'Depression'), ('Culture of eating that promotes healthy choices', 'Mental well-being'), ('Cultural norms around thinness', 'Pressure to be thin'), ('Public health messaging around thinness', 'Pressure to be thin'), ('Physical well-being', 'Mental well-being')]","[('Medications', 'Balance'), ('Secretion of inflammatory molecules by adipose cells', 'Insulin resistance'), ('Obesity', 'Obstructive sleep apnea'), ('Dyslipidemia', 'Blood pressure'), ('Obesity', 'Gastro-esophageal reflux disease'), ('Auto-inflammatory diseases', 'Inflammation'), ('Atherosclerosis', 'Coronary heart diseases'), ('Release of adipokines', 'Atherosclerosis'), ('Blood mono-unsaturated fatty acid level', 'Secretion of inflammatory molecules by adipose cells'), ('Insulin resistance', 'Fatty acids in the artery walls'), ('Insulin resistance', 'Cells intake of fatty acids'), ('Adipose storage of fatty acids', 'Inflammation'), ('Thoracic and abdominal obesity', 'Airway resistance'), ('Thoracic and abdominal obesity', 'Respiratory muscle fatigue'), ('Unhealthy weight control practices', 'Obesity'), ('Sodium retention', 'Blood pressure'), ('Short sleep duration', 'Pro-inflammatory cytokines'), ('Medications', 'Obesity'), ('Balance', 'Ability to engage in physical activity'), ('Short sleep duration', 'Cortisol'), ('Airway resistance', 'Asthma'), ('Short sleep duration', 'Blood pressure'), ('Fatty acids in the artery walls', 'Atherosclerosis'), ('Dyslipidemia', 'Insulin resistance'), ('Blood glucose level', 'Fatty acids in the artery walls'), ('Respiratory diseases', 'Ability to engage in physical activity'), ('Blood saturated fatty acid level', 'Secretion of inflammatory molecules by adipose cells'), ('Dysfunctional adipose tissue', 'Inflammation'), ('Coordination', 'Ability to engage in physical activity'), ('Obesity', 'Short sleep duration'), ('Inflammation', 'Asthma'), ('Coronary heart diseases', 'Dyspnea'), ('Tiredness', 'Ability to engage in physical activity'), ('Short sleep duration', 'Heart rate'), ('Blood fatty acid level', 'Blood glucose level'), ('Pro-inflammatory cytokines', 'Inflammation'), ('Respiratory muscle fatigue', 'Dyspnea'), ('Heart rate', 'Coronary heart diseases'), ('Medications', 'Coordination'), ('Beta blockers', 'Ability to engage in physical activity'), ('Sodium intake', 'Blood pressure'), ('Airway resistance', 'Asthma-like symptoms'), ('Medications', 'Concentration'), ('Cells intake of fatty acids', 'Adipose storage of fatty acids'), ('Physical pain', 'Ability to engage in physical activity'), ('Concentration', 'Ability to engage in physical activity'), ('Obesity', 'Release of adipokines'), ('Blood glucose level', 'Sodium retention'), ('Stimulants', 'Short sleep duration'), ('Obesity', 'Dysfunctional adipose tissue'), ('Medications', 'Tiredness'), ('Inflammation', 'Insulin resistance'), ('Inflammation', 'Auto-inflammatory diseases'), ('Blood fatty acid level', 'Adipose storage of fatty acids'), ('Dysfunctional adipose tissue', 'Blood pressure'), ('Dysfunctional adipose tissue', 'Dyslipidemia'), ('Obesity', 'Unhealthy weight control practices'), ('Obesity', 'Asthma-like symptoms'), ('Dyslipidemia', 'Atherosclerosis')]","[('Prevalence of walking trails', 'Quality of the sport infrastructure'), ('Medications', 'Balance'), ('Culture of eating that promotes healthy choices', 'Physical well-being'), ('Secretion of inflammatory molecules by adipose cells', 'Insulin resistance'), ('Presence of a vibrant community', 'Control'), ('Obesity', 'Weight bias'), ('Healthy eating', 'Blood mono-unsaturated fatty acid level'), ('Exercise', 'Heart rate'), ('Available time', 'Recreational physical activity'), ('Chronic conditions', 'Depression'), ('Exercise', 'Insulin resistance'), ('Weight bias', 'Socio-economic status'), ('Mental well-being', 'Physical well-being'), ('Obesity', 'Obstructive sleep apnea'), ('Eating disorders', 'Healthy eating'), ('Consumer demand for regulations', 'Marketing of healthy foods'), ('Dyslipidemia', 'Blood pressure'), ('Obesity', 'Gastro-esophageal reflux disease'), ('Perceived environmental safety', 'Mental well-being'), ('Late night TV watching', 'Short sleep duration'), ('Auto-inflammatory diseases', 'Inflammation'), ('Depression', 'Healthy eating'), ('Socio-economic status', 'Stress'), ('Exercise', 'Blood glucose level'), ('Public support and demand for healthy products', 'Marketing of healthy foods'), ('Unhealthy foods are cheaper than healthy ones', 'Supportive food environment'), ('Control', 'Mental well-being'), ('Atherosclerosis', 'Coronary heart diseases'), ('Socio-economic status', 'Physical well-being'), ('Ability to engage in physical activity', 'Physical activity'), ('Public health messaging around thinness', 'Weight bias'), ('Public support and demand for healthy products', 'Availability of healthy foods'), ('Release of adipokines', 'Atherosclerosis'), ('Consumer demand for regulations', 'Marketing of unhealthy foods'), ('Resilience', 'Mental well-being'), ('Blood mono-unsaturated fatty acid level', 'Secretion of inflammatory molecules by adipose cells'), ('Medical perspective that thin is good', 'Public health messaging around thinness'), ('Mental well-being', 'Medications'), ('Sexual difficulties', 'Mental well-being'), ('Insulin resistance', 'Fatty acids in the artery walls'), ('Insulin resistance', 'Cells intake of fatty acids'), ('Sidewalk prevalence and maintenance', 'Utilitarian physical activity '), ('Adipose storage of fatty acids', 'Inflammation'), ('Socio-economic status', 'Exercise'), ('Thoracic and abdominal obesity', 'Airway resistance'), ('Healthy eating', 'Short sleep duration'), ('Perceived environmental safety', 'Physical well-being'), ('Weight bias', 'Depression'), ('Emotional eating', 'Mental well-being'), ('Late night TV watching', 'Healthy eating'), ('Control', 'Stress'), ('Aesthetics', 'Physical well-being'), ('Economic incentives to produce unhealthy food products', 'Cost of unhealthy foods'), ('Supportive food environment', 'Healthy eating'), ('Appetite', 'Physical well-being'), ('Thoracic and abdominal obesity', 'Respiratory muscle fatigue'), ('Cardiovascular diseases', 'Fear of engaging in physical activity'), ('Socio-economic status', 'Mental well-being'), ('Unhealthy weight control practices', 'Obesity'), ('Exercise', 'Blood pressure'), ('Sodium retention', 'Blood pressure'), ('Short sleep duration', 'Pro-inflammatory cytokines'), ('Medications', 'Obesity'), ('Short sleep duration', 'Appetite'), ('Balance', 'Ability to engage in physical activity'), ('Short sleep duration', 'Cortisol'), ('Airway resistance', 'Asthma'), ('Short sleep duration', 'Blood pressure'), ('Medical perspective that thin is good', 'Cultural norms around thinness'), ('Healthy eating', 'Blood glucose level'), ('Mental well-being', 'Anticonvulsants'), ('Fatty acids in the artery walls', 'Atherosclerosis'), ('Dyslipidemia', 'Insulin resistance'), ('Blood glucose level', 'Fatty acids in the artery walls'), ('Respiratory diseases', 'Ability to engage in physical activity'), ('Blood saturated fatty acid level', 'Secretion of inflammatory molecules by adipose cells'), ('Dysfunctional adipose tissue', 'Inflammation'), ('Weight bias', 'Mental well-being'), ('Coordination', 'Ability to engage in physical activity'), ('Cultural norms around thinness', 'Cultural norms around thinness'), ('Cultural norms around thinness', 'Poor body image'), ('Obesity', 'Short sleep duration'), ('Inflammation', 'Asthma'), ('Healthy eating', 'Sodium intake'), ('Cultural norms around thinness', 'Eating disorders'), ('Poor body image', 'Sexual difficulties'), ('Fear of engaging in physical activity', 'Physical activity'), ('Short sleep duration', 'Healthy eating'), ('Coronary heart diseases', 'Dyspnea'), ('Stress', 'Inflammation'), ('Weight bias', 'Stress'), ('Unhealthy weight control practices', 'Eating disorders'), ('Tiredness', 'Ability to engage in physical activity'), ('Short sleep duration', 'Heart rate'), ('Prevalence of bike trails', 'Quality of the sport infrastructure'), ('Exercise', 'Blood fatty acid level'), ('Mental well-being', 'Emotional eating'), ('Poor body image', 'Poor body image'), ('Blood fatty acid level', 'Blood glucose level'), ('Cardiovascular diseases', 'Depression'), ('Pro-inflammatory cytokines', 'Inflammation'), ('Prevalence of green fields', 'Quality of the sport infrastructure'), ('Mental well-being', 'Antipsychotics'), ('Socio-economic status', 'Control'), ('Weight bias', 'Poor body image'), ('Positive experience of sports', 'Recreational physical activity'), ('Public support and demand for healthy products', 'Cost of healthy foods'), ('Socio-economic status', 'Availability of healthy foods'), ('Cardiovascular diseases', 'Physical well-being'), ('Respiratory muscle fatigue', 'Dyspnea'), ('Heart rate', 'Coronary heart diseases'), ('Pressure to be thin', 'Poor body image'), ('Medications', 'Coordination'), ('Beta blockers', 'Ability to engage in physical activity'), ('Antipsychotics', 'Appetite'), ('Sodium intake', 'Blood pressure'), ('Pressure to be thin', 'Unhealthy weight control practices'), ('Airway resistance', 'Asthma-like symptoms'), ('Depression', 'Stress'), ('Medications', 'Concentration'), ('Public support and demand for healthy products', 'Marketing of unhealthy foods'), ('Poor body image', 'Eating disorders'), ('Emotional eating', 'Healthy eating'), ('Obesity', 'Access to health professionals'), ('Obesity', 'Mental well-being'), ('Unhealthy foods are more available than healthy ones', 'Supportive food environment'), ('Healthy eating', 'Blood saturated fatty acid level'), ('Presence of a vibrant community', 'Resilience'), ('Cells intake of fatty acids', 'Adipose storage of fatty acids'), ('Physical activity', 'Physical well-being'), ('Appetite', 'Healthy eating'), ('Aesthetics', 'Stress'), ('Chronic conditions', 'Mental well-being'), ('Weight bias', 'Positive experience of sports'), ('Healthy eating', 'Dyslipidemia'), ('Quality of the sport infrastructure', 'Recreational physical activity'), ('Physical pain', 'Ability to engage in physical activity'), ('Prevalence of green fields', 'Aesthetics'), ('Concentration', 'Ability to engage in physical activity'), ('Aesthetics', 'Mental well-being'), ('Poor body image', 'Depression'), ('Chronic conditions', 'Physical well-being'), ('Obesity', 'Release of adipokines'), ('Blood glucose level', 'Sodium retention'), ('Restrictive covenants', 'Availability of healthy foods'), ('Musculoskeletal pain', 'Mental well-being'), ('Weight bias', 'Unhealthy weight control practices'), ('Physical activity', 'Mental well-being'), ('Access to health professionals', 'Ability to engage in physical activity'), ('Stimulants', 'Short sleep duration'), ('Culture of eating that promotes healthy choices', 'Healthy eating'), ('Culture of eating that promotes healthy choices', 'Mental well-being'), ('Weight bias', 'Exercise'), ('Obesity', 'Dysfunctional adipose tissue'), ('Medications', 'Tiredness'), ('Inflammation', 'Insulin resistance'), ('Anticonvulsants', 'Appetite'), ('Inflammation', 'Auto-inflammatory diseases'), ('Accessibility to shops', 'Utilitarian physical activity '), ('Blood fatty acid level', 'Adipose storage of fatty acids'), ('Perceived environmental safety', 'Physical activity'), ('Short sleep duration', 'Physical well-being'), ('Cultural norms around thinness', 'Pressure to be thin'), ('Weight bias', 'Access to health professionals'), ('Public health messaging around thinness', 'Pressure to be thin'), ('Dysfunctional adipose tissue', 'Blood pressure'), ('Dysfunctional adipose tissue', 'Dyslipidemia'), ('Aesthetics', 'Utilitarian physical activity '), ('Obesity', 'Unhealthy weight control practices'), ('Obesity', 'Asthma-like symptoms'), ('Marketing ratio of unhealthy to healthy foods', 'Supportive food environment'), ('Dyslipidemia', 'Atherosclerosis'), ('Physical well-being', 'Mental well-being'), ('Public support and demand for healthy products', 'Cost of unhealthy foods'), ('Musculoskeletal pain', 'Physical well-being'), ('Coronary heart diseases', 'Exercise')]"
2,"[('Depression', 'Dyslipidemia'), ('Mental well-being', 'Ability to engage in physical activity'), ('Depression', 'Short sleep duration'), ('Stress', 'Inflammation'), ('Mental well-being', 'Heart rate'), ('Stress', 'Cortisol'), ('Poor body image', 'Unhealthy weight control practices'), ('Stress', 'Blood pressure'), ('Physical well-being', 'Ability to engage in physical activity'), ('Depression', 'Pro-inflammatory cytokines'), ('Socio-economic status', 'Sodium intake')]",1,-1,-1,-1,1,"[('Culture of eating that promotes healthy choices', 'Physical well-being'), ('Weight bias', 'Socio-economic status'), ('Mental well-being', 'Physical well-being'), ('Socio-economic status', 'Stress'), ('Control', 'Mental well-being'), ('Socio-economic status', 'Physical well-being'), ('Public health messaging around thinness', 'Weight bias'), ('Resilience', 'Mental well-being'), ('Medical perspective that thin is good', 'Public health messaging around thinness'), ('Weight bias', 'Depression'), ('Control', 'Stress'), ('Socio-economic status', 'Mental well-being'), ('Medical perspective that thin is good', 'Cultural norms around thinness'), ('Weight bias', 'Mental well-being'), ('Cultural norms around thinness', 'Cultural norms around thinness'), ('Cultural norms around thinness', 'Poor body image'), ('Weight bias', 'Stress'), ('Poor body image', 'Poor body image'), ('Socio-economic status', 'Control'), ('Weight bias', 'Poor body image'), ('Pressure to be thin', 'Poor body image'), ('Depression', 'Stress'), ('Poor body image', 'Depression'), ('Culture of eating that promotes healthy choices', 'Mental well-being'), ('Cultural norms around thinness', 'Pressure to be thin'), ('Public health messaging around thinness', 'Pressure to be thin'), ('Physical well-being', 'Mental well-being')]","[('Medications', 'Balance'), ('Secretion of inflammatory molecules by adipose cells', 'Insulin resistance'), ('Obesity', 'Obstructive sleep apnea'), ('Dyslipidemia', 'Blood pressure'), ('Obesity', 'Gastro-esophageal reflux disease'), ('Auto-inflammatory diseases', 'Inflammation'), ('Atherosclerosis', 'Coronary heart diseases'), ('Release of adipokines', 'Atherosclerosis'), ('Blood mono-unsaturated fatty acid level', 'Secretion of inflammatory molecules by adipose cells'), ('Insulin resistance', 'Fatty acids in the artery walls'), ('Insulin resistance', 'Cells intake of fatty acids'), ('Adipose storage of fatty acids', 'Inflammation'), ('Thoracic and abdominal obesity', 'Airway resistance'), ('Thoracic and abdominal obesity', 'Respiratory muscle fatigue'), ('Unhealthy weight control practices', 'Obesity'), ('Sodium retention', 'Blood pressure'), ('Short sleep duration', 'Pro-inflammatory cytokines'), ('Medications', 'Obesity'), ('Balance', 'Ability to engage in physical activity'), ('Short sleep duration', 'Cortisol'), ('Airway resistance', 'Asthma'), ('Short sleep duration', 'Blood pressure'), ('Fatty acids in the artery walls', 'Atherosclerosis'), ('Dyslipidemia', 'Insulin resistance'), ('Blood glucose level', 'Fatty acids in the artery walls'), ('Respiratory diseases', 'Ability to engage in physical activity'), ('Blood saturated fatty acid level', 'Secretion of inflammatory molecules by adipose cells'), ('Dysfunctional adipose tissue', 'Inflammation'), ('Coordination', 'Ability to engage in physical activity'), ('Obesity', 'Short sleep duration'), ('Inflammation', 'Asthma'), ('Coronary heart diseases', 'Dyspnea'), ('Tiredness', 'Ability to engage in physical activity'), ('Short sleep duration', 'Heart rate'), ('Blood fatty acid level', 'Blood glucose level'), ('Pro-inflammatory cytokines', 'Inflammation'), ('Respiratory muscle fatigue', 'Dyspnea'), ('Heart rate', 'Coronary heart diseases'), ('Medications', 'Coordination'), ('Beta blockers', 'Ability to engage in physical activity'), ('Sodium intake', 'Blood pressure'), ('Airway resistance', 'Asthma-like symptoms'), ('Medications', 'Concentration'), ('Cells intake of fatty acids', 'Adipose storage of fatty acids'), ('Physical pain', 'Ability to engage in physical activity'), ('Concentration', 'Ability to engage in physical activity'), ('Obesity', 'Release of adipokines'), ('Blood glucose level', 'Sodium retention'), ('Stimulants', 'Short sleep duration'), ('Obesity', 'Dysfunctional adipose tissue'), ('Medications', 'Tiredness'), ('Inflammation', 'Insulin resistance'), ('Inflammation', 'Auto-inflammatory diseases'), ('Blood fatty acid level', 'Adipose storage of fatty acids'), ('Dysfunctional adipose tissue', 'Blood pressure'), ('Dysfunctional adipose tissue', 'Dyslipidemia'), ('Obesity', 'Unhealthy weight control practices'), ('Obesity', 'Asthma-like symptoms'), ('Dyslipidemia', 'Atherosclerosis')]","[('Prevalence of walking trails', 'Quality of the sport infrastructure'), ('Medications', 'Balance'), ('Culture of eating that promotes healthy choices', 'Physical well-being'), ('Secretion of inflammatory molecules by adipose cells', 'Insulin resistance'), ('Presence of a vibrant community', 'Control'), ('Obesity', 'Weight bias'), ('Healthy eating', 'Blood mono-unsaturated fatty acid level'), ('Exercise', 'Heart rate'), ('Available time', 'Recreational physical activity'), ('Chronic conditions', 'Depression'), ('Exercise', 'Insulin resistance'), ('Weight bias', 'Socio-economic status'), ('Mental well-being', 'Physical well-being'), ('Obesity', 'Obstructive sleep apnea'), ('Eating disorders', 'Healthy eating'), ('Consumer demand for regulations', 'Marketing of healthy foods'), ('Dyslipidemia', 'Blood pressure'), ('Obesity', 'Gastro-esophageal reflux disease'), ('Perceived environmental safety', 'Mental well-being'), ('Late night TV watching', 'Short sleep duration'), ('Auto-inflammatory diseases', 'Inflammation'), ('Depression', 'Healthy eating'), ('Socio-economic status', 'Stress'), ('Exercise', 'Blood glucose level'), ('Public support and demand for healthy products', 'Marketing of healthy foods'), ('Unhealthy foods are cheaper than healthy ones', 'Supportive food environment'), ('Control', 'Mental well-being'), ('Atherosclerosis', 'Coronary heart diseases'), ('Socio-economic status', 'Physical well-being'), ('Ability to engage in physical activity', 'Physical activity'), ('Public health messaging around thinness', 'Weight bias'), ('Public support and demand for healthy products', 'Availability of healthy foods'), ('Release of adipokines', 'Atherosclerosis'), ('Consumer demand for regulations', 'Marketing of unhealthy foods'), ('Resilience', 'Mental well-being'), ('Blood mono-unsaturated fatty acid level', 'Secretion of inflammatory molecules by adipose cells'), ('Medical perspective that thin is good', 'Public health messaging around thinness'), ('Mental well-being', 'Medications'), ('Sexual difficulties', 'Mental well-being'), ('Insulin resistance', 'Fatty acids in the artery walls'), ('Insulin resistance', 'Cells intake of fatty acids'), ('Sidewalk prevalence and maintenance', 'Utilitarian physical activity '), ('Adipose storage of fatty acids', 'Inflammation'), ('Socio-economic status', 'Exercise'), ('Thoracic and abdominal obesity', 'Airway resistance'), ('Healthy eating', 'Short sleep duration'), ('Perceived environmental safety', 'Physical well-being'), ('Weight bias', 'Depression'), ('Emotional eating', 'Mental well-being'), ('Late night TV watching', 'Healthy eating'), ('Control', 'Stress'), ('Aesthetics', 'Physical well-being'), ('Economic incentives to produce unhealthy food products', 'Cost of unhealthy foods'), ('Supportive food environment', 'Healthy eating'), ('Appetite', 'Physical well-being'), ('Thoracic and abdominal obesity', 'Respiratory muscle fatigue'), ('Cardiovascular diseases', 'Fear of engaging in physical activity'), ('Socio-economic status', 'Mental well-being'), ('Unhealthy weight control practices', 'Obesity'), ('Exercise', 'Blood pressure'), ('Sodium retention', 'Blood pressure'), ('Short sleep duration', 'Pro-inflammatory cytokines'), ('Medications', 'Obesity'), ('Short sleep duration', 'Appetite'), ('Balance', 'Ability to engage in physical activity'), ('Short sleep duration', 'Cortisol'), ('Airway resistance', 'Asthma'), ('Short sleep duration', 'Blood pressure'), ('Medical perspective that thin is good', 'Cultural norms around thinness'), ('Healthy eating', 'Blood glucose level'), ('Mental well-being', 'Anticonvulsants'), ('Fatty acids in the artery walls', 'Atherosclerosis'), ('Dyslipidemia', 'Insulin resistance'), ('Blood glucose level', 'Fatty acids in the artery walls'), ('Respiratory diseases', 'Ability to engage in physical activity'), ('Blood saturated fatty acid level', 'Secretion of inflammatory molecules by adipose cells'), ('Dysfunctional adipose tissue', 'Inflammation'), ('Weight bias', 'Mental well-being'), ('Coordination', 'Ability to engage in physical activity'), ('Cultural norms around thinness', 'Cultural norms around thinness'), ('Cultural norms around thinness', 'Poor body image'), ('Obesity', 'Short sleep duration'), ('Inflammation', 'Asthma'), ('Healthy eating', 'Sodium intake'), ('Cultural norms around thinness', 'Eating disorders'), ('Poor body image', 'Sexual difficulties'), ('Fear of engaging in physical activity', 'Physical activity'), ('Short sleep duration', 'Healthy eating'), ('Coronary heart diseases', 'Dyspnea'), ('Stress', 'Inflammation'), ('Weight bias', 'Stress'), ('Unhealthy weight control practices', 'Eating disorders'), ('Tiredness', 'Ability to engage in physical activity'), ('Short sleep duration', 'Heart rate'), ('Prevalence of bike trails', 'Quality of the sport infrastructure'), ('Exercise', 'Blood fatty acid level'), ('Mental well-being', 'Emotional eating'), ('Poor body image', 'Poor body image'), ('Blood fatty acid level', 'Blood glucose level'), ('Cardiovascular diseases', 'Depression'), ('Pro-inflammatory cytokines', 'Inflammation'), ('Prevalence of green fields', 'Quality of the sport infrastructure'), ('Mental well-being', 'Antipsychotics'), ('Socio-economic status', 'Control'), ('Weight bias', 'Poor body image'), ('Positive experience of sports', 'Recreational physical activity'), ('Public support and demand for healthy products', 'Cost of healthy foods'), ('Socio-economic status', 'Availability of healthy foods'), ('Cardiovascular diseases', 'Physical well-being'), ('Respiratory muscle fatigue', 'Dyspnea'), ('Heart rate', 'Coronary heart diseases'), ('Pressure to be thin', 'Poor body image'), ('Medications', 'Coordination'), ('Beta blockers', 'Ability to engage in physical activity'), ('Antipsychotics', 'Appetite'), ('Sodium intake', 'Blood pressure'), ('Pressure to be thin', 'Unhealthy weight control practices'), ('Airway resistance', 'Asthma-like symptoms'), ('Depression', 'Stress'), ('Medications', 'Concentration'), ('Public support and demand for healthy products', 'Marketing of unhealthy foods'), ('Poor body image', 'Eating disorders'), ('Emotional eating', 'Healthy eating'), ('Obesity', 'Access to health professionals'), ('Obesity', 'Mental well-being'), ('Unhealthy foods are more available than healthy ones', 'Supportive food environment'), ('Healthy eating', 'Blood saturated fatty acid level'), ('Presence of a vibrant community', 'Resilience'), ('Cells intake of fatty acids', 'Adipose storage of fatty acids'), ('Physical activity', 'Physical well-being'), ('Appetite', 'Healthy eating'), ('Aesthetics', 'Stress'), ('Chronic conditions', 'Mental well-being'), ('Weight bias', 'Positive experience of sports'), ('Healthy eating', 'Dyslipidemia'), ('Quality of the sport infrastructure', 'Recreational physical activity'), ('Physical pain', 'Ability to engage in physical activity'), ('Prevalence of green fields', 'Aesthetics'), ('Concentration', 'Ability to engage in physical activity'), ('Aesthetics', 'Mental well-being'), ('Poor body image', 'Depression'), ('Chronic conditions', 'Physical well-being'), ('Obesity', 'Release of adipokines'), ('Blood glucose level', 'Sodium retention'), ('Restrictive covenants', 'Availability of healthy foods'), ('Musculoskeletal pain', 'Mental well-being'), ('Weight bias', 'Unhealthy weight control practices'), ('Physical activity', 'Mental well-being'), ('Access to health professionals', 'Ability to engage in physical activity'), ('Stimulants', 'Short sleep duration'), ('Culture of eating that promotes healthy choices', 'Healthy eating'), ('Culture of eating that promotes healthy choices', 'Mental well-being'), ('Weight bias', 'Exercise'), ('Obesity', 'Dysfunctional adipose tissue'), ('Medications', 'Tiredness'), ('Inflammation', 'Insulin resistance'), ('Anticonvulsants', 'Appetite'), ('Inflammation', 'Auto-inflammatory diseases'), ('Accessibility to shops', 'Utilitarian physical activity '), ('Blood fatty acid level', 'Adipose storage of fatty acids'), ('Perceived environmental safety', 'Physical activity'), ('Short sleep duration', 'Physical well-being'), ('Cultural norms around thinness', 'Pressure to be thin'), ('Weight bias', 'Access to health professionals'), ('Public health messaging around thinness', 'Pressure to be thin'), ('Dysfunctional adipose tissue', 'Blood pressure'), ('Dysfunctional adipose tissue', 'Dyslipidemia'), ('Aesthetics', 'Utilitarian physical activity '), ('Obesity', 'Unhealthy weight control practices'), ('Obesity', 'Asthma-like symptoms'), ('Marketing ratio of unhealthy to healthy foods', 'Supportive food environment'), ('Dyslipidemia', 'Atherosclerosis'), ('Physical well-being', 'Mental well-being'), ('Public support and demand for healthy products', 'Cost of unhealthy foods'), ('Musculoskeletal pain', 'Physical well-being'), ('Coronary heart diseases', 'Exercise')]"
3,"[('Depression', 'Dyslipidemia'), ('Mental well-being', 'Ability to engage in physical activity'), ('Depression', 'Short sleep duration'), ('Stress', 'Inflammation'), ('Mental well-being', 'Heart rate'), ('Stress', 'Cortisol'), ('Poor body image', 'Unhealthy weight control practices'), ('Stress', 'Blood pressure'), ('Physical well-being', 'Ability to engage in physical activity'), ('Depression', 'Pro-inflammatory cytokines'), ('Socio-economic status', 'Sodium intake')]",1,-1,-1,-1,1,"[('Culture of eating that promotes healthy choices', 'Physical well-being'), ('Weight bias', 'Socio-economic status'), ('Mental well-being', 'Physical well-being'), ('Socio-economic status', 'Stress'), ('Control', 'Mental well-being'), ('Socio-economic status', 'Physical well-being'), ('Public health messaging around thinness', 'Weight bias'), ('Resilience', 'Mental well-being'), ('Medical perspective that thin is good', 'Public health messaging around thinness'), ('Weight bias', 'Depression'), ('Control', 'Stress'), ('Socio-economic status', 'Mental well-being'), ('Medical perspective that thin is good', 'Cultural norms around thinness'), ('Weight bias', 'Mental well-being'), ('Cultural norms around thinness', 'Cultural norms around thinness'), ('Cultural norms around thinness', 'Poor body image'), ('Weight bias', 'Stress'), ('Poor body image', 'Poor body image'), ('Socio-economic status', 'Control'), ('Weight bias', 'Poor body image'), ('Pressure to be thin', 'Poor body image'), ('Depression', 'Stress'), ('Poor body image', 'Depression'), ('Culture of eating that promotes healthy choices', 'Mental well-being'), ('Cultural norms around thinness', 'Pressure to be thin'), ('Public health messaging around thinness', 'Pressure to be thin'), ('Physical well-being', 'Mental well-being')]","[('Medications', 'Balance'), ('Secretion of inflammatory molecules by adipose cells', 'Insulin resistance'), ('Obesity', 'Obstructive sleep apnea'), ('Dyslipidemia', 'Blood pressure'), ('Obesity', 'Gastro-esophageal reflux disease'), ('Auto-inflammatory diseases', 'Inflammation'), ('Atherosclerosis', 'Coronary heart diseases'), ('Release of adipokines', 'Atherosclerosis'), ('Blood mono-unsaturated fatty acid level', 'Secretion of inflammatory molecules by adipose cells'), ('Insulin resistance', 'Fatty acids in the artery walls'), ('Insulin resistance', 'Cells intake of fatty acids'), ('Adipose storage of fatty acids', 'Inflammation'), ('Thoracic and abdominal obesity', 'Airway resistance'), ('Thoracic and abdominal obesity', 'Respiratory muscle fatigue'), ('Unhealthy weight control practices', 'Obesity'), ('Sodium retention', 'Blood pressure'), ('Short sleep duration', 'Pro-inflammatory cytokines'), ('Medications', 'Obesity'), ('Balance', 'Ability to engage in physical activity'), ('Short sleep duration', 'Cortisol'), ('Airway resistance', 'Asthma'), ('Short sleep duration', 'Blood pressure'), ('Fatty acids in the artery walls', 'Atherosclerosis'), ('Dyslipidemia', 'Insulin resistance'), ('Blood glucose level', 'Fatty acids in the artery walls'), ('Respiratory diseases', 'Ability to engage in physical activity'), ('Blood saturated fatty acid level', 'Secretion of inflammatory molecules by adipose cells'), ('Dysfunctional adipose tissue', 'Inflammation'), ('Coordination', 'Ability to engage in physical activity'), ('Obesity', 'Short sleep duration'), ('Inflammation', 'Asthma'), ('Coronary heart diseases', 'Dyspnea'), ('Tiredness', 'Ability to engage in physical activity'), ('Short sleep duration', 'Heart rate'), ('Blood fatty acid level', 'Blood glucose level'), ('Pro-inflammatory cytokines', 'Inflammation'), ('Respiratory muscle fatigue', 'Dyspnea'), ('Heart rate', 'Coronary heart diseases'), ('Medications', 'Coordination'), ('Beta blockers', 'Ability to engage in physical activity'), ('Sodium intake', 'Blood pressure'), ('Airway resistance', 'Asthma-like symptoms'), ('Medications', 'Concentration'), ('Cells intake of fatty acids', 'Adipose storage of fatty acids'), ('Physical pain', 'Ability to engage in physical activity'), ('Concentration', 'Ability to engage in physical activity'), ('Obesity', 'Release of adipokines'), ('Blood glucose level', 'Sodium retention'), ('Stimulants', 'Short sleep duration'), ('Obesity', 'Dysfunctional adipose tissue'), ('Medications', 'Tiredness'), ('Inflammation', 'Insulin resistance'), ('Inflammation', 'Auto-inflammatory diseases'), ('Blood fatty acid level', 'Adipose storage of fatty acids'), ('Dysfunctional adipose tissue', 'Blood pressure'), ('Dysfunctional adipose tissue', 'Dyslipidemia'), ('Obesity', 'Unhealthy weight control practices'), ('Obesity', 'Asthma-like symptoms'), ('Dyslipidemia', 'Atherosclerosis')]","[('Prevalence of walking trails', 'Quality of the sport infrastructure'), ('Medications', 'Balance'), ('Culture of eating that promotes healthy choices', 'Physical well-being'), ('Secretion of inflammatory molecules by adipose cells', 'Insulin resistance'), ('Presence of a vibrant community', 'Control'), ('Obesity', 'Weight bias'), ('Healthy eating', 'Blood mono-unsaturated fatty acid level'), ('Exercise', 'Heart rate'), ('Available time', 'Recreational physical activity'), ('Chronic conditions', 'Depression'), ('Exercise', 'Insulin resistance'), ('Weight bias', 'Socio-economic status'), ('Mental well-being', 'Physical well-being'), ('Obesity', 'Obstructive sleep apnea'), ('Eating disorders', 'Healthy eating'), ('Consumer demand for regulations', 'Marketing of healthy foods'), ('Dyslipidemia', 'Blood pressure'), ('Obesity', 'Gastro-esophageal reflux disease'), ('Perceived environmental safety', 'Mental well-being'), ('Late night TV watching', 'Short sleep duration'), ('Auto-inflammatory diseases', 'Inflammation'), ('Depression', 'Healthy eating'), ('Socio-economic status', 'Stress'), ('Exercise', 'Blood glucose level'), ('Public support and demand for healthy products', 'Marketing of healthy foods'), ('Unhealthy foods are cheaper than healthy ones', 'Supportive food environment'), ('Control', 'Mental well-being'), ('Atherosclerosis', 'Coronary heart diseases'), ('Socio-economic status', 'Physical well-being'), ('Ability to engage in physical activity', 'Physical activity'), ('Public health messaging around thinness', 'Weight bias'), ('Public support and demand for healthy products', 'Availability of healthy foods'), ('Release of adipokines', 'Atherosclerosis'), ('Consumer demand for regulations', 'Marketing of unhealthy foods'), ('Resilience', 'Mental well-being'), ('Blood mono-unsaturated fatty acid level', 'Secretion of inflammatory molecules by adipose cells'), ('Medical perspective that thin is good', 'Public health messaging around thinness'), ('Mental well-being', 'Medications'), ('Sexual difficulties', 'Mental well-being'), ('Insulin resistance', 'Fatty acids in the artery walls'), ('Insulin resistance', 'Cells intake of fatty acids'), ('Sidewalk prevalence and maintenance', 'Utilitarian physical activity '), ('Adipose storage of fatty acids', 'Inflammation'), ('Socio-economic status', 'Exercise'), ('Thoracic and abdominal obesity', 'Airway resistance'), ('Healthy eating', 'Short sleep duration'), ('Perceived environmental safety', 'Physical well-being'), ('Weight bias', 'Depression'), ('Emotional eating', 'Mental well-being'), ('Late night TV watching', 'Healthy eating'), ('Control', 'Stress'), ('Aesthetics', 'Physical well-being'), ('Economic incentives to produce unhealthy food products', 'Cost of unhealthy foods'), ('Supportive food environment', 'Healthy eating'), ('Appetite', 'Physical well-being'), ('Thoracic and abdominal obesity', 'Respiratory muscle fatigue'), ('Cardiovascular diseases', 'Fear of engaging in physical activity'), ('Socio-economic status', 'Mental well-being'), ('Unhealthy weight control practices', 'Obesity'), ('Exercise', 'Blood pressure'), ('Sodium retention', 'Blood pressure'), ('Short sleep duration', 'Pro-inflammatory cytokines'), ('Medications', 'Obesity'), ('Short sleep duration', 'Appetite'), ('Balance', 'Ability to engage in physical activity'), ('Short sleep duration', 'Cortisol'), ('Airway resistance', 'Asthma'), ('Short sleep duration', 'Blood pressure'), ('Medical perspective that thin is good', 'Cultural norms around thinness'), ('Healthy eating', 'Blood glucose level'), ('Mental well-being', 'Anticonvulsants'), ('Fatty acids in the artery walls', 'Atherosclerosis'), ('Dyslipidemia', 'Insulin resistance'), ('Blood glucose level', 'Fatty acids in the artery walls'), ('Respiratory diseases', 'Ability to engage in physical activity'), ('Blood saturated fatty acid level', 'Secretion of inflammatory molecules by adipose cells'), ('Dysfunctional adipose tissue', 'Inflammation'), ('Weight bias', 'Mental well-being'), ('Coordination', 'Ability to engage in physical activity'), ('Cultural norms around thinness', 'Cultural norms around thinness'), ('Cultural norms around thinness', 'Poor body image'), ('Obesity', 'Short sleep duration'), ('Inflammation', 'Asthma'), ('Healthy eating', 'Sodium intake'), ('Cultural norms around thinness', 'Eating disorders'), ('Poor body image', 'Sexual difficulties'), ('Fear of engaging in physical activity', 'Physical activity'), ('Short sleep duration', 'Healthy eating'), ('Coronary heart diseases', 'Dyspnea'), ('Stress', 'Inflammation'), ('Weight bias', 'Stress'), ('Unhealthy weight control practices', 'Eating disorders'), ('Tiredness', 'Ability to engage in physical activity'), ('Short sleep duration', 'Heart rate'), ('Prevalence of bike trails', 'Quality of the sport infrastructure'), ('Exercise', 'Blood fatty acid level'), ('Mental well-being', 'Emotional eating'), ('Poor body image', 'Poor body image'), ('Blood fatty acid level', 'Blood glucose level'), ('Cardiovascular diseases', 'Depression'), ('Pro-inflammatory cytokines', 'Inflammation'), ('Prevalence of green fields', 'Quality of the sport infrastructure'), ('Mental well-being', 'Antipsychotics'), ('Socio-economic status', 'Control'), ('Weight bias', 'Poor body image'), ('Positive experience of sports', 'Recreational physical activity'), ('Public support and demand for healthy products', 'Cost of healthy foods'), ('Socio-economic status', 'Availability of healthy foods'), ('Cardiovascular diseases', 'Physical well-being'), ('Respiratory muscle fatigue', 'Dyspnea'), ('Heart rate', 'Coronary heart diseases'), ('Pressure to be thin', 'Poor body image'), ('Medications', 'Coordination'), ('Beta blockers', 'Ability to engage in physical activity'), ('Antipsychotics', 'Appetite'), ('Sodium intake', 'Blood pressure'), ('Pressure to be thin', 'Unhealthy weight control practices'), ('Airway resistance', 'Asthma-like symptoms'), ('Depression', 'Stress'), ('Medications', 'Concentration'), ('Public support and demand for healthy products', 'Marketing of unhealthy foods'), ('Poor body image', 'Eating disorders'), ('Emotional eating', 'Healthy eating'), ('Obesity', 'Access to health professionals'), ('Obesity', 'Mental well-being'), ('Unhealthy foods are more available than healthy ones', 'Supportive food environment'), ('Healthy eating', 'Blood saturated fatty acid level'), ('Presence of a vibrant community', 'Resilience'), ('Cells intake of fatty acids', 'Adipose storage of fatty acids'), ('Physical activity', 'Physical well-being'), ('Appetite', 'Healthy eating'), ('Aesthetics', 'Stress'), ('Chronic conditions', 'Mental well-being'), ('Weight bias', 'Positive experience of sports'), ('Healthy eating', 'Dyslipidemia'), ('Quality of the sport infrastructure', 'Recreational physical activity'), ('Physical pain', 'Ability to engage in physical activity'), ('Prevalence of green fields', 'Aesthetics'), ('Concentration', 'Ability to engage in physical activity'), ('Aesthetics', 'Mental well-being'), ('Poor body image', 'Depression'), ('Chronic conditions', 'Physical well-being'), ('Obesity', 'Release of adipokines'), ('Blood glucose level', 'Sodium retention'), ('Restrictive covenants', 'Availability of healthy foods'), ('Musculoskeletal pain', 'Mental well-being'), ('Weight bias', 'Unhealthy weight control practices'), ('Physical activity', 'Mental well-being'), ('Access to health professionals', 'Ability to engage in physical activity'), ('Stimulants', 'Short sleep duration'), ('Culture of eating that promotes healthy choices', 'Healthy eating'), ('Culture of eating that promotes healthy choices', 'Mental well-being'), ('Weight bias', 'Exercise'), ('Obesity', 'Dysfunctional adipose tissue'), ('Medications', 'Tiredness'), ('Inflammation', 'Insulin resistance'), ('Anticonvulsants', 'Appetite'), ('Inflammation', 'Auto-inflammatory diseases'), ('Accessibility to shops', 'Utilitarian physical activity '), ('Blood fatty acid level', 'Adipose storage of fatty acids'), ('Perceived environmental safety', 'Physical activity'), ('Short sleep duration', 'Physical well-being'), ('Cultural norms around thinness', 'Pressure to be thin'), ('Weight bias', 'Access to health professionals'), ('Public health messaging around thinness', 'Pressure to be thin'), ('Dysfunctional adipose tissue', 'Blood pressure'), ('Dysfunctional adipose tissue', 'Dyslipidemia'), ('Aesthetics', 'Utilitarian physical activity '), ('Obesity', 'Unhealthy weight control practices'), ('Obesity', 'Asthma-like symptoms'), ('Marketing ratio of unhealthy to healthy foods', 'Supportive food environment'), ('Dyslipidemia', 'Atherosclerosis'), ('Physical well-being', 'Mental well-being'), ('Public support and demand for healthy products', 'Cost of unhealthy foods'), ('Musculoskeletal pain', 'Physical well-being'), ('Coronary heart diseases', 'Exercise')]"
4,"[('Depression', 'Dyslipidemia'), ('Mental well-being', 'Ability to engage in physical activity'), ('Depression', 'Short sleep duration'), ('Stress', 'Inflammation'), ('Mental well-being', 'Heart rate'), ('Stress', 'Cortisol'), ('Poor body image', 'Unhealthy weight control practices'), ('Stress', 'Blood pressure'), ('Physical well-being', 'Ability to engage in physical activity'), ('Depression', 'Pro-inflammatory cytokines'), ('Socio-economic status', 'Sodium intake')]",1,-1,-1,-1,1,"[('Culture of eating that promotes healthy choices', 'Physical well-being'), ('Weight bias', 'Socio-economic status'), ('Mental well-being', 'Physical well-being'), ('Socio-economic status', 'Stress'), ('Control', 'Mental well-being'), ('Socio-economic status', 'Physical well-being'), ('Public health messaging around thinness', 'Weight bias'), ('Resilience', 'Mental well-being'), ('Medical perspective that thin is good', 'Public health messaging around thinness'), ('Weight bias', 'Depression'), ('Control', 'Stress'), ('Socio-economic status', 'Mental well-being'), ('Medical perspective that thin is good', 'Cultural norms around thinness'), ('Weight bias', 'Mental well-being'), ('Cultural norms around thinness', 'Cultural norms around thinness'), ('Cultural norms around thinness', 'Poor body image'), ('Weight bias', 'Stress'), ('Poor body image', 'Poor body image'), ('Socio-economic status', 'Control'), ('Weight bias', 'Poor body image'), ('Pressure to be thin', 'Poor body image'), ('Depression', 'Stress'), ('Poor body image', 'Depression'), ('Culture of eating that promotes healthy choices', 'Mental well-being'), ('Cultural norms around thinness', 'Pressure to be thin'), ('Public health messaging around thinness', 'Pressure to be thin'), ('Physical well-being', 'Mental well-being')]","[('Medications', 'Balance'), ('Secretion of inflammatory molecules by adipose cells', 'Insulin resistance'), ('Obesity', 'Obstructive sleep apnea'), ('Dyslipidemia', 'Blood pressure'), ('Obesity', 'Gastro-esophageal reflux disease'), ('Auto-inflammatory diseases', 'Inflammation'), ('Atherosclerosis', 'Coronary heart diseases'), ('Release of adipokines', 'Atherosclerosis'), ('Blood mono-unsaturated fatty acid level', 'Secretion of inflammatory molecules by adipose cells'), ('Insulin resistance', 'Fatty acids in the artery walls'), ('Insulin resistance', 'Cells intake of fatty acids'), ('Adipose storage of fatty acids', 'Inflammation'), ('Thoracic and abdominal obesity', 'Airway resistance'), ('Thoracic and abdominal obesity', 'Respiratory muscle fatigue'), ('Unhealthy weight control practices', 'Obesity'), ('Sodium retention', 'Blood pressure'), ('Short sleep duration', 'Pro-inflammatory cytokines'), ('Medications', 'Obesity'), ('Balance', 'Ability to engage in physical activity'), ('Short sleep duration', 'Cortisol'), ('Airway resistance', 'Asthma'), ('Short sleep duration', 'Blood pressure'), ('Fatty acids in the artery walls', 'Atherosclerosis'), ('Dyslipidemia', 'Insulin resistance'), ('Blood glucose level', 'Fatty acids in the artery walls'), ('Respiratory diseases', 'Ability to engage in physical activity'), ('Blood saturated fatty acid level', 'Secretion of inflammatory molecules by adipose cells'), ('Dysfunctional adipose tissue', 'Inflammation'), ('Coordination', 'Ability to engage in physical activity'), ('Obesity', 'Short sleep duration'), ('Inflammation', 'Asthma'), ('Coronary heart diseases', 'Dyspnea'), ('Tiredness', 'Ability to engage in physical activity'), ('Short sleep duration', 'Heart rate'), ('Blood fatty acid level', 'Blood glucose level'), ('Pro-inflammatory cytokines', 'Inflammation'), ('Respiratory muscle fatigue', 'Dyspnea'), ('Heart rate', 'Coronary heart diseases'), ('Medications', 'Coordination'), ('Beta blockers', 'Ability to engage in physical activity'), ('Sodium intake', 'Blood pressure'), ('Airway resistance', 'Asthma-like symptoms'), ('Medications', 'Concentration'), ('Cells intake of fatty acids', 'Adipose storage of fatty acids'), ('Physical pain', 'Ability to engage in physical activity'), ('Concentration', 'Ability to engage in physical activity'), ('Obesity', 'Release of adipokines'), ('Blood glucose level', 'Sodium retention'), ('Stimulants', 'Short sleep duration'), ('Obesity', 'Dysfunctional adipose tissue'), ('Medications', 'Tiredness'), ('Inflammation', 'Insulin resistance'), ('Inflammation', 'Auto-inflammatory diseases'), ('Blood fatty acid level', 'Adipose storage of fatty acids'), ('Dysfunctional adipose tissue', 'Blood pressure'), ('Dysfunctional adipose tissue', 'Dyslipidemia'), ('Obesity', 'Unhealthy weight control practices'), ('Obesity', 'Asthma-like symptoms'), ('Dyslipidemia', 'Atherosclerosis')]","[('Prevalence of walking trails', 'Quality of the sport infrastructure'), ('Medications', 'Balance'), ('Culture of eating that promotes healthy choices', 'Physical well-being'), ('Secretion of inflammatory molecules by adipose cells', 'Insulin resistance'), ('Presence of a vibrant community', 'Control'), ('Obesity', 'Weight bias'), ('Healthy eating', 'Blood mono-unsaturated fatty acid level'), ('Exercise', 'Heart rate'), ('Available time', 'Recreational physical activity'), ('Chronic conditions', 'Depression'), ('Exercise', 'Insulin resistance'), ('Weight bias', 'Socio-economic status'), ('Mental well-being', 'Physical well-being'), ('Obesity', 'Obstructive sleep apnea'), ('Eating disorders', 'Healthy eating'), ('Consumer demand for regulations', 'Marketing of healthy foods'), ('Dyslipidemia', 'Blood pressure'), ('Obesity', 'Gastro-esophageal reflux disease'), ('Perceived environmental safety', 'Mental well-being'), ('Late night TV watching', 'Short sleep duration'), ('Auto-inflammatory diseases', 'Inflammation'), ('Depression', 'Healthy eating'), ('Socio-economic status', 'Stress'), ('Exercise', 'Blood glucose level'), ('Public support and demand for healthy products', 'Marketing of healthy foods'), ('Unhealthy foods are cheaper than healthy ones', 'Supportive food environment'), ('Control', 'Mental well-being'), ('Atherosclerosis', 'Coronary heart diseases'), ('Socio-economic status', 'Physical well-being'), ('Ability to engage in physical activity', 'Physical activity'), ('Public health messaging around thinness', 'Weight bias'), ('Public support and demand for healthy products', 'Availability of healthy foods'), ('Release of adipokines', 'Atherosclerosis'), ('Consumer demand for regulations', 'Marketing of unhealthy foods'), ('Resilience', 'Mental well-being'), ('Blood mono-unsaturated fatty acid level', 'Secretion of inflammatory molecules by adipose cells'), ('Medical perspective that thin is good', 'Public health messaging around thinness'), ('Mental well-being', 'Medications'), ('Sexual difficulties', 'Mental well-being'), ('Insulin resistance', 'Fatty acids in the artery walls'), ('Insulin resistance', 'Cells intake of fatty acids'), ('Sidewalk prevalence and maintenance', 'Utilitarian physical activity '), ('Adipose storage of fatty acids', 'Inflammation'), ('Socio-economic status', 'Exercise'), ('Thoracic and abdominal obesity', 'Airway resistance'), ('Healthy eating', 'Short sleep duration'), ('Perceived environmental safety', 'Physical well-being'), ('Weight bias', 'Depression'), ('Emotional eating', 'Mental well-being'), ('Late night TV watching', 'Healthy eating'), ('Control', 'Stress'), ('Aesthetics', 'Physical well-being'), ('Economic incentives to produce unhealthy food products', 'Cost of unhealthy foods'), ('Supportive food environment', 'Healthy eating'), ('Appetite', 'Physical well-being'), ('Thoracic and abdominal obesity', 'Respiratory muscle fatigue'), ('Cardiovascular diseases', 'Fear of engaging in physical activity'), ('Socio-economic status', 'Mental well-being'), ('Unhealthy weight control practices', 'Obesity'), ('Exercise', 'Blood pressure'), ('Sodium retention', 'Blood pressure'), ('Short sleep duration', 'Pro-inflammatory cytokines'), ('Medications', 'Obesity'), ('Short sleep duration', 'Appetite'), ('Balance', 'Ability to engage in physical activity'), ('Short sleep duration', 'Cortisol'), ('Airway resistance', 'Asthma'), ('Short sleep duration', 'Blood pressure'), ('Medical perspective that thin is good', 'Cultural norms around thinness'), ('Healthy eating', 'Blood glucose level'), ('Mental well-being', 'Anticonvulsants'), ('Fatty acids in the artery walls', 'Atherosclerosis'), ('Dyslipidemia', 'Insulin resistance'), ('Blood glucose level', 'Fatty acids in the artery walls'), ('Respiratory diseases', 'Ability to engage in physical activity'), ('Blood saturated fatty acid level', 'Secretion of inflammatory molecules by adipose cells'), ('Dysfunctional adipose tissue', 'Inflammation'), ('Weight bias', 'Mental well-being'), ('Coordination', 'Ability to engage in physical activity'), ('Cultural norms around thinness', 'Cultural norms around thinness'), ('Cultural norms around thinness', 'Poor body image'), ('Obesity', 'Short sleep duration'), ('Inflammation', 'Asthma'), ('Healthy eating', 'Sodium intake'), ('Cultural norms around thinness', 'Eating disorders'), ('Poor body image', 'Sexual difficulties'), ('Fear of engaging in physical activity', 'Physical activity'), ('Short sleep duration', 'Healthy eating'), ('Coronary heart diseases', 'Dyspnea'), ('Stress', 'Inflammation'), ('Weight bias', 'Stress'), ('Unhealthy weight control practices', 'Eating disorders'), ('Tiredness', 'Ability to engage in physical activity'), ('Short sleep duration', 'Heart rate'), ('Prevalence of bike trails', 'Quality of the sport infrastructure'), ('Exercise', 'Blood fatty acid level'), ('Mental well-being', 'Emotional eating'), ('Poor body image', 'Poor body image'), ('Blood fatty acid level', 'Blood glucose level'), ('Cardiovascular diseases', 'Depression'), ('Pro-inflammatory cytokines', 'Inflammation'), ('Prevalence of green fields', 'Quality of the sport infrastructure'), ('Mental well-being', 'Antipsychotics'), ('Socio-economic status', 'Control'), ('Weight bias', 'Poor body image'), ('Positive experience of sports', 'Recreational physical activity'), ('Public support and demand for healthy products', 'Cost of healthy foods'), ('Socio-economic status', 'Availability of healthy foods'), ('Cardiovascular diseases', 'Physical well-being'), ('Respiratory muscle fatigue', 'Dyspnea'), ('Heart rate', 'Coronary heart diseases'), ('Pressure to be thin', 'Poor body image'), ('Medications', 'Coordination'), ('Beta blockers', 'Ability to engage in physical activity'), ('Antipsychotics', 'Appetite'), ('Sodium intake', 'Blood pressure'), ('Pressure to be thin', 'Unhealthy weight control practices'), ('Airway resistance', 'Asthma-like symptoms'), ('Depression', 'Stress'), ('Medications', 'Concentration'), ('Public support and demand for healthy products', 'Marketing of unhealthy foods'), ('Poor body image', 'Eating disorders'), ('Emotional eating', 'Healthy eating'), ('Obesity', 'Access to health professionals'), ('Obesity', 'Mental well-being'), ('Unhealthy foods are more available than healthy ones', 'Supportive food environment'), ('Healthy eating', 'Blood saturated fatty acid level'), ('Presence of a vibrant community', 'Resilience'), ('Cells intake of fatty acids', 'Adipose storage of fatty acids'), ('Physical activity', 'Physical well-being'), ('Appetite', 'Healthy eating'), ('Aesthetics', 'Stress'), ('Chronic conditions', 'Mental well-being'), ('Weight bias', 'Positive experience of sports'), ('Healthy eating', 'Dyslipidemia'), ('Quality of the sport infrastructure', 'Recreational physical activity'), ('Physical pain', 'Ability to engage in physical activity'), ('Prevalence of green fields', 'Aesthetics'), ('Concentration', 'Ability to engage in physical activity'), ('Aesthetics', 'Mental well-being'), ('Poor body image', 'Depression'), ('Chronic conditions', 'Physical well-being'), ('Obesity', 'Release of adipokines'), ('Blood glucose level', 'Sodium retention'), ('Restrictive covenants', 'Availability of healthy foods'), ('Musculoskeletal pain', 'Mental well-being'), ('Weight bias', 'Unhealthy weight control practices'), ('Physical activity', 'Mental well-being'), ('Access to health professionals', 'Ability to engage in physical activity'), ('Stimulants', 'Short sleep duration'), ('Culture of eating that promotes healthy choices', 'Healthy eating'), ('Culture of eating that promotes healthy choices', 'Mental well-being'), ('Weight bias', 'Exercise'), ('Obesity', 'Dysfunctional adipose tissue'), ('Medications', 'Tiredness'), ('Inflammation', 'Insulin resistance'), ('Anticonvulsants', 'Appetite'), ('Inflammation', 'Auto-inflammatory diseases'), ('Accessibility to shops', 'Utilitarian physical activity '), ('Blood fatty acid level', 'Adipose storage of fatty acids'), ('Perceived environmental safety', 'Physical activity'), ('Short sleep duration', 'Physical well-being'), ('Cultural norms around thinness', 'Pressure to be thin'), ('Weight bias', 'Access to health professionals'), ('Public health messaging around thinness', 'Pressure to be thin'), ('Dysfunctional adipose tissue', 'Blood pressure'), ('Dysfunctional adipose tissue', 'Dyslipidemia'), ('Aesthetics', 'Utilitarian physical activity '), ('Obesity', 'Unhealthy weight control practices'), ('Obesity', 'Asthma-like symptoms'), ('Marketing ratio of unhealthy to healthy foods', 'Supportive food environment'), ('Dyslipidemia', 'Atherosclerosis'), ('Physical well-being', 'Mental well-being'), ('Public support and demand for healthy products', 'Cost of unhealthy foods'), ('Musculoskeletal pain', 'Physical well-being'), ('Coronary heart diseases', 'Exercise')]"
0,"[('Stress', 'Heart rate'), ('Physical well-being', 'Coordination'), ('Stress', 'Coronary heart diseases'), ('Depression', 'Cortisol'), ('Mental well-being', 'Concentration'), ('Mental well-being', 'Ability to engage in physical activity'), ('Stress', 'Inflammation'), ('Mental well-being', 'Dyspnea'), ('Control', 'Blood pressure'), ('Physical well-being', 'Ability to engage in physical activity'), ('Resilience', 'Balance'), ('Control', 'Balance'), ('Socio-economic status', 'Beta blockers'), ('Culture of eating that promotes healthy choices', 'Adipose storage of fatty acids'), ('Pressure to be thin', 'Stimulants'), ('Physical well-being', 'Respiratory diseases'), ('Depression', 'Inflammation')]",1,-1,-1,1,-1,"[('Culture of eating that promotes healthy choices', 'Physical well-being'), ('Weight bias', 'Socio-economic status'), ('Mental well-being', 'Physical well-being'), ('Socio-economic status', 'Stress'), ('Control', 'Mental well-being'), ('Socio-economic status', 'Physical well-being'), ('Public health messaging around thinness', 'Weight bias'), ('Resilience', 'Mental well-being'), ('Medical perspective that thin is good', 'Public health messaging around thinness'), ('Weight bias', 'Depression'), ('Control', 'Stress'), ('Socio-economic status', 'Mental well-being'), ('Medical perspective that thin is good', 'Cultural norms around thinness'), ('Weight bias', 'Mental well-being'), ('Cultural norms around thinness', 'Cultural norms around thinness'), ('Cultural norms around thinness', 'Poor body image'), ('Weight bias', 'Stress'), ('Poor body image', 'Poor body image'), ('Socio-economic status', 'Control'), ('Weight bias', 'Poor body image'), ('Pressure to be thin', 'Poor body image'), ('Depression', 'Stress'), ('Poor body image', 'Depression'), ('Culture of eating that promotes healthy choices', 'Mental well-being'), ('Cultural norms around thinness', 'Pressure to be thin'), ('Public health messaging around thinness', 'Pressure to be thin'), ('Physical well-being', 'Mental well-being')]","[('Medications', 'Balance'), ('Secretion of inflammatory molecules by adipose cells', 'Insulin resistance'), ('Obesity', 'Obstructive sleep apnea'), ('Dyslipidemia', 'Blood pressure'), ('Obesity', 'Gastro-esophageal reflux disease'), ('Auto-inflammatory diseases', 'Inflammation'), ('Atherosclerosis', 'Coronary heart diseases'), ('Release of adipokines', 'Atherosclerosis'), ('Blood mono-unsaturated fatty acid level', 'Secretion of inflammatory molecules by adipose cells'), ('Insulin resistance', 'Fatty acids in the artery walls'), ('Insulin resistance', 'Cells intake of fatty acids'), ('Adipose storage of fatty acids', 'Inflammation'), ('Thoracic and abdominal obesity', 'Airway resistance'), ('Thoracic and abdominal obesity', 'Respiratory muscle fatigue'), ('Unhealthy weight control practices', 'Obesity'), ('Sodium retention', 'Blood pressure'), ('Short sleep duration', 'Pro-inflammatory cytokines'), ('Medications', 'Obesity'), ('Balance', 'Ability to engage in physical activity'), ('Short sleep duration', 'Cortisol'), ('Airway resistance', 'Asthma'), ('Short sleep duration', 'Blood pressure'), ('Fatty acids in the artery walls', 'Atherosclerosis'), ('Dyslipidemia', 'Insulin resistance'), ('Blood glucose level', 'Fatty acids in the artery walls'), ('Respiratory diseases', 'Ability to engage in physical activity'), ('Blood saturated fatty acid level', 'Secretion of inflammatory molecules by adipose cells'), ('Dysfunctional adipose tissue', 'Inflammation'), ('Coordination', 'Ability to engage in physical activity'), ('Obesity', 'Short sleep duration'), ('Inflammation', 'Asthma'), ('Coronary heart diseases', 'Dyspnea'), ('Tiredness', 'Ability to engage in physical activity'), ('Short sleep duration', 'Heart rate'), ('Blood fatty acid level', 'Blood glucose level'), ('Pro-inflammatory cytokines', 'Inflammation'), ('Respiratory muscle fatigue', 'Dyspnea'), ('Heart rate', 'Coronary heart diseases'), ('Medications', 'Coordination'), ('Beta blockers', 'Ability to engage in physical activity'), ('Sodium intake', 'Blood pressure'), ('Airway resistance', 'Asthma-like symptoms'), ('Medications', 'Concentration'), ('Cells intake of fatty acids', 'Adipose storage of fatty acids'), ('Physical pain', 'Ability to engage in physical activity'), ('Concentration', 'Ability to engage in physical activity'), ('Obesity', 'Release of adipokines'), ('Blood glucose level', 'Sodium retention'), ('Stimulants', 'Short sleep duration'), ('Obesity', 'Dysfunctional adipose tissue'), ('Medications', 'Tiredness'), ('Inflammation', 'Insulin resistance'), ('Inflammation', 'Auto-inflammatory diseases'), ('Blood fatty acid level', 'Adipose storage of fatty acids'), ('Dysfunctional adipose tissue', 'Blood pressure'), ('Dysfunctional adipose tissue', 'Dyslipidemia'), ('Obesity', 'Unhealthy weight control practices'), ('Obesity', 'Asthma-like symptoms'), ('Dyslipidemia', 'Atherosclerosis')]","[('Prevalence of walking trails', 'Quality of the sport infrastructure'), ('Medications', 'Balance'), ('Culture of eating that promotes healthy choices', 'Physical well-being'), ('Secretion of inflammatory molecules by adipose cells', 'Insulin resistance'), ('Presence of a vibrant community', 'Control'), ('Obesity', 'Weight bias'), ('Healthy eating', 'Blood mono-unsaturated fatty acid level'), ('Exercise', 'Heart rate'), ('Available time', 'Recreational physical activity'), ('Chronic conditions', 'Depression'), ('Exercise', 'Insulin resistance'), ('Weight bias', 'Socio-economic status'), ('Mental well-being', 'Physical well-being'), ('Obesity', 'Obstructive sleep apnea'), ('Eating disorders', 'Healthy eating'), ('Consumer demand for regulations', 'Marketing of healthy foods'), ('Dyslipidemia', 'Blood pressure'), ('Obesity', 'Gastro-esophageal reflux disease'), ('Perceived environmental safety', 'Mental well-being'), ('Late night TV watching', 'Short sleep duration'), ('Auto-inflammatory diseases', 'Inflammation'), ('Depression', 'Healthy eating'), ('Socio-economic status', 'Stress'), ('Exercise', 'Blood glucose level'), ('Public support and demand for healthy products', 'Marketing of healthy foods'), ('Unhealthy foods are cheaper than healthy ones', 'Supportive food environment'), ('Control', 'Mental well-being'), ('Atherosclerosis', 'Coronary heart diseases'), ('Socio-economic status', 'Physical well-being'), ('Ability to engage in physical activity', 'Physical activity'), ('Public health messaging around thinness', 'Weight bias'), ('Public support and demand for healthy products', 'Availability of healthy foods'), ('Release of adipokines', 'Atherosclerosis'), ('Consumer demand for regulations', 'Marketing of unhealthy foods'), ('Resilience', 'Mental well-being'), ('Blood mono-unsaturated fatty acid level', 'Secretion of inflammatory molecules by adipose cells'), ('Medical perspective that thin is good', 'Public health messaging around thinness'), ('Mental well-being', 'Medications'), ('Sexual difficulties', 'Mental well-being'), ('Insulin resistance', 'Fatty acids in the artery walls'), ('Insulin resistance', 'Cells intake of fatty acids'), ('Sidewalk prevalence and maintenance', 'Utilitarian physical activity '), ('Adipose storage of fatty acids', 'Inflammation'), ('Socio-economic status', 'Exercise'), ('Thoracic and abdominal obesity', 'Airway resistance'), ('Healthy eating', 'Short sleep duration'), ('Perceived environmental safety', 'Physical well-being'), ('Weight bias', 'Depression'), ('Emotional eating', 'Mental well-being'), ('Late night TV watching', 'Healthy eating'), ('Control', 'Stress'), ('Aesthetics', 'Physical well-being'), ('Economic incentives to produce unhealthy food products', 'Cost of unhealthy foods'), ('Supportive food environment', 'Healthy eating'), ('Appetite', 'Physical well-being'), ('Thoracic and abdominal obesity', 'Respiratory muscle fatigue'), ('Cardiovascular diseases', 'Fear of engaging in physical activity'), ('Socio-economic status', 'Mental well-being'), ('Unhealthy weight control practices', 'Obesity'), ('Exercise', 'Blood pressure'), ('Sodium retention', 'Blood pressure'), ('Short sleep duration', 'Pro-inflammatory cytokines'), ('Medications', 'Obesity'), ('Short sleep duration', 'Appetite'), ('Balance', 'Ability to engage in physical activity'), ('Short sleep duration', 'Cortisol'), ('Airway resistance', 'Asthma'), ('Short sleep duration', 'Blood pressure'), ('Medical perspective that thin is good', 'Cultural norms around thinness'), ('Healthy eating', 'Blood glucose level'), ('Mental well-being', 'Anticonvulsants'), ('Fatty acids in the artery walls', 'Atherosclerosis'), ('Dyslipidemia', 'Insulin resistance'), ('Blood glucose level', 'Fatty acids in the artery walls'), ('Respiratory diseases', 'Ability to engage in physical activity'), ('Blood saturated fatty acid level', 'Secretion of inflammatory molecules by adipose cells'), ('Dysfunctional adipose tissue', 'Inflammation'), ('Weight bias', 'Mental well-being'), ('Coordination', 'Ability to engage in physical activity'), ('Cultural norms around thinness', 'Cultural norms around thinness'), ('Cultural norms around thinness', 'Poor body image'), ('Obesity', 'Short sleep duration'), ('Inflammation', 'Asthma'), ('Healthy eating', 'Sodium intake'), ('Cultural norms around thinness', 'Eating disorders'), ('Poor body image', 'Sexual difficulties'), ('Fear of engaging in physical activity', 'Physical activity'), ('Short sleep duration', 'Healthy eating'), ('Coronary heart diseases', 'Dyspnea'), ('Stress', 'Inflammation'), ('Weight bias', 'Stress'), ('Unhealthy weight control practices', 'Eating disorders'), ('Tiredness', 'Ability to engage in physical activity'), ('Short sleep duration', 'Heart rate'), ('Prevalence of bike trails', 'Quality of the sport infrastructure'), ('Exercise', 'Blood fatty acid level'), ('Mental well-being', 'Emotional eating'), ('Poor body image', 'Poor body image'), ('Blood fatty acid level', 'Blood glucose level'), ('Cardiovascular diseases', 'Depression'), ('Pro-inflammatory cytokines', 'Inflammation'), ('Prevalence of green fields', 'Quality of the sport infrastructure'), ('Mental well-being', 'Antipsychotics'), ('Socio-economic status', 'Control'), ('Weight bias', 'Poor body image'), ('Positive experience of sports', 'Recreational physical activity'), ('Public support and demand for healthy products', 'Cost of healthy foods'), ('Socio-economic status', 'Availability of healthy foods'), ('Cardiovascular diseases', 'Physical well-being'), ('Respiratory muscle fatigue', 'Dyspnea'), ('Heart rate', 'Coronary heart diseases'), ('Pressure to be thin', 'Poor body image'), ('Medications', 'Coordination'), ('Beta blockers', 'Ability to engage in physical activity'), ('Antipsychotics', 'Appetite'), ('Sodium intake', 'Blood pressure'), ('Pressure to be thin', 'Unhealthy weight control practices'), ('Airway resistance', 'Asthma-like symptoms'), ('Depression', 'Stress'), ('Medications', 'Concentration'), ('Public support and demand for healthy products', 'Marketing of unhealthy foods'), ('Poor body image', 'Eating disorders'), ('Emotional eating', 'Healthy eating'), ('Obesity', 'Access to health professionals'), ('Obesity', 'Mental well-being'), ('Unhealthy foods are more available than healthy ones', 'Supportive food environment'), ('Healthy eating', 'Blood saturated fatty acid level'), ('Presence of a vibrant community', 'Resilience'), ('Cells intake of fatty acids', 'Adipose storage of fatty acids'), ('Physical activity', 'Physical well-being'), ('Appetite', 'Healthy eating'), ('Aesthetics', 'Stress'), ('Chronic conditions', 'Mental well-being'), ('Weight bias', 'Positive experience of sports'), ('Healthy eating', 'Dyslipidemia'), ('Quality of the sport infrastructure', 'Recreational physical activity'), ('Physical pain', 'Ability to engage in physical activity'), ('Prevalence of green fields', 'Aesthetics'), ('Concentration', 'Ability to engage in physical activity'), ('Aesthetics', 'Mental well-being'), ('Poor body image', 'Depression'), ('Chronic conditions', 'Physical well-being'), ('Obesity', 'Release of adipokines'), ('Blood glucose level', 'Sodium retention'), ('Restrictive covenants', 'Availability of healthy foods'), ('Musculoskeletal pain', 'Mental well-being'), ('Weight bias', 'Unhealthy weight control practices'), ('Physical activity', 'Mental well-being'), ('Access to health professionals', 'Ability to engage in physical activity'), ('Stimulants', 'Short sleep duration'), ('Culture of eating that promotes healthy choices', 'Healthy eating'), ('Culture of eating that promotes healthy choices', 'Mental well-being'), ('Weight bias', 'Exercise'), ('Obesity', 'Dysfunctional adipose tissue'), ('Medications', 'Tiredness'), ('Inflammation', 'Insulin resistance'), ('Anticonvulsants', 'Appetite'), ('Inflammation', 'Auto-inflammatory diseases'), ('Accessibility to shops', 'Utilitarian physical activity '), ('Blood fatty acid level', 'Adipose storage of fatty acids'), ('Perceived environmental safety', 'Physical activity'), ('Short sleep duration', 'Physical well-being'), ('Cultural norms around thinness', 'Pressure to be thin'), ('Weight bias', 'Access to health professionals'), ('Public health messaging around thinness', 'Pressure to be thin'), ('Dysfunctional adipose tissue', 'Blood pressure'), ('Dysfunctional adipose tissue', 'Dyslipidemia'), ('Aesthetics', 'Utilitarian physical activity '), ('Obesity', 'Unhealthy weight control practices'), ('Obesity', 'Asthma-like symptoms'), ('Marketing ratio of unhealthy to healthy foods', 'Supportive food environment'), ('Dyslipidemia', 'Atherosclerosis'), ('Physical well-being', 'Mental well-being'), ('Public support and demand for healthy products', 'Cost of unhealthy foods'), ('Musculoskeletal pain', 'Physical well-being'), ('Coronary heart diseases', 'Exercise')]"
1,"[('Stress', 'Heart rate'), ('Physical well-being', 'Coordination'), ('Stress', 'Coronary heart diseases'), ('Depression', 'Cortisol'), ('Mental well-being', 'Concentration'), ('Mental well-being', 'Ability to engage in physical activity'), ('Stress', 'Inflammation'), ('Mental well-being', 'Dyspnea'), ('Control', 'Blood pressure'), ('Physical well-being', 'Ability to engage in physical activity'), ('Resilience', 'Balance'), ('Control', 'Balance'), ('Socio-economic status', 'Beta blockers'), ('Culture of eating that promotes healthy choices', 'Adipose storage of fatty acids'), ('Pressure to be thin', 'Stimulants'), ('Physical well-being', 'Respiratory diseases'), ('Depression', 'Inflammation')]",1,-1,-1,1,-1,"[('Culture of eating that promotes healthy choices', 'Physical well-being'), ('Weight bias', 'Socio-economic status'), ('Mental well-being', 'Physical well-being'), ('Socio-economic status', 'Stress'), ('Control', 'Mental well-being'), ('Socio-economic status', 'Physical well-being'), ('Public health messaging around thinness', 'Weight bias'), ('Resilience', 'Mental well-being'), ('Medical perspective that thin is good', 'Public health messaging around thinness'), ('Weight bias', 'Depression'), ('Control', 'Stress'), ('Socio-economic status', 'Mental well-being'), ('Medical perspective that thin is good', 'Cultural norms around thinness'), ('Weight bias', 'Mental well-being'), ('Cultural norms around thinness', 'Cultural norms around thinness'), ('Cultural norms around thinness', 'Poor body image'), ('Weight bias', 'Stress'), ('Poor body image', 'Poor body image'), ('Socio-economic status', 'Control'), ('Weight bias', 'Poor body image'), ('Pressure to be thin', 'Poor body image'), ('Depression', 'Stress'), ('Poor body image', 'Depression'), ('Culture of eating that promotes healthy choices', 'Mental well-being'), ('Cultural norms around thinness', 'Pressure to be thin'), ('Public health messaging around thinness', 'Pressure to be thin'), ('Physical well-being', 'Mental well-being')]","[('Medications', 'Balance'), ('Secretion of inflammatory molecules by adipose cells', 'Insulin resistance'), ('Obesity', 'Obstructive sleep apnea'), ('Dyslipidemia', 'Blood pressure'), ('Obesity', 'Gastro-esophageal reflux disease'), ('Auto-inflammatory diseases', 'Inflammation'), ('Atherosclerosis', 'Coronary heart diseases'), ('Release of adipokines', 'Atherosclerosis'), ('Blood mono-unsaturated fatty acid level', 'Secretion of inflammatory molecules by adipose cells'), ('Insulin resistance', 'Fatty acids in the artery walls'), ('Insulin resistance', 'Cells intake of fatty acids'), ('Adipose storage of fatty acids', 'Inflammation'), ('Thoracic and abdominal obesity', 'Airway resistance'), ('Thoracic and abdominal obesity', 'Respiratory muscle fatigue'), ('Unhealthy weight control practices', 'Obesity'), ('Sodium retention', 'Blood pressure'), ('Short sleep duration', 'Pro-inflammatory cytokines'), ('Medications', 'Obesity'), ('Balance', 'Ability to engage in physical activity'), ('Short sleep duration', 'Cortisol'), ('Airway resistance', 'Asthma'), ('Short sleep duration', 'Blood pressure'), ('Fatty acids in the artery walls', 'Atherosclerosis'), ('Dyslipidemia', 'Insulin resistance'), ('Blood glucose level', 'Fatty acids in the artery walls'), ('Respiratory diseases', 'Ability to engage in physical activity'), ('Blood saturated fatty acid level', 'Secretion of inflammatory molecules by adipose cells'), ('Dysfunctional adipose tissue', 'Inflammation'), ('Coordination', 'Ability to engage in physical activity'), ('Obesity', 'Short sleep duration'), ('Inflammation', 'Asthma'), ('Coronary heart diseases', 'Dyspnea'), ('Tiredness', 'Ability to engage in physical activity'), ('Short sleep duration', 'Heart rate'), ('Blood fatty acid level', 'Blood glucose level'), ('Pro-inflammatory cytokines', 'Inflammation'), ('Respiratory muscle fatigue', 'Dyspnea'), ('Heart rate', 'Coronary heart diseases'), ('Medications', 'Coordination'), ('Beta blockers', 'Ability to engage in physical activity'), ('Sodium intake', 'Blood pressure'), ('Airway resistance', 'Asthma-like symptoms'), ('Medications', 'Concentration'), ('Cells intake of fatty acids', 'Adipose storage of fatty acids'), ('Physical pain', 'Ability to engage in physical activity'), ('Concentration', 'Ability to engage in physical activity'), ('Obesity', 'Release of adipokines'), ('Blood glucose level', 'Sodium retention'), ('Stimulants', 'Short sleep duration'), ('Obesity', 'Dysfunctional adipose tissue'), ('Medications', 'Tiredness'), ('Inflammation', 'Insulin resistance'), ('Inflammation', 'Auto-inflammatory diseases'), ('Blood fatty acid level', 'Adipose storage of fatty acids'), ('Dysfunctional adipose tissue', 'Blood pressure'), ('Dysfunctional adipose tissue', 'Dyslipidemia'), ('Obesity', 'Unhealthy weight control practices'), ('Obesity', 'Asthma-like symptoms'), ('Dyslipidemia', 'Atherosclerosis')]","[('Prevalence of walking trails', 'Quality of the sport infrastructure'), ('Medications', 'Balance'), ('Culture of eating that promotes healthy choices', 'Physical well-being'), ('Secretion of inflammatory molecules by adipose cells', 'Insulin resistance'), ('Presence of a vibrant community', 'Control'), ('Obesity', 'Weight bias'), ('Healthy eating', 'Blood mono-unsaturated fatty acid level'), ('Exercise', 'Heart rate'), ('Available time', 'Recreational physical activity'), ('Chronic conditions', 'Depression'), ('Exercise', 'Insulin resistance'), ('Weight bias', 'Socio-economic status'), ('Mental well-being', 'Physical well-being'), ('Obesity', 'Obstructive sleep apnea'), ('Eating disorders', 'Healthy eating'), ('Consumer demand for regulations', 'Marketing of healthy foods'), ('Dyslipidemia', 'Blood pressure'), ('Obesity', 'Gastro-esophageal reflux disease'), ('Perceived environmental safety', 'Mental well-being'), ('Late night TV watching', 'Short sleep duration'), ('Auto-inflammatory diseases', 'Inflammation'), ('Depression', 'Healthy eating'), ('Socio-economic status', 'Stress'), ('Exercise', 'Blood glucose level'), ('Public support and demand for healthy products', 'Marketing of healthy foods'), ('Unhealthy foods are cheaper than healthy ones', 'Supportive food environment'), ('Control', 'Mental well-being'), ('Atherosclerosis', 'Coronary heart diseases'), ('Socio-economic status', 'Physical well-being'), ('Ability to engage in physical activity', 'Physical activity'), ('Public health messaging around thinness', 'Weight bias'), ('Public support and demand for healthy products', 'Availability of healthy foods'), ('Release of adipokines', 'Atherosclerosis'), ('Consumer demand for regulations', 'Marketing of unhealthy foods'), ('Resilience', 'Mental well-being'), ('Blood mono-unsaturated fatty acid level', 'Secretion of inflammatory molecules by adipose cells'), ('Medical perspective that thin is good', 'Public health messaging around thinness'), ('Mental well-being', 'Medications'), ('Sexual difficulties', 'Mental well-being'), ('Insulin resistance', 'Fatty acids in the artery walls'), ('Insulin resistance', 'Cells intake of fatty acids'), ('Sidewalk prevalence and maintenance', 'Utilitarian physical activity '), ('Adipose storage of fatty acids', 'Inflammation'), ('Socio-economic status', 'Exercise'), ('Thoracic and abdominal obesity', 'Airway resistance'), ('Healthy eating', 'Short sleep duration'), ('Perceived environmental safety', 'Physical well-being'), ('Weight bias', 'Depression'), ('Emotional eating', 'Mental well-being'), ('Late night TV watching', 'Healthy eating'), ('Control', 'Stress'), ('Aesthetics', 'Physical well-being'), ('Economic incentives to produce unhealthy food products', 'Cost of unhealthy foods'), ('Supportive food environment', 'Healthy eating'), ('Appetite', 'Physical well-being'), ('Thoracic and abdominal obesity', 'Respiratory muscle fatigue'), ('Cardiovascular diseases', 'Fear of engaging in physical activity'), ('Socio-economic status', 'Mental well-being'), ('Unhealthy weight control practices', 'Obesity'), ('Exercise', 'Blood pressure'), ('Sodium retention', 'Blood pressure'), ('Short sleep duration', 'Pro-inflammatory cytokines'), ('Medications', 'Obesity'), ('Short sleep duration', 'Appetite'), ('Balance', 'Ability to engage in physical activity'), ('Short sleep duration', 'Cortisol'), ('Airway resistance', 'Asthma'), ('Short sleep duration', 'Blood pressure'), ('Medical perspective that thin is good', 'Cultural norms around thinness'), ('Healthy eating', 'Blood glucose level'), ('Mental well-being', 'Anticonvulsants'), ('Fatty acids in the artery walls', 'Atherosclerosis'), ('Dyslipidemia', 'Insulin resistance'), ('Blood glucose level', 'Fatty acids in the artery walls'), ('Respiratory diseases', 'Ability to engage in physical activity'), ('Blood saturated fatty acid level', 'Secretion of inflammatory molecules by adipose cells'), ('Dysfunctional adipose tissue', 'Inflammation'), ('Weight bias', 'Mental well-being'), ('Coordination', 'Ability to engage in physical activity'), ('Cultural norms around thinness', 'Cultural norms around thinness'), ('Cultural norms around thinness', 'Poor body image'), ('Obesity', 'Short sleep duration'), ('Inflammation', 'Asthma'), ('Healthy eating', 'Sodium intake'), ('Cultural norms around thinness', 'Eating disorders'), ('Poor body image', 'Sexual difficulties'), ('Fear of engaging in physical activity', 'Physical activity'), ('Short sleep duration', 'Healthy eating'), ('Coronary heart diseases', 'Dyspnea'), ('Stress', 'Inflammation'), ('Weight bias', 'Stress'), ('Unhealthy weight control practices', 'Eating disorders'), ('Tiredness', 'Ability to engage in physical activity'), ('Short sleep duration', 'Heart rate'), ('Prevalence of bike trails', 'Quality of the sport infrastructure'), ('Exercise', 'Blood fatty acid level'), ('Mental well-being', 'Emotional eating'), ('Poor body image', 'Poor body image'), ('Blood fatty acid level', 'Blood glucose level'), ('Cardiovascular diseases', 'Depression'), ('Pro-inflammatory cytokines', 'Inflammation'), ('Prevalence of green fields', 'Quality of the sport infrastructure'), ('Mental well-being', 'Antipsychotics'), ('Socio-economic status', 'Control'), ('Weight bias', 'Poor body image'), ('Positive experience of sports', 'Recreational physical activity'), ('Public support and demand for healthy products', 'Cost of healthy foods'), ('Socio-economic status', 'Availability of healthy foods'), ('Cardiovascular diseases', 'Physical well-being'), ('Respiratory muscle fatigue', 'Dyspnea'), ('Heart rate', 'Coronary heart diseases'), ('Pressure to be thin', 'Poor body image'), ('Medications', 'Coordination'), ('Beta blockers', 'Ability to engage in physical activity'), ('Antipsychotics', 'Appetite'), ('Sodium intake', 'Blood pressure'), ('Pressure to be thin', 'Unhealthy weight control practices'), ('Airway resistance', 'Asthma-like symptoms'), ('Depression', 'Stress'), ('Medications', 'Concentration'), ('Public support and demand for healthy products', 'Marketing of unhealthy foods'), ('Poor body image', 'Eating disorders'), ('Emotional eating', 'Healthy eating'), ('Obesity', 'Access to health professionals'), ('Obesity', 'Mental well-being'), ('Unhealthy foods are more available than healthy ones', 'Supportive food environment'), ('Healthy eating', 'Blood saturated fatty acid level'), ('Presence of a vibrant community', 'Resilience'), ('Cells intake of fatty acids', 'Adipose storage of fatty acids'), ('Physical activity', 'Physical well-being'), ('Appetite', 'Healthy eating'), ('Aesthetics', 'Stress'), ('Chronic conditions', 'Mental well-being'), ('Weight bias', 'Positive experience of sports'), ('Healthy eating', 'Dyslipidemia'), ('Quality of the sport infrastructure', 'Recreational physical activity'), ('Physical pain', 'Ability to engage in physical activity'), ('Prevalence of green fields', 'Aesthetics'), ('Concentration', 'Ability to engage in physical activity'), ('Aesthetics', 'Mental well-being'), ('Poor body image', 'Depression'), ('Chronic conditions', 'Physical well-being'), ('Obesity', 'Release of adipokines'), ('Blood glucose level', 'Sodium retention'), ('Restrictive covenants', 'Availability of healthy foods'), ('Musculoskeletal pain', 'Mental well-being'), ('Weight bias', 'Unhealthy weight control practices'), ('Physical activity', 'Mental well-being'), ('Access to health professionals', 'Ability to engage in physical activity'), ('Stimulants', 'Short sleep duration'), ('Culture of eating that promotes healthy choices', 'Healthy eating'), ('Culture of eating that promotes healthy choices', 'Mental well-being'), ('Weight bias', 'Exercise'), ('Obesity', 'Dysfunctional adipose tissue'), ('Medications', 'Tiredness'), ('Inflammation', 'Insulin resistance'), ('Anticonvulsants', 'Appetite'), ('Inflammation', 'Auto-inflammatory diseases'), ('Accessibility to shops', 'Utilitarian physical activity '), ('Blood fatty acid level', 'Adipose storage of fatty acids'), ('Perceived environmental safety', 'Physical activity'), ('Short sleep duration', 'Physical well-being'), ('Cultural norms around thinness', 'Pressure to be thin'), ('Weight bias', 'Access to health professionals'), ('Public health messaging around thinness', 'Pressure to be thin'), ('Dysfunctional adipose tissue', 'Blood pressure'), ('Dysfunctional adipose tissue', 'Dyslipidemia'), ('Aesthetics', 'Utilitarian physical activity '), ('Obesity', 'Unhealthy weight control practices'), ('Obesity', 'Asthma-like symptoms'), ('Marketing ratio of unhealthy to healthy foods', 'Supportive food environment'), ('Dyslipidemia', 'Atherosclerosis'), ('Physical well-being', 'Mental well-being'), ('Public support and demand for healthy products', 'Cost of unhealthy foods'), ('Musculoskeletal pain', 'Physical well-being'), ('Coronary heart diseases', 'Exercise')]"
2,"[('Stress', 'Heart rate'), ('Physical well-being', 'Coordination'), ('Stress', 'Coronary heart diseases'), ('Depression', 'Cortisol'), ('Mental well-being', 'Concentration'), ('Mental well-being', 'Ability to engage in physical activity'), ('Stress', 'Inflammation'), ('Mental well-being', 'Dyspnea'), ('Control', 'Blood pressure'), ('Physical well-being', 'Ability to engage in physical activity'), ('Resilience', 'Balance'), ('Control', 'Balance'), ('Socio-economic status', 'Beta blockers'), ('Culture of eating that promotes healthy choices', 'Adipose storage of fatty acids'), ('Pressure to be thin', 'Stimulants'), ('Physical well-being', 'Respiratory diseases'), ('Depression', 'Inflammation')]",1,-1,-1,1,-1,"[('Culture of eating that promotes healthy choices', 'Physical well-being'), ('Weight bias', 'Socio-economic status'), ('Mental well-being', 'Physical well-being'), ('Socio-economic status', 'Stress'), ('Control', 'Mental well-being'), ('Socio-economic status', 'Physical well-being'), ('Public health messaging around thinness', 'Weight bias'), ('Resilience', 'Mental well-being'), ('Medical perspective that thin is good', 'Public health messaging around thinness'), ('Weight bias', 'Depression'), ('Control', 'Stress'), ('Socio-economic status', 'Mental well-being'), ('Medical perspective that thin is good', 'Cultural norms around thinness'), ('Weight bias', 'Mental well-being'), ('Cultural norms around thinness', 'Cultural norms around thinness'), ('Cultural norms around thinness', 'Poor body image'), ('Weight bias', 'Stress'), ('Poor body image', 'Poor body image'), ('Socio-economic status', 'Control'), ('Weight bias', 'Poor body image'), ('Pressure to be thin', 'Poor body image'), ('Depression', 'Stress'), ('Poor body image', 'Depression'), ('Culture of eating that promotes healthy choices', 'Mental well-being'), ('Cultural norms around thinness', 'Pressure to be thin'), ('Public health messaging around thinness', 'Pressure to be thin'), ('Physical well-being', 'Mental well-being')]","[('Medications', 'Balance'), ('Secretion of inflammatory molecules by adipose cells', 'Insulin resistance'), ('Obesity', 'Obstructive sleep apnea'), ('Dyslipidemia', 'Blood pressure'), ('Obesity', 'Gastro-esophageal reflux disease'), ('Auto-inflammatory diseases', 'Inflammation'), ('Atherosclerosis', 'Coronary heart diseases'), ('Release of adipokines', 'Atherosclerosis'), ('Blood mono-unsaturated fatty acid level', 'Secretion of inflammatory molecules by adipose cells'), ('Insulin resistance', 'Fatty acids in the artery walls'), ('Insulin resistance', 'Cells intake of fatty acids'), ('Adipose storage of fatty acids', 'Inflammation'), ('Thoracic and abdominal obesity', 'Airway resistance'), ('Thoracic and abdominal obesity', 'Respiratory muscle fatigue'), ('Unhealthy weight control practices', 'Obesity'), ('Sodium retention', 'Blood pressure'), ('Short sleep duration', 'Pro-inflammatory cytokines'), ('Medications', 'Obesity'), ('Balance', 'Ability to engage in physical activity'), ('Short sleep duration', 'Cortisol'), ('Airway resistance', 'Asthma'), ('Short sleep duration', 'Blood pressure'), ('Fatty acids in the artery walls', 'Atherosclerosis'), ('Dyslipidemia', 'Insulin resistance'), ('Blood glucose level', 'Fatty acids in the artery walls'), ('Respiratory diseases', 'Ability to engage in physical activity'), ('Blood saturated fatty acid level', 'Secretion of inflammatory molecules by adipose cells'), ('Dysfunctional adipose tissue', 'Inflammation'), ('Coordination', 'Ability to engage in physical activity'), ('Obesity', 'Short sleep duration'), ('Inflammation', 'Asthma'), ('Coronary heart diseases', 'Dyspnea'), ('Tiredness', 'Ability to engage in physical activity'), ('Short sleep duration', 'Heart rate'), ('Blood fatty acid level', 'Blood glucose level'), ('Pro-inflammatory cytokines', 'Inflammation'), ('Respiratory muscle fatigue', 'Dyspnea'), ('Heart rate', 'Coronary heart diseases'), ('Medications', 'Coordination'), ('Beta blockers', 'Ability to engage in physical activity'), ('Sodium intake', 'Blood pressure'), ('Airway resistance', 'Asthma-like symptoms'), ('Medications', 'Concentration'), ('Cells intake of fatty acids', 'Adipose storage of fatty acids'), ('Physical pain', 'Ability to engage in physical activity'), ('Concentration', 'Ability to engage in physical activity'), ('Obesity', 'Release of adipokines'), ('Blood glucose level', 'Sodium retention'), ('Stimulants', 'Short sleep duration'), ('Obesity', 'Dysfunctional adipose tissue'), ('Medications', 'Tiredness'), ('Inflammation', 'Insulin resistance'), ('Inflammation', 'Auto-inflammatory diseases'), ('Blood fatty acid level', 'Adipose storage of fatty acids'), ('Dysfunctional adipose tissue', 'Blood pressure'), ('Dysfunctional adipose tissue', 'Dyslipidemia'), ('Obesity', 'Unhealthy weight control practices'), ('Obesity', 'Asthma-like symptoms'), ('Dyslipidemia', 'Atherosclerosis')]","[('Prevalence of walking trails', 'Quality of the sport infrastructure'), ('Medications', 'Balance'), ('Culture of eating that promotes healthy choices', 'Physical well-being'), ('Secretion of inflammatory molecules by adipose cells', 'Insulin resistance'), ('Presence of a vibrant community', 'Control'), ('Obesity', 'Weight bias'), ('Healthy eating', 'Blood mono-unsaturated fatty acid level'), ('Exercise', 'Heart rate'), ('Available time', 'Recreational physical activity'), ('Chronic conditions', 'Depression'), ('Exercise', 'Insulin resistance'), ('Weight bias', 'Socio-economic status'), ('Mental well-being', 'Physical well-being'), ('Obesity', 'Obstructive sleep apnea'), ('Eating disorders', 'Healthy eating'), ('Consumer demand for regulations', 'Marketing of healthy foods'), ('Dyslipidemia', 'Blood pressure'), ('Obesity', 'Gastro-esophageal reflux disease'), ('Perceived environmental safety', 'Mental well-being'), ('Late night TV watching', 'Short sleep duration'), ('Auto-inflammatory diseases', 'Inflammation'), ('Depression', 'Healthy eating'), ('Socio-economic status', 'Stress'), ('Exercise', 'Blood glucose level'), ('Public support and demand for healthy products', 'Marketing of healthy foods'), ('Unhealthy foods are cheaper than healthy ones', 'Supportive food environment'), ('Control', 'Mental well-being'), ('Atherosclerosis', 'Coronary heart diseases'), ('Socio-economic status', 'Physical well-being'), ('Ability to engage in physical activity', 'Physical activity'), ('Public health messaging around thinness', 'Weight bias'), ('Public support and demand for healthy products', 'Availability of healthy foods'), ('Release of adipokines', 'Atherosclerosis'), ('Consumer demand for regulations', 'Marketing of unhealthy foods'), ('Resilience', 'Mental well-being'), ('Blood mono-unsaturated fatty acid level', 'Secretion of inflammatory molecules by adipose cells'), ('Medical perspective that thin is good', 'Public health messaging around thinness'), ('Mental well-being', 'Medications'), ('Sexual difficulties', 'Mental well-being'), ('Insulin resistance', 'Fatty acids in the artery walls'), ('Insulin resistance', 'Cells intake of fatty acids'), ('Sidewalk prevalence and maintenance', 'Utilitarian physical activity '), ('Adipose storage of fatty acids', 'Inflammation'), ('Socio-economic status', 'Exercise'), ('Thoracic and abdominal obesity', 'Airway resistance'), ('Healthy eating', 'Short sleep duration'), ('Perceived environmental safety', 'Physical well-being'), ('Weight bias', 'Depression'), ('Emotional eating', 'Mental well-being'), ('Late night TV watching', 'Healthy eating'), ('Control', 'Stress'), ('Aesthetics', 'Physical well-being'), ('Economic incentives to produce unhealthy food products', 'Cost of unhealthy foods'), ('Supportive food environment', 'Healthy eating'), ('Appetite', 'Physical well-being'), ('Thoracic and abdominal obesity', 'Respiratory muscle fatigue'), ('Cardiovascular diseases', 'Fear of engaging in physical activity'), ('Socio-economic status', 'Mental well-being'), ('Unhealthy weight control practices', 'Obesity'), ('Exercise', 'Blood pressure'), ('Sodium retention', 'Blood pressure'), ('Short sleep duration', 'Pro-inflammatory cytokines'), ('Medications', 'Obesity'), ('Short sleep duration', 'Appetite'), ('Balance', 'Ability to engage in physical activity'), ('Short sleep duration', 'Cortisol'), ('Airway resistance', 'Asthma'), ('Short sleep duration', 'Blood pressure'), ('Medical perspective that thin is good', 'Cultural norms around thinness'), ('Healthy eating', 'Blood glucose level'), ('Mental well-being', 'Anticonvulsants'), ('Fatty acids in the artery walls', 'Atherosclerosis'), ('Dyslipidemia', 'Insulin resistance'), ('Blood glucose level', 'Fatty acids in the artery walls'), ('Respiratory diseases', 'Ability to engage in physical activity'), ('Blood saturated fatty acid level', 'Secretion of inflammatory molecules by adipose cells'), ('Dysfunctional adipose tissue', 'Inflammation'), ('Weight bias', 'Mental well-being'), ('Coordination', 'Ability to engage in physical activity'), ('Cultural norms around thinness', 'Cultural norms around thinness'), ('Cultural norms around thinness', 'Poor body image'), ('Obesity', 'Short sleep duration'), ('Inflammation', 'Asthma'), ('Healthy eating', 'Sodium intake'), ('Cultural norms around thinness', 'Eating disorders'), ('Poor body image', 'Sexual difficulties'), ('Fear of engaging in physical activity', 'Physical activity'), ('Short sleep duration', 'Healthy eating'), ('Coronary heart diseases', 'Dyspnea'), ('Stress', 'Inflammation'), ('Weight bias', 'Stress'), ('Unhealthy weight control practices', 'Eating disorders'), ('Tiredness', 'Ability to engage in physical activity'), ('Short sleep duration', 'Heart rate'), ('Prevalence of bike trails', 'Quality of the sport infrastructure'), ('Exercise', 'Blood fatty acid level'), ('Mental well-being', 'Emotional eating'), ('Poor body image', 'Poor body image'), ('Blood fatty acid level', 'Blood glucose level'), ('Cardiovascular diseases', 'Depression'), ('Pro-inflammatory cytokines', 'Inflammation'), ('Prevalence of green fields', 'Quality of the sport infrastructure'), ('Mental well-being', 'Antipsychotics'), ('Socio-economic status', 'Control'), ('Weight bias', 'Poor body image'), ('Positive experience of sports', 'Recreational physical activity'), ('Public support and demand for healthy products', 'Cost of healthy foods'), ('Socio-economic status', 'Availability of healthy foods'), ('Cardiovascular diseases', 'Physical well-being'), ('Respiratory muscle fatigue', 'Dyspnea'), ('Heart rate', 'Coronary heart diseases'), ('Pressure to be thin', 'Poor body image'), ('Medications', 'Coordination'), ('Beta blockers', 'Ability to engage in physical activity'), ('Antipsychotics', 'Appetite'), ('Sodium intake', 'Blood pressure'), ('Pressure to be thin', 'Unhealthy weight control practices'), ('Airway resistance', 'Asthma-like symptoms'), ('Depression', 'Stress'), ('Medications', 'Concentration'), ('Public support and demand for healthy products', 'Marketing of unhealthy foods'), ('Poor body image', 'Eating disorders'), ('Emotional eating', 'Healthy eating'), ('Obesity', 'Access to health professionals'), ('Obesity', 'Mental well-being'), ('Unhealthy foods are more available than healthy ones', 'Supportive food environment'), ('Healthy eating', 'Blood saturated fatty acid level'), ('Presence of a vibrant community', 'Resilience'), ('Cells intake of fatty acids', 'Adipose storage of fatty acids'), ('Physical activity', 'Physical well-being'), ('Appetite', 'Healthy eating'), ('Aesthetics', 'Stress'), ('Chronic conditions', 'Mental well-being'), ('Weight bias', 'Positive experience of sports'), ('Healthy eating', 'Dyslipidemia'), ('Quality of the sport infrastructure', 'Recreational physical activity'), ('Physical pain', 'Ability to engage in physical activity'), ('Prevalence of green fields', 'Aesthetics'), ('Concentration', 'Ability to engage in physical activity'), ('Aesthetics', 'Mental well-being'), ('Poor body image', 'Depression'), ('Chronic conditions', 'Physical well-being'), ('Obesity', 'Release of adipokines'), ('Blood glucose level', 'Sodium retention'), ('Restrictive covenants', 'Availability of healthy foods'), ('Musculoskeletal pain', 'Mental well-being'), ('Weight bias', 'Unhealthy weight control practices'), ('Physical activity', 'Mental well-being'), ('Access to health professionals', 'Ability to engage in physical activity'), ('Stimulants', 'Short sleep duration'), ('Culture of eating that promotes healthy choices', 'Healthy eating'), ('Culture of eating that promotes healthy choices', 'Mental well-being'), ('Weight bias', 'Exercise'), ('Obesity', 'Dysfunctional adipose tissue'), ('Medications', 'Tiredness'), ('Inflammation', 'Insulin resistance'), ('Anticonvulsants', 'Appetite'), ('Inflammation', 'Auto-inflammatory diseases'), ('Accessibility to shops', 'Utilitarian physical activity '), ('Blood fatty acid level', 'Adipose storage of fatty acids'), ('Perceived environmental safety', 'Physical activity'), ('Short sleep duration', 'Physical well-being'), ('Cultural norms around thinness', 'Pressure to be thin'), ('Weight bias', 'Access to health professionals'), ('Public health messaging around thinness', 'Pressure to be thin'), ('Dysfunctional adipose tissue', 'Blood pressure'), ('Dysfunctional adipose tissue', 'Dyslipidemia'), ('Aesthetics', 'Utilitarian physical activity '), ('Obesity', 'Unhealthy weight control practices'), ('Obesity', 'Asthma-like symptoms'), ('Marketing ratio of unhealthy to healthy foods', 'Supportive food environment'), ('Dyslipidemia', 'Atherosclerosis'), ('Physical well-being', 'Mental well-being'), ('Public support and demand for healthy products', 'Cost of unhealthy foods'), ('Musculoskeletal pain', 'Physical well-being'), ('Coronary heart diseases', 'Exercise')]"
3,"[('Stress', 'Heart rate'), ('Physical well-being', 'Coordination'), ('Stress', 'Coronary heart diseases'), ('Depression', 'Cortisol'), ('Mental well-being', 'Concentration'), ('Mental well-being', 'Ability to engage in physical activity'), ('Stress', 'Inflammation'), ('Mental well-being', 'Dyspnea'), ('Control', 'Blood pressure'), ('Physical well-being', 'Ability to engage in physical activity'), ('Resilience', 'Balance'), ('Control', 'Balance'), ('Socio-economic status', 'Beta blockers'), ('Culture of eating that promotes healthy choices', 'Adipose storage of fatty acids'), ('Pressure to be thin', 'Stimulants'), ('Physical well-being', 'Respiratory diseases'), ('Depression', 'Inflammation')]",1,-1,-1,1,-1,"[('Culture of eating that promotes healthy choices', 'Physical well-being'), ('Weight bias', 'Socio-economic status'), ('Mental well-being', 'Physical well-being'), ('Socio-economic status', 'Stress'), ('Control', 'Mental well-being'), ('Socio-economic status', 'Physical well-being'), ('Public health messaging around thinness', 'Weight bias'), ('Resilience', 'Mental well-being'), ('Medical perspective that thin is good', 'Public health messaging around thinness'), ('Weight bias', 'Depression'), ('Control', 'Stress'), ('Socio-economic status', 'Mental well-being'), ('Medical perspective that thin is good', 'Cultural norms around thinness'), ('Weight bias', 'Mental well-being'), ('Cultural norms around thinness', 'Cultural norms around thinness'), ('Cultural norms around thinness', 'Poor body image'), ('Weight bias', 'Stress'), ('Poor body image', 'Poor body image'), ('Socio-economic status', 'Control'), ('Weight bias', 'Poor body image'), ('Pressure to be thin', 'Poor body image'), ('Depression', 'Stress'), ('Poor body image', 'Depression'), ('Culture of eating that promotes healthy choices', 'Mental well-being'), ('Cultural norms around thinness', 'Pressure to be thin'), ('Public health messaging around thinness', 'Pressure to be thin'), ('Physical well-being', 'Mental well-being')]","[('Medications', 'Balance'), ('Secretion of inflammatory molecules by adipose cells', 'Insulin resistance'), ('Obesity', 'Obstructive sleep apnea'), ('Dyslipidemia', 'Blood pressure'), ('Obesity', 'Gastro-esophageal reflux disease'), ('Auto-inflammatory diseases', 'Inflammation'), ('Atherosclerosis', 'Coronary heart diseases'), ('Release of adipokines', 'Atherosclerosis'), ('Blood mono-unsaturated fatty acid level', 'Secretion of inflammatory molecules by adipose cells'), ('Insulin resistance', 'Fatty acids in the artery walls'), ('Insulin resistance', 'Cells intake of fatty acids'), ('Adipose storage of fatty acids', 'Inflammation'), ('Thoracic and abdominal obesity', 'Airway resistance'), ('Thoracic and abdominal obesity', 'Respiratory muscle fatigue'), ('Unhealthy weight control practices', 'Obesity'), ('Sodium retention', 'Blood pressure'), ('Short sleep duration', 'Pro-inflammatory cytokines'), ('Medications', 'Obesity'), ('Balance', 'Ability to engage in physical activity'), ('Short sleep duration', 'Cortisol'), ('Airway resistance', 'Asthma'), ('Short sleep duration', 'Blood pressure'), ('Fatty acids in the artery walls', 'Atherosclerosis'), ('Dyslipidemia', 'Insulin resistance'), ('Blood glucose level', 'Fatty acids in the artery walls'), ('Respiratory diseases', 'Ability to engage in physical activity'), ('Blood saturated fatty acid level', 'Secretion of inflammatory molecules by adipose cells'), ('Dysfunctional adipose tissue', 'Inflammation'), ('Coordination', 'Ability to engage in physical activity'), ('Obesity', 'Short sleep duration'), ('Inflammation', 'Asthma'), ('Coronary heart diseases', 'Dyspnea'), ('Tiredness', 'Ability to engage in physical activity'), ('Short sleep duration', 'Heart rate'), ('Blood fatty acid level', 'Blood glucose level'), ('Pro-inflammatory cytokines', 'Inflammation'), ('Respiratory muscle fatigue', 'Dyspnea'), ('Heart rate', 'Coronary heart diseases'), ('Medications', 'Coordination'), ('Beta blockers', 'Ability to engage in physical activity'), ('Sodium intake', 'Blood pressure'), ('Airway resistance', 'Asthma-like symptoms'), ('Medications', 'Concentration'), ('Cells intake of fatty acids', 'Adipose storage of fatty acids'), ('Physical pain', 'Ability to engage in physical activity'), ('Concentration', 'Ability to engage in physical activity'), ('Obesity', 'Release of adipokines'), ('Blood glucose level', 'Sodium retention'), ('Stimulants', 'Short sleep duration'), ('Obesity', 'Dysfunctional adipose tissue'), ('Medications', 'Tiredness'), ('Inflammation', 'Insulin resistance'), ('Inflammation', 'Auto-inflammatory diseases'), ('Blood fatty acid level', 'Adipose storage of fatty acids'), ('Dysfunctional adipose tissue', 'Blood pressure'), ('Dysfunctional adipose tissue', 'Dyslipidemia'), ('Obesity', 'Unhealthy weight control practices'), ('Obesity', 'Asthma-like symptoms'), ('Dyslipidemia', 'Atherosclerosis')]","[('Prevalence of walking trails', 'Quality of the sport infrastructure'), ('Medications', 'Balance'), ('Culture of eating that promotes healthy choices', 'Physical well-being'), ('Secretion of inflammatory molecules by adipose cells', 'Insulin resistance'), ('Presence of a vibrant community', 'Control'), ('Obesity', 'Weight bias'), ('Healthy eating', 'Blood mono-unsaturated fatty acid level'), ('Exercise', 'Heart rate'), ('Available time', 'Recreational physical activity'), ('Chronic conditions', 'Depression'), ('Exercise', 'Insulin resistance'), ('Weight bias', 'Socio-economic status'), ('Mental well-being', 'Physical well-being'), ('Obesity', 'Obstructive sleep apnea'), ('Eating disorders', 'Healthy eating'), ('Consumer demand for regulations', 'Marketing of healthy foods'), ('Dyslipidemia', 'Blood pressure'), ('Obesity', 'Gastro-esophageal reflux disease'), ('Perceived environmental safety', 'Mental well-being'), ('Late night TV watching', 'Short sleep duration'), ('Auto-inflammatory diseases', 'Inflammation'), ('Depression', 'Healthy eating'), ('Socio-economic status', 'Stress'), ('Exercise', 'Blood glucose level'), ('Public support and demand for healthy products', 'Marketing of healthy foods'), ('Unhealthy foods are cheaper than healthy ones', 'Supportive food environment'), ('Control', 'Mental well-being'), ('Atherosclerosis', 'Coronary heart diseases'), ('Socio-economic status', 'Physical well-being'), ('Ability to engage in physical activity', 'Physical activity'), ('Public health messaging around thinness', 'Weight bias'), ('Public support and demand for healthy products', 'Availability of healthy foods'), ('Release of adipokines', 'Atherosclerosis'), ('Consumer demand for regulations', 'Marketing of unhealthy foods'), ('Resilience', 'Mental well-being'), ('Blood mono-unsaturated fatty acid level', 'Secretion of inflammatory molecules by adipose cells'), ('Medical perspective that thin is good', 'Public health messaging around thinness'), ('Mental well-being', 'Medications'), ('Sexual difficulties', 'Mental well-being'), ('Insulin resistance', 'Fatty acids in the artery walls'), ('Insulin resistance', 'Cells intake of fatty acids'), ('Sidewalk prevalence and maintenance', 'Utilitarian physical activity '), ('Adipose storage of fatty acids', 'Inflammation'), ('Socio-economic status', 'Exercise'), ('Thoracic and abdominal obesity', 'Airway resistance'), ('Healthy eating', 'Short sleep duration'), ('Perceived environmental safety', 'Physical well-being'), ('Weight bias', 'Depression'), ('Emotional eating', 'Mental well-being'), ('Late night TV watching', 'Healthy eating'), ('Control', 'Stress'), ('Aesthetics', 'Physical well-being'), ('Economic incentives to produce unhealthy food products', 'Cost of unhealthy foods'), ('Supportive food environment', 'Healthy eating'), ('Appetite', 'Physical well-being'), ('Thoracic and abdominal obesity', 'Respiratory muscle fatigue'), ('Cardiovascular diseases', 'Fear of engaging in physical activity'), ('Socio-economic status', 'Mental well-being'), ('Unhealthy weight control practices', 'Obesity'), ('Exercise', 'Blood pressure'), ('Sodium retention', 'Blood pressure'), ('Short sleep duration', 'Pro-inflammatory cytokines'), ('Medications', 'Obesity'), ('Short sleep duration', 'Appetite'), ('Balance', 'Ability to engage in physical activity'), ('Short sleep duration', 'Cortisol'), ('Airway resistance', 'Asthma'), ('Short sleep duration', 'Blood pressure'), ('Medical perspective that thin is good', 'Cultural norms around thinness'), ('Healthy eating', 'Blood glucose level'), ('Mental well-being', 'Anticonvulsants'), ('Fatty acids in the artery walls', 'Atherosclerosis'), ('Dyslipidemia', 'Insulin resistance'), ('Blood glucose level', 'Fatty acids in the artery walls'), ('Respiratory diseases', 'Ability to engage in physical activity'), ('Blood saturated fatty acid level', 'Secretion of inflammatory molecules by adipose cells'), ('Dysfunctional adipose tissue', 'Inflammation'), ('Weight bias', 'Mental well-being'), ('Coordination', 'Ability to engage in physical activity'), ('Cultural norms around thinness', 'Cultural norms around thinness'), ('Cultural norms around thinness', 'Poor body image'), ('Obesity', 'Short sleep duration'), ('Inflammation', 'Asthma'), ('Healthy eating', 'Sodium intake'), ('Cultural norms around thinness', 'Eating disorders'), ('Poor body image', 'Sexual difficulties'), ('Fear of engaging in physical activity', 'Physical activity'), ('Short sleep duration', 'Healthy eating'), ('Coronary heart diseases', 'Dyspnea'), ('Stress', 'Inflammation'), ('Weight bias', 'Stress'), ('Unhealthy weight control practices', 'Eating disorders'), ('Tiredness', 'Ability to engage in physical activity'), ('Short sleep duration', 'Heart rate'), ('Prevalence of bike trails', 'Quality of the sport infrastructure'), ('Exercise', 'Blood fatty acid level'), ('Mental well-being', 'Emotional eating'), ('Poor body image', 'Poor body image'), ('Blood fatty acid level', 'Blood glucose level'), ('Cardiovascular diseases', 'Depression'), ('Pro-inflammatory cytokines', 'Inflammation'), ('Prevalence of green fields', 'Quality of the sport infrastructure'), ('Mental well-being', 'Antipsychotics'), ('Socio-economic status', 'Control'), ('Weight bias', 'Poor body image'), ('Positive experience of sports', 'Recreational physical activity'), ('Public support and demand for healthy products', 'Cost of healthy foods'), ('Socio-economic status', 'Availability of healthy foods'), ('Cardiovascular diseases', 'Physical well-being'), ('Respiratory muscle fatigue', 'Dyspnea'), ('Heart rate', 'Coronary heart diseases'), ('Pressure to be thin', 'Poor body image'), ('Medications', 'Coordination'), ('Beta blockers', 'Ability to engage in physical activity'), ('Antipsychotics', 'Appetite'), ('Sodium intake', 'Blood pressure'), ('Pressure to be thin', 'Unhealthy weight control practices'), ('Airway resistance', 'Asthma-like symptoms'), ('Depression', 'Stress'), ('Medications', 'Concentration'), ('Public support and demand for healthy products', 'Marketing of unhealthy foods'), ('Poor body image', 'Eating disorders'), ('Emotional eating', 'Healthy eating'), ('Obesity', 'Access to health professionals'), ('Obesity', 'Mental well-being'), ('Unhealthy foods are more available than healthy ones', 'Supportive food environment'), ('Healthy eating', 'Blood saturated fatty acid level'), ('Presence of a vibrant community', 'Resilience'), ('Cells intake of fatty acids', 'Adipose storage of fatty acids'), ('Physical activity', 'Physical well-being'), ('Appetite', 'Healthy eating'), ('Aesthetics', 'Stress'), ('Chronic conditions', 'Mental well-being'), ('Weight bias', 'Positive experience of sports'), ('Healthy eating', 'Dyslipidemia'), ('Quality of the sport infrastructure', 'Recreational physical activity'), ('Physical pain', 'Ability to engage in physical activity'), ('Prevalence of green fields', 'Aesthetics'), ('Concentration', 'Ability to engage in physical activity'), ('Aesthetics', 'Mental well-being'), ('Poor body image', 'Depression'), ('Chronic conditions', 'Physical well-being'), ('Obesity', 'Release of adipokines'), ('Blood glucose level', 'Sodium retention'), ('Restrictive covenants', 'Availability of healthy foods'), ('Musculoskeletal pain', 'Mental well-being'), ('Weight bias', 'Unhealthy weight control practices'), ('Physical activity', 'Mental well-being'), ('Access to health professionals', 'Ability to engage in physical activity'), ('Stimulants', 'Short sleep duration'), ('Culture of eating that promotes healthy choices', 'Healthy eating'), ('Culture of eating that promotes healthy choices', 'Mental well-being'), ('Weight bias', 'Exercise'), ('Obesity', 'Dysfunctional adipose tissue'), ('Medications', 'Tiredness'), ('Inflammation', 'Insulin resistance'), ('Anticonvulsants', 'Appetite'), ('Inflammation', 'Auto-inflammatory diseases'), ('Accessibility to shops', 'Utilitarian physical activity '), ('Blood fatty acid level', 'Adipose storage of fatty acids'), ('Perceived environmental safety', 'Physical activity'), ('Short sleep duration', 'Physical well-being'), ('Cultural norms around thinness', 'Pressure to be thin'), ('Weight bias', 'Access to health professionals'), ('Public health messaging around thinness', 'Pressure to be thin'), ('Dysfunctional adipose tissue', 'Blood pressure'), ('Dysfunctional adipose tissue', 'Dyslipidemia'), ('Aesthetics', 'Utilitarian physical activity '), ('Obesity', 'Unhealthy weight control practices'), ('Obesity', 'Asthma-like symptoms'), ('Marketing ratio of unhealthy to healthy foods', 'Supportive food environment'), ('Dyslipidemia', 'Atherosclerosis'), ('Physical well-being', 'Mental well-being'), ('Public support and demand for healthy products', 'Cost of unhealthy foods'), ('Musculoskeletal pain', 'Physical well-being'), ('Coronary heart diseases', 'Exercise')]"
4,"[('Stress', 'Heart rate'), ('Physical well-being', 'Coordination'), ('Stress', 'Coronary heart diseases'), ('Depression', 'Cortisol'), ('Mental well-being', 'Concentration'), ('Mental well-being', 'Ability to engage in physical activity'), ('Stress', 'Inflammation'), ('Mental well-being', 'Dyspnea'), ('Control', 'Blood pressure'), ('Physical well-being', 'Ability to engage in physical activity'), ('Resilience', 'Balance'), ('Control', 'Balance'), ('Socio-economic status', 'Beta blockers'), ('Culture of eating that promotes healthy choices', 'Adipose storage of fatty acids'), ('Pressure to be thin', 'Stimulants'), ('Physical well-being', 'Respiratory diseases'), ('Depression', 'Inflammation')]",1,-1,-1,1,-1,"[('Culture of eating that promotes healthy choices', 'Physical well-being'), ('Weight bias', 'Socio-economic status'), ('Mental well-being', 'Physical well-being'), ('Socio-economic status', 'Stress'), ('Control', 'Mental well-being'), ('Socio-economic status', 'Physical well-being'), ('Public health messaging around thinness', 'Weight bias'), ('Resilience', 'Mental well-being'), ('Medical perspective that thin is good', 'Public health messaging around thinness'), ('Weight bias', 'Depression'), ('Control', 'Stress'), ('Socio-economic status', 'Mental well-being'), ('Medical perspective that thin is good', 'Cultural norms around thinness'), ('Weight bias', 'Mental well-being'), ('Cultural norms around thinness', 'Cultural norms around thinness'), ('Cultural norms around thinness', 'Poor body image'), ('Weight bias', 'Stress'), ('Poor body image', 'Poor body image'), ('Socio-economic status', 'Control'), ('Weight bias', 'Poor body image'), ('Pressure to be thin', 'Poor body image'), ('Depression', 'Stress'), ('Poor body image', 'Depression'), ('Culture of eating that promotes healthy choices', 'Mental well-being'), ('Cultural norms around thinness', 'Pressure to be thin'), ('Public health messaging around thinness', 'Pressure to be thin'), ('Physical well-being', 'Mental well-being')]","[('Medications', 'Balance'), ('Secretion of inflammatory molecules by adipose cells', 'Insulin resistance'), ('Obesity', 'Obstructive sleep apnea'), ('Dyslipidemia', 'Blood pressure'), ('Obesity', 'Gastro-esophageal reflux disease'), ('Auto-inflammatory diseases', 'Inflammation'), ('Atherosclerosis', 'Coronary heart diseases'), ('Release of adipokines', 'Atherosclerosis'), ('Blood mono-unsaturated fatty acid level', 'Secretion of inflammatory molecules by adipose cells'), ('Insulin resistance', 'Fatty acids in the artery walls'), ('Insulin resistance', 'Cells intake of fatty acids'), ('Adipose storage of fatty acids', 'Inflammation'), ('Thoracic and abdominal obesity', 'Airway resistance'), ('Thoracic and abdominal obesity', 'Respiratory muscle fatigue'), ('Unhealthy weight control practices', 'Obesity'), ('Sodium retention', 'Blood pressure'), ('Short sleep duration', 'Pro-inflammatory cytokines'), ('Medications', 'Obesity'), ('Balance', 'Ability to engage in physical activity'), ('Short sleep duration', 'Cortisol'), ('Airway resistance', 'Asthma'), ('Short sleep duration', 'Blood pressure'), ('Fatty acids in the artery walls', 'Atherosclerosis'), ('Dyslipidemia', 'Insulin resistance'), ('Blood glucose level', 'Fatty acids in the artery walls'), ('Respiratory diseases', 'Ability to engage in physical activity'), ('Blood saturated fatty acid level', 'Secretion of inflammatory molecules by adipose cells'), ('Dysfunctional adipose tissue', 'Inflammation'), ('Coordination', 'Ability to engage in physical activity'), ('Obesity', 'Short sleep duration'), ('Inflammation', 'Asthma'), ('Coronary heart diseases', 'Dyspnea'), ('Tiredness', 'Ability to engage in physical activity'), ('Short sleep duration', 'Heart rate'), ('Blood fatty acid level', 'Blood glucose level'), ('Pro-inflammatory cytokines', 'Inflammation'), ('Respiratory muscle fatigue', 'Dyspnea'), ('Heart rate', 'Coronary heart diseases'), ('Medications', 'Coordination'), ('Beta blockers', 'Ability to engage in physical activity'), ('Sodium intake', 'Blood pressure'), ('Airway resistance', 'Asthma-like symptoms'), ('Medications', 'Concentration'), ('Cells intake of fatty acids', 'Adipose storage of fatty acids'), ('Physical pain', 'Ability to engage in physical activity'), ('Concentration', 'Ability to engage in physical activity'), ('Obesity', 'Release of adipokines'), ('Blood glucose level', 'Sodium retention'), ('Stimulants', 'Short sleep duration'), ('Obesity', 'Dysfunctional adipose tissue'), ('Medications', 'Tiredness'), ('Inflammation', 'Insulin resistance'), ('Inflammation', 'Auto-inflammatory diseases'), ('Blood fatty acid level', 'Adipose storage of fatty acids'), ('Dysfunctional adipose tissue', 'Blood pressure'), ('Dysfunctional adipose tissue', 'Dyslipidemia'), ('Obesity', 'Unhealthy weight control practices'), ('Obesity', 'Asthma-like symptoms'), ('Dyslipidemia', 'Atherosclerosis')]","[('Prevalence of walking trails', 'Quality of the sport infrastructure'), ('Medications', 'Balance'), ('Culture of eating that promotes healthy choices', 'Physical well-being'), ('Secretion of inflammatory molecules by adipose cells', 'Insulin resistance'), ('Presence of a vibrant community', 'Control'), ('Obesity', 'Weight bias'), ('Healthy eating', 'Blood mono-unsaturated fatty acid level'), ('Exercise', 'Heart rate'), ('Available time', 'Recreational physical activity'), ('Chronic conditions', 'Depression'), ('Exercise', 'Insulin resistance'), ('Weight bias', 'Socio-economic status'), ('Mental well-being', 'Physical well-being'), ('Obesity', 'Obstructive sleep apnea'), ('Eating disorders', 'Healthy eating'), ('Consumer demand for regulations', 'Marketing of healthy foods'), ('Dyslipidemia', 'Blood pressure'), ('Obesity', 'Gastro-esophageal reflux disease'), ('Perceived environmental safety', 'Mental well-being'), ('Late night TV watching', 'Short sleep duration'), ('Auto-inflammatory diseases', 'Inflammation'), ('Depression', 'Healthy eating'), ('Socio-economic status', 'Stress'), ('Exercise', 'Blood glucose level'), ('Public support and demand for healthy products', 'Marketing of healthy foods'), ('Unhealthy foods are cheaper than healthy ones', 'Supportive food environment'), ('Control', 'Mental well-being'), ('Atherosclerosis', 'Coronary heart diseases'), ('Socio-economic status', 'Physical well-being'), ('Ability to engage in physical activity', 'Physical activity'), ('Public health messaging around thinness', 'Weight bias'), ('Public support and demand for healthy products', 'Availability of healthy foods'), ('Release of adipokines', 'Atherosclerosis'), ('Consumer demand for regulations', 'Marketing of unhealthy foods'), ('Resilience', 'Mental well-being'), ('Blood mono-unsaturated fatty acid level', 'Secretion of inflammatory molecules by adipose cells'), ('Medical perspective that thin is good', 'Public health messaging around thinness'), ('Mental well-being', 'Medications'), ('Sexual difficulties', 'Mental well-being'), ('Insulin resistance', 'Fatty acids in the artery walls'), ('Insulin resistance', 'Cells intake of fatty acids'), ('Sidewalk prevalence and maintenance', 'Utilitarian physical activity '), ('Adipose storage of fatty acids', 'Inflammation'), ('Socio-economic status', 'Exercise'), ('Thoracic and abdominal obesity', 'Airway resistance'), ('Healthy eating', 'Short sleep duration'), ('Perceived environmental safety', 'Physical well-being'), ('Weight bias', 'Depression'), ('Emotional eating', 'Mental well-being'), ('Late night TV watching', 'Healthy eating'), ('Control', 'Stress'), ('Aesthetics', 'Physical well-being'), ('Economic incentives to produce unhealthy food products', 'Cost of unhealthy foods'), ('Supportive food environment', 'Healthy eating'), ('Appetite', 'Physical well-being'), ('Thoracic and abdominal obesity', 'Respiratory muscle fatigue'), ('Cardiovascular diseases', 'Fear of engaging in physical activity'), ('Socio-economic status', 'Mental well-being'), ('Unhealthy weight control practices', 'Obesity'), ('Exercise', 'Blood pressure'), ('Sodium retention', 'Blood pressure'), ('Short sleep duration', 'Pro-inflammatory cytokines'), ('Medications', 'Obesity'), ('Short sleep duration', 'Appetite'), ('Balance', 'Ability to engage in physical activity'), ('Short sleep duration', 'Cortisol'), ('Airway resistance', 'Asthma'), ('Short sleep duration', 'Blood pressure'), ('Medical perspective that thin is good', 'Cultural norms around thinness'), ('Healthy eating', 'Blood glucose level'), ('Mental well-being', 'Anticonvulsants'), ('Fatty acids in the artery walls', 'Atherosclerosis'), ('Dyslipidemia', 'Insulin resistance'), ('Blood glucose level', 'Fatty acids in the artery walls'), ('Respiratory diseases', 'Ability to engage in physical activity'), ('Blood saturated fatty acid level', 'Secretion of inflammatory molecules by adipose cells'), ('Dysfunctional adipose tissue', 'Inflammation'), ('Weight bias', 'Mental well-being'), ('Coordination', 'Ability to engage in physical activity'), ('Cultural norms around thinness', 'Cultural norms around thinness'), ('Cultural norms around thinness', 'Poor body image'), ('Obesity', 'Short sleep duration'), ('Inflammation', 'Asthma'), ('Healthy eating', 'Sodium intake'), ('Cultural norms around thinness', 'Eating disorders'), ('Poor body image', 'Sexual difficulties'), ('Fear of engaging in physical activity', 'Physical activity'), ('Short sleep duration', 'Healthy eating'), ('Coronary heart diseases', 'Dyspnea'), ('Stress', 'Inflammation'), ('Weight bias', 'Stress'), ('Unhealthy weight control practices', 'Eating disorders'), ('Tiredness', 'Ability to engage in physical activity'), ('Short sleep duration', 'Heart rate'), ('Prevalence of bike trails', 'Quality of the sport infrastructure'), ('Exercise', 'Blood fatty acid level'), ('Mental well-being', 'Emotional eating'), ('Poor body image', 'Poor body image'), ('Blood fatty acid level', 'Blood glucose level'), ('Cardiovascular diseases', 'Depression'), ('Pro-inflammatory cytokines', 'Inflammation'), ('Prevalence of green fields', 'Quality of the sport infrastructure'), ('Mental well-being', 'Antipsychotics'), ('Socio-economic status', 'Control'), ('Weight bias', 'Poor body image'), ('Positive experience of sports', 'Recreational physical activity'), ('Public support and demand for healthy products', 'Cost of healthy foods'), ('Socio-economic status', 'Availability of healthy foods'), ('Cardiovascular diseases', 'Physical well-being'), ('Respiratory muscle fatigue', 'Dyspnea'), ('Heart rate', 'Coronary heart diseases'), ('Pressure to be thin', 'Poor body image'), ('Medications', 'Coordination'), ('Beta blockers', 'Ability to engage in physical activity'), ('Antipsychotics', 'Appetite'), ('Sodium intake', 'Blood pressure'), ('Pressure to be thin', 'Unhealthy weight control practices'), ('Airway resistance', 'Asthma-like symptoms'), ('Depression', 'Stress'), ('Medications', 'Concentration'), ('Public support and demand for healthy products', 'Marketing of unhealthy foods'), ('Poor body image', 'Eating disorders'), ('Emotional eating', 'Healthy eating'), ('Obesity', 'Access to health professionals'), ('Obesity', 'Mental well-being'), ('Unhealthy foods are more available than healthy ones', 'Supportive food environment'), ('Healthy eating', 'Blood saturated fatty acid level'), ('Presence of a vibrant community', 'Resilience'), ('Cells intake of fatty acids', 'Adipose storage of fatty acids'), ('Physical activity', 'Physical well-being'), ('Appetite', 'Healthy eating'), ('Aesthetics', 'Stress'), ('Chronic conditions', 'Mental well-being'), ('Weight bias', 'Positive experience of sports'), ('Healthy eating', 'Dyslipidemia'), ('Quality of the sport infrastructure', 'Recreational physical activity'), ('Physical pain', 'Ability to engage in physical activity'), ('Prevalence of green fields', 'Aesthetics'), ('Concentration', 'Ability to engage in physical activity'), ('Aesthetics', 'Mental well-being'), ('Poor body image', 'Depression'), ('Chronic conditions', 'Physical well-being'), ('Obesity', 'Release of adipokines'), ('Blood glucose level', 'Sodium retention'), ('Restrictive covenants', 'Availability of healthy foods'), ('Musculoskeletal pain', 'Mental well-being'), ('Weight bias', 'Unhealthy weight control practices'), ('Physical activity', 'Mental well-being'), ('Access to health professionals', 'Ability to engage in physical activity'), ('Stimulants', 'Short sleep duration'), ('Culture of eating that promotes healthy choices', 'Healthy eating'), ('Culture of eating that promotes healthy choices', 'Mental well-being'), ('Weight bias', 'Exercise'), ('Obesity', 'Dysfunctional adipose tissue'), ('Medications', 'Tiredness'), ('Inflammation', 'Insulin resistance'), ('Anticonvulsants', 'Appetite'), ('Inflammation', 'Auto-inflammatory diseases'), ('Accessibility to shops', 'Utilitarian physical activity '), ('Blood fatty acid level', 'Adipose storage of fatty acids'), ('Perceived environmental safety', 'Physical activity'), ('Short sleep duration', 'Physical well-being'), ('Cultural norms around thinness', 'Pressure to be thin'), ('Weight bias', 'Access to health professionals'), ('Public health messaging around thinness', 'Pressure to be thin'), ('Dysfunctional adipose tissue', 'Blood pressure'), ('Dysfunctional adipose tissue', 'Dyslipidemia'), ('Aesthetics', 'Utilitarian physical activity '), ('Obesity', 'Unhealthy weight control practices'), ('Obesity', 'Asthma-like symptoms'), ('Marketing ratio of unhealthy to healthy foods', 'Supportive food environment'), ('Dyslipidemia', 'Atherosclerosis'), ('Physical well-being', 'Mental well-being'), ('Public support and demand for healthy products', 'Cost of unhealthy foods'), ('Musculoskeletal pain', 'Physical well-being'), ('Coronary heart diseases', 'Exercise')]"
0,"[('Resilience', 'Cortisol'), ('Weight bias', 'Dysfunctional adipose tissue'), ('Culture of eating that promotes healthy choices', 'Adipose storage of fatty acids'), ('Pressure to be thin', 'Short sleep duration'), ('Mental well-being', 'Pro-inflammatory cytokines'), ('Stress', 'Heart rate'), ('Socio-economic status', 'Blood glucose level'), ('Control', 'Blood pressure'), ('Medical perspective that thin is good', 'Blood saturated fatty acid level'), ('Poor body image', 'Unhealthy weight control practices'), ('Physical well-being', 'Ability to engage in physical activity'), ('Public health messaging around thinness', 'Obesity'), ('Cultural norms around thinness', 'Blood fatty acid level'), ('Depression', 'Inflammation')]",1,-1,-1,-1,-1,"[('Culture of eating that promotes healthy choices', 'Physical well-being'), ('Weight bias', 'Socio-economic status'), ('Mental well-being', 'Physical well-being'), ('Socio-economic status', 'Stress'), ('Control', 'Mental well-being'), ('Socio-economic status', 'Physical well-being'), ('Public health messaging around thinness', 'Weight bias'), ('Resilience', 'Mental well-being'), ('Medical perspective that thin is good', 'Public health messaging around thinness'), ('Weight bias', 'Depression'), ('Control', 'Stress'), ('Socio-economic status', 'Mental well-being'), ('Medical perspective that thin is good', 'Cultural norms around thinness'), ('Weight bias', 'Mental well-being'), ('Cultural norms around thinness', 'Cultural norms around thinness'), ('Cultural norms around thinness', 'Poor body image'), ('Weight bias', 'Stress'), ('Poor body image', 'Poor body image'), ('Socio-economic status', 'Control'), ('Weight bias', 'Poor body image'), ('Pressure to be thin', 'Poor body image'), ('Depression', 'Stress'), ('Poor body image', 'Depression'), ('Culture of eating that promotes healthy choices', 'Mental well-being'), ('Cultural norms around thinness', 'Pressure to be thin'), ('Public health messaging around thinness', 'Pressure to be thin'), ('Physical well-being', 'Mental well-being')]","[('Medications', 'Balance'), ('Secretion of inflammatory molecules by adipose cells', 'Insulin resistance'), ('Obesity', 'Obstructive sleep apnea'), ('Dyslipidemia', 'Blood pressure'), ('Obesity', 'Gastro-esophageal reflux disease'), ('Auto-inflammatory diseases', 'Inflammation'), ('Atherosclerosis', 'Coronary heart diseases'), ('Release of adipokines', 'Atherosclerosis'), ('Blood mono-unsaturated fatty acid level', 'Secretion of inflammatory molecules by adipose cells'), ('Insulin resistance', 'Fatty acids in the artery walls'), ('Insulin resistance', 'Cells intake of fatty acids'), ('Adipose storage of fatty acids', 'Inflammation'), ('Thoracic and abdominal obesity', 'Airway resistance'), ('Thoracic and abdominal obesity', 'Respiratory muscle fatigue'), ('Unhealthy weight control practices', 'Obesity'), ('Sodium retention', 'Blood pressure'), ('Short sleep duration', 'Pro-inflammatory cytokines'), ('Medications', 'Obesity'), ('Balance', 'Ability to engage in physical activity'), ('Short sleep duration', 'Cortisol'), ('Airway resistance', 'Asthma'), ('Short sleep duration', 'Blood pressure'), ('Fatty acids in the artery walls', 'Atherosclerosis'), ('Dyslipidemia', 'Insulin resistance'), ('Blood glucose level', 'Fatty acids in the artery walls'), ('Respiratory diseases', 'Ability to engage in physical activity'), ('Blood saturated fatty acid level', 'Secretion of inflammatory molecules by adipose cells'), ('Dysfunctional adipose tissue', 'Inflammation'), ('Coordination', 'Ability to engage in physical activity'), ('Obesity', 'Short sleep duration'), ('Inflammation', 'Asthma'), ('Coronary heart diseases', 'Dyspnea'), ('Tiredness', 'Ability to engage in physical activity'), ('Short sleep duration', 'Heart rate'), ('Blood fatty acid level', 'Blood glucose level'), ('Pro-inflammatory cytokines', 'Inflammation'), ('Respiratory muscle fatigue', 'Dyspnea'), ('Heart rate', 'Coronary heart diseases'), ('Medications', 'Coordination'), ('Beta blockers', 'Ability to engage in physical activity'), ('Sodium intake', 'Blood pressure'), ('Airway resistance', 'Asthma-like symptoms'), ('Medications', 'Concentration'), ('Cells intake of fatty acids', 'Adipose storage of fatty acids'), ('Physical pain', 'Ability to engage in physical activity'), ('Concentration', 'Ability to engage in physical activity'), ('Obesity', 'Release of adipokines'), ('Blood glucose level', 'Sodium retention'), ('Stimulants', 'Short sleep duration'), ('Obesity', 'Dysfunctional adipose tissue'), ('Medications', 'Tiredness'), ('Inflammation', 'Insulin resistance'), ('Inflammation', 'Auto-inflammatory diseases'), ('Blood fatty acid level', 'Adipose storage of fatty acids'), ('Dysfunctional adipose tissue', 'Blood pressure'), ('Dysfunctional adipose tissue', 'Dyslipidemia'), ('Obesity', 'Unhealthy weight control practices'), ('Obesity', 'Asthma-like symptoms'), ('Dyslipidemia', 'Atherosclerosis')]","[('Prevalence of walking trails', 'Quality of the sport infrastructure'), ('Medications', 'Balance'), ('Culture of eating that promotes healthy choices', 'Physical well-being'), ('Secretion of inflammatory molecules by adipose cells', 'Insulin resistance'), ('Presence of a vibrant community', 'Control'), ('Obesity', 'Weight bias'), ('Healthy eating', 'Blood mono-unsaturated fatty acid level'), ('Exercise', 'Heart rate'), ('Available time', 'Recreational physical activity'), ('Chronic conditions', 'Depression'), ('Exercise', 'Insulin resistance'), ('Weight bias', 'Socio-economic status'), ('Mental well-being', 'Physical well-being'), ('Obesity', 'Obstructive sleep apnea'), ('Eating disorders', 'Healthy eating'), ('Consumer demand for regulations', 'Marketing of healthy foods'), ('Dyslipidemia', 'Blood pressure'), ('Obesity', 'Gastro-esophageal reflux disease'), ('Perceived environmental safety', 'Mental well-being'), ('Late night TV watching', 'Short sleep duration'), ('Auto-inflammatory diseases', 'Inflammation'), ('Depression', 'Healthy eating'), ('Socio-economic status', 'Stress'), ('Exercise', 'Blood glucose level'), ('Public support and demand for healthy products', 'Marketing of healthy foods'), ('Unhealthy foods are cheaper than healthy ones', 'Supportive food environment'), ('Control', 'Mental well-being'), ('Atherosclerosis', 'Coronary heart diseases'), ('Socio-economic status', 'Physical well-being'), ('Ability to engage in physical activity', 'Physical activity'), ('Public health messaging around thinness', 'Weight bias'), ('Public support and demand for healthy products', 'Availability of healthy foods'), ('Release of adipokines', 'Atherosclerosis'), ('Consumer demand for regulations', 'Marketing of unhealthy foods'), ('Resilience', 'Mental well-being'), ('Blood mono-unsaturated fatty acid level', 'Secretion of inflammatory molecules by adipose cells'), ('Medical perspective that thin is good', 'Public health messaging around thinness'), ('Mental well-being', 'Medications'), ('Sexual difficulties', 'Mental well-being'), ('Insulin resistance', 'Fatty acids in the artery walls'), ('Insulin resistance', 'Cells intake of fatty acids'), ('Sidewalk prevalence and maintenance', 'Utilitarian physical activity '), ('Adipose storage of fatty acids', 'Inflammation'), ('Socio-economic status', 'Exercise'), ('Thoracic and abdominal obesity', 'Airway resistance'), ('Healthy eating', 'Short sleep duration'), ('Perceived environmental safety', 'Physical well-being'), ('Weight bias', 'Depression'), ('Emotional eating', 'Mental well-being'), ('Late night TV watching', 'Healthy eating'), ('Control', 'Stress'), ('Aesthetics', 'Physical well-being'), ('Economic incentives to produce unhealthy food products', 'Cost of unhealthy foods'), ('Supportive food environment', 'Healthy eating'), ('Appetite', 'Physical well-being'), ('Thoracic and abdominal obesity', 'Respiratory muscle fatigue'), ('Cardiovascular diseases', 'Fear of engaging in physical activity'), ('Socio-economic status', 'Mental well-being'), ('Unhealthy weight control practices', 'Obesity'), ('Exercise', 'Blood pressure'), ('Sodium retention', 'Blood pressure'), ('Short sleep duration', 'Pro-inflammatory cytokines'), ('Medications', 'Obesity'), ('Short sleep duration', 'Appetite'), ('Balance', 'Ability to engage in physical activity'), ('Short sleep duration', 'Cortisol'), ('Airway resistance', 'Asthma'), ('Short sleep duration', 'Blood pressure'), ('Medical perspective that thin is good', 'Cultural norms around thinness'), ('Healthy eating', 'Blood glucose level'), ('Mental well-being', 'Anticonvulsants'), ('Fatty acids in the artery walls', 'Atherosclerosis'), ('Dyslipidemia', 'Insulin resistance'), ('Blood glucose level', 'Fatty acids in the artery walls'), ('Respiratory diseases', 'Ability to engage in physical activity'), ('Blood saturated fatty acid level', 'Secretion of inflammatory molecules by adipose cells'), ('Dysfunctional adipose tissue', 'Inflammation'), ('Weight bias', 'Mental well-being'), ('Coordination', 'Ability to engage in physical activity'), ('Cultural norms around thinness', 'Cultural norms around thinness'), ('Cultural norms around thinness', 'Poor body image'), ('Obesity', 'Short sleep duration'), ('Inflammation', 'Asthma'), ('Healthy eating', 'Sodium intake'), ('Cultural norms around thinness', 'Eating disorders'), ('Poor body image', 'Sexual difficulties'), ('Fear of engaging in physical activity', 'Physical activity'), ('Short sleep duration', 'Healthy eating'), ('Coronary heart diseases', 'Dyspnea'), ('Stress', 'Inflammation'), ('Weight bias', 'Stress'), ('Unhealthy weight control practices', 'Eating disorders'), ('Tiredness', 'Ability to engage in physical activity'), ('Short sleep duration', 'Heart rate'), ('Prevalence of bike trails', 'Quality of the sport infrastructure'), ('Exercise', 'Blood fatty acid level'), ('Mental well-being', 'Emotional eating'), ('Poor body image', 'Poor body image'), ('Blood fatty acid level', 'Blood glucose level'), ('Cardiovascular diseases', 'Depression'), ('Pro-inflammatory cytokines', 'Inflammation'), ('Prevalence of green fields', 'Quality of the sport infrastructure'), ('Mental well-being', 'Antipsychotics'), ('Socio-economic status', 'Control'), ('Weight bias', 'Poor body image'), ('Positive experience of sports', 'Recreational physical activity'), ('Public support and demand for healthy products', 'Cost of healthy foods'), ('Socio-economic status', 'Availability of healthy foods'), ('Cardiovascular diseases', 'Physical well-being'), ('Respiratory muscle fatigue', 'Dyspnea'), ('Heart rate', 'Coronary heart diseases'), ('Pressure to be thin', 'Poor body image'), ('Medications', 'Coordination'), ('Beta blockers', 'Ability to engage in physical activity'), ('Antipsychotics', 'Appetite'), ('Sodium intake', 'Blood pressure'), ('Pressure to be thin', 'Unhealthy weight control practices'), ('Airway resistance', 'Asthma-like symptoms'), ('Depression', 'Stress'), ('Medications', 'Concentration'), ('Public support and demand for healthy products', 'Marketing of unhealthy foods'), ('Poor body image', 'Eating disorders'), ('Emotional eating', 'Healthy eating'), ('Obesity', 'Access to health professionals'), ('Obesity', 'Mental well-being'), ('Unhealthy foods are more available than healthy ones', 'Supportive food environment'), ('Healthy eating', 'Blood saturated fatty acid level'), ('Presence of a vibrant community', 'Resilience'), ('Cells intake of fatty acids', 'Adipose storage of fatty acids'), ('Physical activity', 'Physical well-being'), ('Appetite', 'Healthy eating'), ('Aesthetics', 'Stress'), ('Chronic conditions', 'Mental well-being'), ('Weight bias', 'Positive experience of sports'), ('Healthy eating', 'Dyslipidemia'), ('Quality of the sport infrastructure', 'Recreational physical activity'), ('Physical pain', 'Ability to engage in physical activity'), ('Prevalence of green fields', 'Aesthetics'), ('Concentration', 'Ability to engage in physical activity'), ('Aesthetics', 'Mental well-being'), ('Poor body image', 'Depression'), ('Chronic conditions', 'Physical well-being'), ('Obesity', 'Release of adipokines'), ('Blood glucose level', 'Sodium retention'), ('Restrictive covenants', 'Availability of healthy foods'), ('Musculoskeletal pain', 'Mental well-being'), ('Weight bias', 'Unhealthy weight control practices'), ('Physical activity', 'Mental well-being'), ('Access to health professionals', 'Ability to engage in physical activity'), ('Stimulants', 'Short sleep duration'), ('Culture of eating that promotes healthy choices', 'Healthy eating'), ('Culture of eating that promotes healthy choices', 'Mental well-being'), ('Weight bias', 'Exercise'), ('Obesity', 'Dysfunctional adipose tissue'), ('Medications', 'Tiredness'), ('Inflammation', 'Insulin resistance'), ('Anticonvulsants', 'Appetite'), ('Inflammation', 'Auto-inflammatory diseases'), ('Accessibility to shops', 'Utilitarian physical activity '), ('Blood fatty acid level', 'Adipose storage of fatty acids'), ('Perceived environmental safety', 'Physical activity'), ('Short sleep duration', 'Physical well-being'), ('Cultural norms around thinness', 'Pressure to be thin'), ('Weight bias', 'Access to health professionals'), ('Public health messaging around thinness', 'Pressure to be thin'), ('Dysfunctional adipose tissue', 'Blood pressure'), ('Dysfunctional adipose tissue', 'Dyslipidemia'), ('Aesthetics', 'Utilitarian physical activity '), ('Obesity', 'Unhealthy weight control practices'), ('Obesity', 'Asthma-like symptoms'), ('Marketing ratio of unhealthy to healthy foods', 'Supportive food environment'), ('Dyslipidemia', 'Atherosclerosis'), ('Physical well-being', 'Mental well-being'), ('Public support and demand for healthy products', 'Cost of unhealthy foods'), ('Musculoskeletal pain', 'Physical well-being'), ('Coronary heart diseases', 'Exercise')]"
1,"[('Resilience', 'Cortisol'), ('Weight bias', 'Dysfunctional adipose tissue'), ('Culture of eating that promotes healthy choices', 'Adipose storage of fatty acids'), ('Pressure to be thin', 'Short sleep duration'), ('Mental well-being', 'Pro-inflammatory cytokines'), ('Stress', 'Heart rate'), ('Socio-economic status', 'Blood glucose level'), ('Control', 'Blood pressure'), ('Medical perspective that thin is good', 'Blood saturated fatty acid level'), ('Poor body image', 'Unhealthy weight control practices'), ('Physical well-being', 'Ability to engage in physical activity'), ('Public health messaging around thinness', 'Obesity'), ('Cultural norms around thinness', 'Blood fatty acid level'), ('Depression', 'Inflammation')]",1,-1,-1,-1,-1,"[('Culture of eating that promotes healthy choices', 'Physical well-being'), ('Weight bias', 'Socio-economic status'), ('Mental well-being', 'Physical well-being'), ('Socio-economic status', 'Stress'), ('Control', 'Mental well-being'), ('Socio-economic status', 'Physical well-being'), ('Public health messaging around thinness', 'Weight bias'), ('Resilience', 'Mental well-being'), ('Medical perspective that thin is good', 'Public health messaging around thinness'), ('Weight bias', 'Depression'), ('Control', 'Stress'), ('Socio-economic status', 'Mental well-being'), ('Medical perspective that thin is good', 'Cultural norms around thinness'), ('Weight bias', 'Mental well-being'), ('Cultural norms around thinness', 'Cultural norms around thinness'), ('Cultural norms around thinness', 'Poor body image'), ('Weight bias', 'Stress'), ('Poor body image', 'Poor body image'), ('Socio-economic status', 'Control'), ('Weight bias', 'Poor body image'), ('Pressure to be thin', 'Poor body image'), ('Depression', 'Stress'), ('Poor body image', 'Depression'), ('Culture of eating that promotes healthy choices', 'Mental well-being'), ('Cultural norms around thinness', 'Pressure to be thin'), ('Public health messaging around thinness', 'Pressure to be thin'), ('Physical well-being', 'Mental well-being')]","[('Medications', 'Balance'), ('Secretion of inflammatory molecules by adipose cells', 'Insulin resistance'), ('Obesity', 'Obstructive sleep apnea'), ('Dyslipidemia', 'Blood pressure'), ('Obesity', 'Gastro-esophageal reflux disease'), ('Auto-inflammatory diseases', 'Inflammation'), ('Atherosclerosis', 'Coronary heart diseases'), ('Release of adipokines', 'Atherosclerosis'), ('Blood mono-unsaturated fatty acid level', 'Secretion of inflammatory molecules by adipose cells'), ('Insulin resistance', 'Fatty acids in the artery walls'), ('Insulin resistance', 'Cells intake of fatty acids'), ('Adipose storage of fatty acids', 'Inflammation'), ('Thoracic and abdominal obesity', 'Airway resistance'), ('Thoracic and abdominal obesity', 'Respiratory muscle fatigue'), ('Unhealthy weight control practices', 'Obesity'), ('Sodium retention', 'Blood pressure'), ('Short sleep duration', 'Pro-inflammatory cytokines'), ('Medications', 'Obesity'), ('Balance', 'Ability to engage in physical activity'), ('Short sleep duration', 'Cortisol'), ('Airway resistance', 'Asthma'), ('Short sleep duration', 'Blood pressure'), ('Fatty acids in the artery walls', 'Atherosclerosis'), ('Dyslipidemia', 'Insulin resistance'), ('Blood glucose level', 'Fatty acids in the artery walls'), ('Respiratory diseases', 'Ability to engage in physical activity'), ('Blood saturated fatty acid level', 'Secretion of inflammatory molecules by adipose cells'), ('Dysfunctional adipose tissue', 'Inflammation'), ('Coordination', 'Ability to engage in physical activity'), ('Obesity', 'Short sleep duration'), ('Inflammation', 'Asthma'), ('Coronary heart diseases', 'Dyspnea'), ('Tiredness', 'Ability to engage in physical activity'), ('Short sleep duration', 'Heart rate'), ('Blood fatty acid level', 'Blood glucose level'), ('Pro-inflammatory cytokines', 'Inflammation'), ('Respiratory muscle fatigue', 'Dyspnea'), ('Heart rate', 'Coronary heart diseases'), ('Medications', 'Coordination'), ('Beta blockers', 'Ability to engage in physical activity'), ('Sodium intake', 'Blood pressure'), ('Airway resistance', 'Asthma-like symptoms'), ('Medications', 'Concentration'), ('Cells intake of fatty acids', 'Adipose storage of fatty acids'), ('Physical pain', 'Ability to engage in physical activity'), ('Concentration', 'Ability to engage in physical activity'), ('Obesity', 'Release of adipokines'), ('Blood glucose level', 'Sodium retention'), ('Stimulants', 'Short sleep duration'), ('Obesity', 'Dysfunctional adipose tissue'), ('Medications', 'Tiredness'), ('Inflammation', 'Insulin resistance'), ('Inflammation', 'Auto-inflammatory diseases'), ('Blood fatty acid level', 'Adipose storage of fatty acids'), ('Dysfunctional adipose tissue', 'Blood pressure'), ('Dysfunctional adipose tissue', 'Dyslipidemia'), ('Obesity', 'Unhealthy weight control practices'), ('Obesity', 'Asthma-like symptoms'), ('Dyslipidemia', 'Atherosclerosis')]","[('Prevalence of walking trails', 'Quality of the sport infrastructure'), ('Medications', 'Balance'), ('Culture of eating that promotes healthy choices', 'Physical well-being'), ('Secretion of inflammatory molecules by adipose cells', 'Insulin resistance'), ('Presence of a vibrant community', 'Control'), ('Obesity', 'Weight bias'), ('Healthy eating', 'Blood mono-unsaturated fatty acid level'), ('Exercise', 'Heart rate'), ('Available time', 'Recreational physical activity'), ('Chronic conditions', 'Depression'), ('Exercise', 'Insulin resistance'), ('Weight bias', 'Socio-economic status'), ('Mental well-being', 'Physical well-being'), ('Obesity', 'Obstructive sleep apnea'), ('Eating disorders', 'Healthy eating'), ('Consumer demand for regulations', 'Marketing of healthy foods'), ('Dyslipidemia', 'Blood pressure'), ('Obesity', 'Gastro-esophageal reflux disease'), ('Perceived environmental safety', 'Mental well-being'), ('Late night TV watching', 'Short sleep duration'), ('Auto-inflammatory diseases', 'Inflammation'), ('Depression', 'Healthy eating'), ('Socio-economic status', 'Stress'), ('Exercise', 'Blood glucose level'), ('Public support and demand for healthy products', 'Marketing of healthy foods'), ('Unhealthy foods are cheaper than healthy ones', 'Supportive food environment'), ('Control', 'Mental well-being'), ('Atherosclerosis', 'Coronary heart diseases'), ('Socio-economic status', 'Physical well-being'), ('Ability to engage in physical activity', 'Physical activity'), ('Public health messaging around thinness', 'Weight bias'), ('Public support and demand for healthy products', 'Availability of healthy foods'), ('Release of adipokines', 'Atherosclerosis'), ('Consumer demand for regulations', 'Marketing of unhealthy foods'), ('Resilience', 'Mental well-being'), ('Blood mono-unsaturated fatty acid level', 'Secretion of inflammatory molecules by adipose cells'), ('Medical perspective that thin is good', 'Public health messaging around thinness'), ('Mental well-being', 'Medications'), ('Sexual difficulties', 'Mental well-being'), ('Insulin resistance', 'Fatty acids in the artery walls'), ('Insulin resistance', 'Cells intake of fatty acids'), ('Sidewalk prevalence and maintenance', 'Utilitarian physical activity '), ('Adipose storage of fatty acids', 'Inflammation'), ('Socio-economic status', 'Exercise'), ('Thoracic and abdominal obesity', 'Airway resistance'), ('Healthy eating', 'Short sleep duration'), ('Perceived environmental safety', 'Physical well-being'), ('Weight bias', 'Depression'), ('Emotional eating', 'Mental well-being'), ('Late night TV watching', 'Healthy eating'), ('Control', 'Stress'), ('Aesthetics', 'Physical well-being'), ('Economic incentives to produce unhealthy food products', 'Cost of unhealthy foods'), ('Supportive food environment', 'Healthy eating'), ('Appetite', 'Physical well-being'), ('Thoracic and abdominal obesity', 'Respiratory muscle fatigue'), ('Cardiovascular diseases', 'Fear of engaging in physical activity'), ('Socio-economic status', 'Mental well-being'), ('Unhealthy weight control practices', 'Obesity'), ('Exercise', 'Blood pressure'), ('Sodium retention', 'Blood pressure'), ('Short sleep duration', 'Pro-inflammatory cytokines'), ('Medications', 'Obesity'), ('Short sleep duration', 'Appetite'), ('Balance', 'Ability to engage in physical activity'), ('Short sleep duration', 'Cortisol'), ('Airway resistance', 'Asthma'), ('Short sleep duration', 'Blood pressure'), ('Medical perspective that thin is good', 'Cultural norms around thinness'), ('Healthy eating', 'Blood glucose level'), ('Mental well-being', 'Anticonvulsants'), ('Fatty acids in the artery walls', 'Atherosclerosis'), ('Dyslipidemia', 'Insulin resistance'), ('Blood glucose level', 'Fatty acids in the artery walls'), ('Respiratory diseases', 'Ability to engage in physical activity'), ('Blood saturated fatty acid level', 'Secretion of inflammatory molecules by adipose cells'), ('Dysfunctional adipose tissue', 'Inflammation'), ('Weight bias', 'Mental well-being'), ('Coordination', 'Ability to engage in physical activity'), ('Cultural norms around thinness', 'Cultural norms around thinness'), ('Cultural norms around thinness', 'Poor body image'), ('Obesity', 'Short sleep duration'), ('Inflammation', 'Asthma'), ('Healthy eating', 'Sodium intake'), ('Cultural norms around thinness', 'Eating disorders'), ('Poor body image', 'Sexual difficulties'), ('Fear of engaging in physical activity', 'Physical activity'), ('Short sleep duration', 'Healthy eating'), ('Coronary heart diseases', 'Dyspnea'), ('Stress', 'Inflammation'), ('Weight bias', 'Stress'), ('Unhealthy weight control practices', 'Eating disorders'), ('Tiredness', 'Ability to engage in physical activity'), ('Short sleep duration', 'Heart rate'), ('Prevalence of bike trails', 'Quality of the sport infrastructure'), ('Exercise', 'Blood fatty acid level'), ('Mental well-being', 'Emotional eating'), ('Poor body image', 'Poor body image'), ('Blood fatty acid level', 'Blood glucose level'), ('Cardiovascular diseases', 'Depression'), ('Pro-inflammatory cytokines', 'Inflammation'), ('Prevalence of green fields', 'Quality of the sport infrastructure'), ('Mental well-being', 'Antipsychotics'), ('Socio-economic status', 'Control'), ('Weight bias', 'Poor body image'), ('Positive experience of sports', 'Recreational physical activity'), ('Public support and demand for healthy products', 'Cost of healthy foods'), ('Socio-economic status', 'Availability of healthy foods'), ('Cardiovascular diseases', 'Physical well-being'), ('Respiratory muscle fatigue', 'Dyspnea'), ('Heart rate', 'Coronary heart diseases'), ('Pressure to be thin', 'Poor body image'), ('Medications', 'Coordination'), ('Beta blockers', 'Ability to engage in physical activity'), ('Antipsychotics', 'Appetite'), ('Sodium intake', 'Blood pressure'), ('Pressure to be thin', 'Unhealthy weight control practices'), ('Airway resistance', 'Asthma-like symptoms'), ('Depression', 'Stress'), ('Medications', 'Concentration'), ('Public support and demand for healthy products', 'Marketing of unhealthy foods'), ('Poor body image', 'Eating disorders'), ('Emotional eating', 'Healthy eating'), ('Obesity', 'Access to health professionals'), ('Obesity', 'Mental well-being'), ('Unhealthy foods are more available than healthy ones', 'Supportive food environment'), ('Healthy eating', 'Blood saturated fatty acid level'), ('Presence of a vibrant community', 'Resilience'), ('Cells intake of fatty acids', 'Adipose storage of fatty acids'), ('Physical activity', 'Physical well-being'), ('Appetite', 'Healthy eating'), ('Aesthetics', 'Stress'), ('Chronic conditions', 'Mental well-being'), ('Weight bias', 'Positive experience of sports'), ('Healthy eating', 'Dyslipidemia'), ('Quality of the sport infrastructure', 'Recreational physical activity'), ('Physical pain', 'Ability to engage in physical activity'), ('Prevalence of green fields', 'Aesthetics'), ('Concentration', 'Ability to engage in physical activity'), ('Aesthetics', 'Mental well-being'), ('Poor body image', 'Depression'), ('Chronic conditions', 'Physical well-being'), ('Obesity', 'Release of adipokines'), ('Blood glucose level', 'Sodium retention'), ('Restrictive covenants', 'Availability of healthy foods'), ('Musculoskeletal pain', 'Mental well-being'), ('Weight bias', 'Unhealthy weight control practices'), ('Physical activity', 'Mental well-being'), ('Access to health professionals', 'Ability to engage in physical activity'), ('Stimulants', 'Short sleep duration'), ('Culture of eating that promotes healthy choices', 'Healthy eating'), ('Culture of eating that promotes healthy choices', 'Mental well-being'), ('Weight bias', 'Exercise'), ('Obesity', 'Dysfunctional adipose tissue'), ('Medications', 'Tiredness'), ('Inflammation', 'Insulin resistance'), ('Anticonvulsants', 'Appetite'), ('Inflammation', 'Auto-inflammatory diseases'), ('Accessibility to shops', 'Utilitarian physical activity '), ('Blood fatty acid level', 'Adipose storage of fatty acids'), ('Perceived environmental safety', 'Physical activity'), ('Short sleep duration', 'Physical well-being'), ('Cultural norms around thinness', 'Pressure to be thin'), ('Weight bias', 'Access to health professionals'), ('Public health messaging around thinness', 'Pressure to be thin'), ('Dysfunctional adipose tissue', 'Blood pressure'), ('Dysfunctional adipose tissue', 'Dyslipidemia'), ('Aesthetics', 'Utilitarian physical activity '), ('Obesity', 'Unhealthy weight control practices'), ('Obesity', 'Asthma-like symptoms'), ('Marketing ratio of unhealthy to healthy foods', 'Supportive food environment'), ('Dyslipidemia', 'Atherosclerosis'), ('Physical well-being', 'Mental well-being'), ('Public support and demand for healthy products', 'Cost of unhealthy foods'), ('Musculoskeletal pain', 'Physical well-being'), ('Coronary heart diseases', 'Exercise')]"
2,"[('Resilience', 'Cortisol'), ('Weight bias', 'Dysfunctional adipose tissue'), ('Culture of eating that promotes healthy choices', 'Adipose storage of fatty acids'), ('Pressure to be thin', 'Short sleep duration'), ('Mental well-being', 'Pro-inflammatory cytokines'), ('Stress', 'Heart rate'), ('Socio-economic status', 'Blood glucose level'), ('Control', 'Blood pressure'), ('Medical perspective that thin is good', 'Blood saturated fatty acid level'), ('Poor body image', 'Unhealthy weight control practices'), ('Physical well-being', 'Ability to engage in physical activity'), ('Public health messaging around thinness', 'Obesity'), ('Cultural norms around thinness', 'Blood fatty acid level'), ('Depression', 'Inflammation')]",1,-1,-1,-1,-1,"[('Culture of eating that promotes healthy choices', 'Physical well-being'), ('Weight bias', 'Socio-economic status'), ('Mental well-being', 'Physical well-being'), ('Socio-economic status', 'Stress'), ('Control', 'Mental well-being'), ('Socio-economic status', 'Physical well-being'), ('Public health messaging around thinness', 'Weight bias'), ('Resilience', 'Mental well-being'), ('Medical perspective that thin is good', 'Public health messaging around thinness'), ('Weight bias', 'Depression'), ('Control', 'Stress'), ('Socio-economic status', 'Mental well-being'), ('Medical perspective that thin is good', 'Cultural norms around thinness'), ('Weight bias', 'Mental well-being'), ('Cultural norms around thinness', 'Cultural norms around thinness'), ('Cultural norms around thinness', 'Poor body image'), ('Weight bias', 'Stress'), ('Poor body image', 'Poor body image'), ('Socio-economic status', 'Control'), ('Weight bias', 'Poor body image'), ('Pressure to be thin', 'Poor body image'), ('Depression', 'Stress'), ('Poor body image', 'Depression'), ('Culture of eating that promotes healthy choices', 'Mental well-being'), ('Cultural norms around thinness', 'Pressure to be thin'), ('Public health messaging around thinness', 'Pressure to be thin'), ('Physical well-being', 'Mental well-being')]","[('Medications', 'Balance'), ('Secretion of inflammatory molecules by adipose cells', 'Insulin resistance'), ('Obesity', 'Obstructive sleep apnea'), ('Dyslipidemia', 'Blood pressure'), ('Obesity', 'Gastro-esophageal reflux disease'), ('Auto-inflammatory diseases', 'Inflammation'), ('Atherosclerosis', 'Coronary heart diseases'), ('Release of adipokines', 'Atherosclerosis'), ('Blood mono-unsaturated fatty acid level', 'Secretion of inflammatory molecules by adipose cells'), ('Insulin resistance', 'Fatty acids in the artery walls'), ('Insulin resistance', 'Cells intake of fatty acids'), ('Adipose storage of fatty acids', 'Inflammation'), ('Thoracic and abdominal obesity', 'Airway resistance'), ('Thoracic and abdominal obesity', 'Respiratory muscle fatigue'), ('Unhealthy weight control practices', 'Obesity'), ('Sodium retention', 'Blood pressure'), ('Short sleep duration', 'Pro-inflammatory cytokines'), ('Medications', 'Obesity'), ('Balance', 'Ability to engage in physical activity'), ('Short sleep duration', 'Cortisol'), ('Airway resistance', 'Asthma'), ('Short sleep duration', 'Blood pressure'), ('Fatty acids in the artery walls', 'Atherosclerosis'), ('Dyslipidemia', 'Insulin resistance'), ('Blood glucose level', 'Fatty acids in the artery walls'), ('Respiratory diseases', 'Ability to engage in physical activity'), ('Blood saturated fatty acid level', 'Secretion of inflammatory molecules by adipose cells'), ('Dysfunctional adipose tissue', 'Inflammation'), ('Coordination', 'Ability to engage in physical activity'), ('Obesity', 'Short sleep duration'), ('Inflammation', 'Asthma'), ('Coronary heart diseases', 'Dyspnea'), ('Tiredness', 'Ability to engage in physical activity'), ('Short sleep duration', 'Heart rate'), ('Blood fatty acid level', 'Blood glucose level'), ('Pro-inflammatory cytokines', 'Inflammation'), ('Respiratory muscle fatigue', 'Dyspnea'), ('Heart rate', 'Coronary heart diseases'), ('Medications', 'Coordination'), ('Beta blockers', 'Ability to engage in physical activity'), ('Sodium intake', 'Blood pressure'), ('Airway resistance', 'Asthma-like symptoms'), ('Medications', 'Concentration'), ('Cells intake of fatty acids', 'Adipose storage of fatty acids'), ('Physical pain', 'Ability to engage in physical activity'), ('Concentration', 'Ability to engage in physical activity'), ('Obesity', 'Release of adipokines'), ('Blood glucose level', 'Sodium retention'), ('Stimulants', 'Short sleep duration'), ('Obesity', 'Dysfunctional adipose tissue'), ('Medications', 'Tiredness'), ('Inflammation', 'Insulin resistance'), ('Inflammation', 'Auto-inflammatory diseases'), ('Blood fatty acid level', 'Adipose storage of fatty acids'), ('Dysfunctional adipose tissue', 'Blood pressure'), ('Dysfunctional adipose tissue', 'Dyslipidemia'), ('Obesity', 'Unhealthy weight control practices'), ('Obesity', 'Asthma-like symptoms'), ('Dyslipidemia', 'Atherosclerosis')]","[('Prevalence of walking trails', 'Quality of the sport infrastructure'), ('Medications', 'Balance'), ('Culture of eating that promotes healthy choices', 'Physical well-being'), ('Secretion of inflammatory molecules by adipose cells', 'Insulin resistance'), ('Presence of a vibrant community', 'Control'), ('Obesity', 'Weight bias'), ('Healthy eating', 'Blood mono-unsaturated fatty acid level'), ('Exercise', 'Heart rate'), ('Available time', 'Recreational physical activity'), ('Chronic conditions', 'Depression'), ('Exercise', 'Insulin resistance'), ('Weight bias', 'Socio-economic status'), ('Mental well-being', 'Physical well-being'), ('Obesity', 'Obstructive sleep apnea'), ('Eating disorders', 'Healthy eating'), ('Consumer demand for regulations', 'Marketing of healthy foods'), ('Dyslipidemia', 'Blood pressure'), ('Obesity', 'Gastro-esophageal reflux disease'), ('Perceived environmental safety', 'Mental well-being'), ('Late night TV watching', 'Short sleep duration'), ('Auto-inflammatory diseases', 'Inflammation'), ('Depression', 'Healthy eating'), ('Socio-economic status', 'Stress'), ('Exercise', 'Blood glucose level'), ('Public support and demand for healthy products', 'Marketing of healthy foods'), ('Unhealthy foods are cheaper than healthy ones', 'Supportive food environment'), ('Control', 'Mental well-being'), ('Atherosclerosis', 'Coronary heart diseases'), ('Socio-economic status', 'Physical well-being'), ('Ability to engage in physical activity', 'Physical activity'), ('Public health messaging around thinness', 'Weight bias'), ('Public support and demand for healthy products', 'Availability of healthy foods'), ('Release of adipokines', 'Atherosclerosis'), ('Consumer demand for regulations', 'Marketing of unhealthy foods'), ('Resilience', 'Mental well-being'), ('Blood mono-unsaturated fatty acid level', 'Secretion of inflammatory molecules by adipose cells'), ('Medical perspective that thin is good', 'Public health messaging around thinness'), ('Mental well-being', 'Medications'), ('Sexual difficulties', 'Mental well-being'), ('Insulin resistance', 'Fatty acids in the artery walls'), ('Insulin resistance', 'Cells intake of fatty acids'), ('Sidewalk prevalence and maintenance', 'Utilitarian physical activity '), ('Adipose storage of fatty acids', 'Inflammation'), ('Socio-economic status', 'Exercise'), ('Thoracic and abdominal obesity', 'Airway resistance'), ('Healthy eating', 'Short sleep duration'), ('Perceived environmental safety', 'Physical well-being'), ('Weight bias', 'Depression'), ('Emotional eating', 'Mental well-being'), ('Late night TV watching', 'Healthy eating'), ('Control', 'Stress'), ('Aesthetics', 'Physical well-being'), ('Economic incentives to produce unhealthy food products', 'Cost of unhealthy foods'), ('Supportive food environment', 'Healthy eating'), ('Appetite', 'Physical well-being'), ('Thoracic and abdominal obesity', 'Respiratory muscle fatigue'), ('Cardiovascular diseases', 'Fear of engaging in physical activity'), ('Socio-economic status', 'Mental well-being'), ('Unhealthy weight control practices', 'Obesity'), ('Exercise', 'Blood pressure'), ('Sodium retention', 'Blood pressure'), ('Short sleep duration', 'Pro-inflammatory cytokines'), ('Medications', 'Obesity'), ('Short sleep duration', 'Appetite'), ('Balance', 'Ability to engage in physical activity'), ('Short sleep duration', 'Cortisol'), ('Airway resistance', 'Asthma'), ('Short sleep duration', 'Blood pressure'), ('Medical perspective that thin is good', 'Cultural norms around thinness'), ('Healthy eating', 'Blood glucose level'), ('Mental well-being', 'Anticonvulsants'), ('Fatty acids in the artery walls', 'Atherosclerosis'), ('Dyslipidemia', 'Insulin resistance'), ('Blood glucose level', 'Fatty acids in the artery walls'), ('Respiratory diseases', 'Ability to engage in physical activity'), ('Blood saturated fatty acid level', 'Secretion of inflammatory molecules by adipose cells'), ('Dysfunctional adipose tissue', 'Inflammation'), ('Weight bias', 'Mental well-being'), ('Coordination', 'Ability to engage in physical activity'), ('Cultural norms around thinness', 'Cultural norms around thinness'), ('Cultural norms around thinness', 'Poor body image'), ('Obesity', 'Short sleep duration'), ('Inflammation', 'Asthma'), ('Healthy eating', 'Sodium intake'), ('Cultural norms around thinness', 'Eating disorders'), ('Poor body image', 'Sexual difficulties'), ('Fear of engaging in physical activity', 'Physical activity'), ('Short sleep duration', 'Healthy eating'), ('Coronary heart diseases', 'Dyspnea'), ('Stress', 'Inflammation'), ('Weight bias', 'Stress'), ('Unhealthy weight control practices', 'Eating disorders'), ('Tiredness', 'Ability to engage in physical activity'), ('Short sleep duration', 'Heart rate'), ('Prevalence of bike trails', 'Quality of the sport infrastructure'), ('Exercise', 'Blood fatty acid level'), ('Mental well-being', 'Emotional eating'), ('Poor body image', 'Poor body image'), ('Blood fatty acid level', 'Blood glucose level'), ('Cardiovascular diseases', 'Depression'), ('Pro-inflammatory cytokines', 'Inflammation'), ('Prevalence of green fields', 'Quality of the sport infrastructure'), ('Mental well-being', 'Antipsychotics'), ('Socio-economic status', 'Control'), ('Weight bias', 'Poor body image'), ('Positive experience of sports', 'Recreational physical activity'), ('Public support and demand for healthy products', 'Cost of healthy foods'), ('Socio-economic status', 'Availability of healthy foods'), ('Cardiovascular diseases', 'Physical well-being'), ('Respiratory muscle fatigue', 'Dyspnea'), ('Heart rate', 'Coronary heart diseases'), ('Pressure to be thin', 'Poor body image'), ('Medications', 'Coordination'), ('Beta blockers', 'Ability to engage in physical activity'), ('Antipsychotics', 'Appetite'), ('Sodium intake', 'Blood pressure'), ('Pressure to be thin', 'Unhealthy weight control practices'), ('Airway resistance', 'Asthma-like symptoms'), ('Depression', 'Stress'), ('Medications', 'Concentration'), ('Public support and demand for healthy products', 'Marketing of unhealthy foods'), ('Poor body image', 'Eating disorders'), ('Emotional eating', 'Healthy eating'), ('Obesity', 'Access to health professionals'), ('Obesity', 'Mental well-being'), ('Unhealthy foods are more available than healthy ones', 'Supportive food environment'), ('Healthy eating', 'Blood saturated fatty acid level'), ('Presence of a vibrant community', 'Resilience'), ('Cells intake of fatty acids', 'Adipose storage of fatty acids'), ('Physical activity', 'Physical well-being'), ('Appetite', 'Healthy eating'), ('Aesthetics', 'Stress'), ('Chronic conditions', 'Mental well-being'), ('Weight bias', 'Positive experience of sports'), ('Healthy eating', 'Dyslipidemia'), ('Quality of the sport infrastructure', 'Recreational physical activity'), ('Physical pain', 'Ability to engage in physical activity'), ('Prevalence of green fields', 'Aesthetics'), ('Concentration', 'Ability to engage in physical activity'), ('Aesthetics', 'Mental well-being'), ('Poor body image', 'Depression'), ('Chronic conditions', 'Physical well-being'), ('Obesity', 'Release of adipokines'), ('Blood glucose level', 'Sodium retention'), ('Restrictive covenants', 'Availability of healthy foods'), ('Musculoskeletal pain', 'Mental well-being'), ('Weight bias', 'Unhealthy weight control practices'), ('Physical activity', 'Mental well-being'), ('Access to health professionals', 'Ability to engage in physical activity'), ('Stimulants', 'Short sleep duration'), ('Culture of eating that promotes healthy choices', 'Healthy eating'), ('Culture of eating that promotes healthy choices', 'Mental well-being'), ('Weight bias', 'Exercise'), ('Obesity', 'Dysfunctional adipose tissue'), ('Medications', 'Tiredness'), ('Inflammation', 'Insulin resistance'), ('Anticonvulsants', 'Appetite'), ('Inflammation', 'Auto-inflammatory diseases'), ('Accessibility to shops', 'Utilitarian physical activity '), ('Blood fatty acid level', 'Adipose storage of fatty acids'), ('Perceived environmental safety', 'Physical activity'), ('Short sleep duration', 'Physical well-being'), ('Cultural norms around thinness', 'Pressure to be thin'), ('Weight bias', 'Access to health professionals'), ('Public health messaging around thinness', 'Pressure to be thin'), ('Dysfunctional adipose tissue', 'Blood pressure'), ('Dysfunctional adipose tissue', 'Dyslipidemia'), ('Aesthetics', 'Utilitarian physical activity '), ('Obesity', 'Unhealthy weight control practices'), ('Obesity', 'Asthma-like symptoms'), ('Marketing ratio of unhealthy to healthy foods', 'Supportive food environment'), ('Dyslipidemia', 'Atherosclerosis'), ('Physical well-being', 'Mental well-being'), ('Public support and demand for healthy products', 'Cost of unhealthy foods'), ('Musculoskeletal pain', 'Physical well-being'), ('Coronary heart diseases', 'Exercise')]"
3,"[('Resilience', 'Cortisol'), ('Weight bias', 'Dysfunctional adipose tissue'), ('Culture of eating that promotes healthy choices', 'Adipose storage of fatty acids'), ('Pressure to be thin', 'Short sleep duration'), ('Mental well-being', 'Pro-inflammatory cytokines'), ('Stress', 'Heart rate'), ('Socio-economic status', 'Blood glucose level'), ('Control', 'Blood pressure'), ('Medical perspective that thin is good', 'Blood saturated fatty acid level'), ('Poor body image', 'Unhealthy weight control practices'), ('Physical well-being', 'Ability to engage in physical activity'), ('Public health messaging around thinness', 'Obesity'), ('Cultural norms around thinness', 'Blood fatty acid level'), ('Depression', 'Inflammation')]",1,-1,-1,-1,-1,"[('Culture of eating that promotes healthy choices', 'Physical well-being'), ('Weight bias', 'Socio-economic status'), ('Mental well-being', 'Physical well-being'), ('Socio-economic status', 'Stress'), ('Control', 'Mental well-being'), ('Socio-economic status', 'Physical well-being'), ('Public health messaging around thinness', 'Weight bias'), ('Resilience', 'Mental well-being'), ('Medical perspective that thin is good', 'Public health messaging around thinness'), ('Weight bias', 'Depression'), ('Control', 'Stress'), ('Socio-economic status', 'Mental well-being'), ('Medical perspective that thin is good', 'Cultural norms around thinness'), ('Weight bias', 'Mental well-being'), ('Cultural norms around thinness', 'Cultural norms around thinness'), ('Cultural norms around thinness', 'Poor body image'), ('Weight bias', 'Stress'), ('Poor body image', 'Poor body image'), ('Socio-economic status', 'Control'), ('Weight bias', 'Poor body image'), ('Pressure to be thin', 'Poor body image'), ('Depression', 'Stress'), ('Poor body image', 'Depression'), ('Culture of eating that promotes healthy choices', 'Mental well-being'), ('Cultural norms around thinness', 'Pressure to be thin'), ('Public health messaging around thinness', 'Pressure to be thin'), ('Physical well-being', 'Mental well-being')]","[('Medications', 'Balance'), ('Secretion of inflammatory molecules by adipose cells', 'Insulin resistance'), ('Obesity', 'Obstructive sleep apnea'), ('Dyslipidemia', 'Blood pressure'), ('Obesity', 'Gastro-esophageal reflux disease'), ('Auto-inflammatory diseases', 'Inflammation'), ('Atherosclerosis', 'Coronary heart diseases'), ('Release of adipokines', 'Atherosclerosis'), ('Blood mono-unsaturated fatty acid level', 'Secretion of inflammatory molecules by adipose cells'), ('Insulin resistance', 'Fatty acids in the artery walls'), ('Insulin resistance', 'Cells intake of fatty acids'), ('Adipose storage of fatty acids', 'Inflammation'), ('Thoracic and abdominal obesity', 'Airway resistance'), ('Thoracic and abdominal obesity', 'Respiratory muscle fatigue'), ('Unhealthy weight control practices', 'Obesity'), ('Sodium retention', 'Blood pressure'), ('Short sleep duration', 'Pro-inflammatory cytokines'), ('Medications', 'Obesity'), ('Balance', 'Ability to engage in physical activity'), ('Short sleep duration', 'Cortisol'), ('Airway resistance', 'Asthma'), ('Short sleep duration', 'Blood pressure'), ('Fatty acids in the artery walls', 'Atherosclerosis'), ('Dyslipidemia', 'Insulin resistance'), ('Blood glucose level', 'Fatty acids in the artery walls'), ('Respiratory diseases', 'Ability to engage in physical activity'), ('Blood saturated fatty acid level', 'Secretion of inflammatory molecules by adipose cells'), ('Dysfunctional adipose tissue', 'Inflammation'), ('Coordination', 'Ability to engage in physical activity'), ('Obesity', 'Short sleep duration'), ('Inflammation', 'Asthma'), ('Coronary heart diseases', 'Dyspnea'), ('Tiredness', 'Ability to engage in physical activity'), ('Short sleep duration', 'Heart rate'), ('Blood fatty acid level', 'Blood glucose level'), ('Pro-inflammatory cytokines', 'Inflammation'), ('Respiratory muscle fatigue', 'Dyspnea'), ('Heart rate', 'Coronary heart diseases'), ('Medications', 'Coordination'), ('Beta blockers', 'Ability to engage in physical activity'), ('Sodium intake', 'Blood pressure'), ('Airway resistance', 'Asthma-like symptoms'), ('Medications', 'Concentration'), ('Cells intake of fatty acids', 'Adipose storage of fatty acids'), ('Physical pain', 'Ability to engage in physical activity'), ('Concentration', 'Ability to engage in physical activity'), ('Obesity', 'Release of adipokines'), ('Blood glucose level', 'Sodium retention'), ('Stimulants', 'Short sleep duration'), ('Obesity', 'Dysfunctional adipose tissue'), ('Medications', 'Tiredness'), ('Inflammation', 'Insulin resistance'), ('Inflammation', 'Auto-inflammatory diseases'), ('Blood fatty acid level', 'Adipose storage of fatty acids'), ('Dysfunctional adipose tissue', 'Blood pressure'), ('Dysfunctional adipose tissue', 'Dyslipidemia'), ('Obesity', 'Unhealthy weight control practices'), ('Obesity', 'Asthma-like symptoms'), ('Dyslipidemia', 'Atherosclerosis')]","[('Prevalence of walking trails', 'Quality of the sport infrastructure'), ('Medications', 'Balance'), ('Culture of eating that promotes healthy choices', 'Physical well-being'), ('Secretion of inflammatory molecules by adipose cells', 'Insulin resistance'), ('Presence of a vibrant community', 'Control'), ('Obesity', 'Weight bias'), ('Healthy eating', 'Blood mono-unsaturated fatty acid level'), ('Exercise', 'Heart rate'), ('Available time', 'Recreational physical activity'), ('Chronic conditions', 'Depression'), ('Exercise', 'Insulin resistance'), ('Weight bias', 'Socio-economic status'), ('Mental well-being', 'Physical well-being'), ('Obesity', 'Obstructive sleep apnea'), ('Eating disorders', 'Healthy eating'), ('Consumer demand for regulations', 'Marketing of healthy foods'), ('Dyslipidemia', 'Blood pressure'), ('Obesity', 'Gastro-esophageal reflux disease'), ('Perceived environmental safety', 'Mental well-being'), ('Late night TV watching', 'Short sleep duration'), ('Auto-inflammatory diseases', 'Inflammation'), ('Depression', 'Healthy eating'), ('Socio-economic status', 'Stress'), ('Exercise', 'Blood glucose level'), ('Public support and demand for healthy products', 'Marketing of healthy foods'), ('Unhealthy foods are cheaper than healthy ones', 'Supportive food environment'), ('Control', 'Mental well-being'), ('Atherosclerosis', 'Coronary heart diseases'), ('Socio-economic status', 'Physical well-being'), ('Ability to engage in physical activity', 'Physical activity'), ('Public health messaging around thinness', 'Weight bias'), ('Public support and demand for healthy products', 'Availability of healthy foods'), ('Release of adipokines', 'Atherosclerosis'), ('Consumer demand for regulations', 'Marketing of unhealthy foods'), ('Resilience', 'Mental well-being'), ('Blood mono-unsaturated fatty acid level', 'Secretion of inflammatory molecules by adipose cells'), ('Medical perspective that thin is good', 'Public health messaging around thinness'), ('Mental well-being', 'Medications'), ('Sexual difficulties', 'Mental well-being'), ('Insulin resistance', 'Fatty acids in the artery walls'), ('Insulin resistance', 'Cells intake of fatty acids'), ('Sidewalk prevalence and maintenance', 'Utilitarian physical activity '), ('Adipose storage of fatty acids', 'Inflammation'), ('Socio-economic status', 'Exercise'), ('Thoracic and abdominal obesity', 'Airway resistance'), ('Healthy eating', 'Short sleep duration'), ('Perceived environmental safety', 'Physical well-being'), ('Weight bias', 'Depression'), ('Emotional eating', 'Mental well-being'), ('Late night TV watching', 'Healthy eating'), ('Control', 'Stress'), ('Aesthetics', 'Physical well-being'), ('Economic incentives to produce unhealthy food products', 'Cost of unhealthy foods'), ('Supportive food environment', 'Healthy eating'), ('Appetite', 'Physical well-being'), ('Thoracic and abdominal obesity', 'Respiratory muscle fatigue'), ('Cardiovascular diseases', 'Fear of engaging in physical activity'), ('Socio-economic status', 'Mental well-being'), ('Unhealthy weight control practices', 'Obesity'), ('Exercise', 'Blood pressure'), ('Sodium retention', 'Blood pressure'), ('Short sleep duration', 'Pro-inflammatory cytokines'), ('Medications', 'Obesity'), ('Short sleep duration', 'Appetite'), ('Balance', 'Ability to engage in physical activity'), ('Short sleep duration', 'Cortisol'), ('Airway resistance', 'Asthma'), ('Short sleep duration', 'Blood pressure'), ('Medical perspective that thin is good', 'Cultural norms around thinness'), ('Healthy eating', 'Blood glucose level'), ('Mental well-being', 'Anticonvulsants'), ('Fatty acids in the artery walls', 'Atherosclerosis'), ('Dyslipidemia', 'Insulin resistance'), ('Blood glucose level', 'Fatty acids in the artery walls'), ('Respiratory diseases', 'Ability to engage in physical activity'), ('Blood saturated fatty acid level', 'Secretion of inflammatory molecules by adipose cells'), ('Dysfunctional adipose tissue', 'Inflammation'), ('Weight bias', 'Mental well-being'), ('Coordination', 'Ability to engage in physical activity'), ('Cultural norms around thinness', 'Cultural norms around thinness'), ('Cultural norms around thinness', 'Poor body image'), ('Obesity', 'Short sleep duration'), ('Inflammation', 'Asthma'), ('Healthy eating', 'Sodium intake'), ('Cultural norms around thinness', 'Eating disorders'), ('Poor body image', 'Sexual difficulties'), ('Fear of engaging in physical activity', 'Physical activity'), ('Short sleep duration', 'Healthy eating'), ('Coronary heart diseases', 'Dyspnea'), ('Stress', 'Inflammation'), ('Weight bias', 'Stress'), ('Unhealthy weight control practices', 'Eating disorders'), ('Tiredness', 'Ability to engage in physical activity'), ('Short sleep duration', 'Heart rate'), ('Prevalence of bike trails', 'Quality of the sport infrastructure'), ('Exercise', 'Blood fatty acid level'), ('Mental well-being', 'Emotional eating'), ('Poor body image', 'Poor body image'), ('Blood fatty acid level', 'Blood glucose level'), ('Cardiovascular diseases', 'Depression'), ('Pro-inflammatory cytokines', 'Inflammation'), ('Prevalence of green fields', 'Quality of the sport infrastructure'), ('Mental well-being', 'Antipsychotics'), ('Socio-economic status', 'Control'), ('Weight bias', 'Poor body image'), ('Positive experience of sports', 'Recreational physical activity'), ('Public support and demand for healthy products', 'Cost of healthy foods'), ('Socio-economic status', 'Availability of healthy foods'), ('Cardiovascular diseases', 'Physical well-being'), ('Respiratory muscle fatigue', 'Dyspnea'), ('Heart rate', 'Coronary heart diseases'), ('Pressure to be thin', 'Poor body image'), ('Medications', 'Coordination'), ('Beta blockers', 'Ability to engage in physical activity'), ('Antipsychotics', 'Appetite'), ('Sodium intake', 'Blood pressure'), ('Pressure to be thin', 'Unhealthy weight control practices'), ('Airway resistance', 'Asthma-like symptoms'), ('Depression', 'Stress'), ('Medications', 'Concentration'), ('Public support and demand for healthy products', 'Marketing of unhealthy foods'), ('Poor body image', 'Eating disorders'), ('Emotional eating', 'Healthy eating'), ('Obesity', 'Access to health professionals'), ('Obesity', 'Mental well-being'), ('Unhealthy foods are more available than healthy ones', 'Supportive food environment'), ('Healthy eating', 'Blood saturated fatty acid level'), ('Presence of a vibrant community', 'Resilience'), ('Cells intake of fatty acids', 'Adipose storage of fatty acids'), ('Physical activity', 'Physical well-being'), ('Appetite', 'Healthy eating'), ('Aesthetics', 'Stress'), ('Chronic conditions', 'Mental well-being'), ('Weight bias', 'Positive experience of sports'), ('Healthy eating', 'Dyslipidemia'), ('Quality of the sport infrastructure', 'Recreational physical activity'), ('Physical pain', 'Ability to engage in physical activity'), ('Prevalence of green fields', 'Aesthetics'), ('Concentration', 'Ability to engage in physical activity'), ('Aesthetics', 'Mental well-being'), ('Poor body image', 'Depression'), ('Chronic conditions', 'Physical well-being'), ('Obesity', 'Release of adipokines'), ('Blood glucose level', 'Sodium retention'), ('Restrictive covenants', 'Availability of healthy foods'), ('Musculoskeletal pain', 'Mental well-being'), ('Weight bias', 'Unhealthy weight control practices'), ('Physical activity', 'Mental well-being'), ('Access to health professionals', 'Ability to engage in physical activity'), ('Stimulants', 'Short sleep duration'), ('Culture of eating that promotes healthy choices', 'Healthy eating'), ('Culture of eating that promotes healthy choices', 'Mental well-being'), ('Weight bias', 'Exercise'), ('Obesity', 'Dysfunctional adipose tissue'), ('Medications', 'Tiredness'), ('Inflammation', 'Insulin resistance'), ('Anticonvulsants', 'Appetite'), ('Inflammation', 'Auto-inflammatory diseases'), ('Accessibility to shops', 'Utilitarian physical activity '), ('Blood fatty acid level', 'Adipose storage of fatty acids'), ('Perceived environmental safety', 'Physical activity'), ('Short sleep duration', 'Physical well-being'), ('Cultural norms around thinness', 'Pressure to be thin'), ('Weight bias', 'Access to health professionals'), ('Public health messaging around thinness', 'Pressure to be thin'), ('Dysfunctional adipose tissue', 'Blood pressure'), ('Dysfunctional adipose tissue', 'Dyslipidemia'), ('Aesthetics', 'Utilitarian physical activity '), ('Obesity', 'Unhealthy weight control practices'), ('Obesity', 'Asthma-like symptoms'), ('Marketing ratio of unhealthy to healthy foods', 'Supportive food environment'), ('Dyslipidemia', 'Atherosclerosis'), ('Physical well-being', 'Mental well-being'), ('Public support and demand for healthy products', 'Cost of unhealthy foods'), ('Musculoskeletal pain', 'Physical well-being'), ('Coronary heart diseases', 'Exercise')]"
4,"[('Resilience', 'Cortisol'), ('Weight bias', 'Dysfunctional adipose tissue'), ('Culture of eating that promotes healthy choices', 'Adipose storage of fatty acids'), ('Pressure to be thin', 'Short sleep duration'), ('Mental well-being', 'Pro-inflammatory cytokines'), ('Stress', 'Heart rate'), ('Socio-economic status', 'Blood glucose level'), ('Control', 'Blood pressure'), ('Medical perspective that thin is good', 'Blood saturated fatty acid level'), ('Poor body image', 'Unhealthy weight control practices'), ('Physical well-being', 'Ability to engage in physical activity'), ('Public health messaging around thinness', 'Obesity'), ('Cultural norms around thinness', 'Blood fatty acid level'), ('Depression', 'Inflammation')]",1,-1,-1,-1,-1,"[('Culture of eating that promotes healthy choices', 'Physical well-being'), ('Weight bias', 'Socio-economic status'), ('Mental well-being', 'Physical well-being'), ('Socio-economic status', 'Stress'), ('Control', 'Mental well-being'), ('Socio-economic status', 'Physical well-being'), ('Public health messaging around thinness', 'Weight bias'), ('Resilience', 'Mental well-being'), ('Medical perspective that thin is good', 'Public health messaging around thinness'), ('Weight bias', 'Depression'), ('Control', 'Stress'), ('Socio-economic status', 'Mental well-being'), ('Medical perspective that thin is good', 'Cultural norms around thinness'), ('Weight bias', 'Mental well-being'), ('Cultural norms around thinness', 'Cultural norms around thinness'), ('Cultural norms around thinness', 'Poor body image'), ('Weight bias', 'Stress'), ('Poor body image', 'Poor body image'), ('Socio-economic status', 'Control'), ('Weight bias', 'Poor body image'), ('Pressure to be thin', 'Poor body image'), ('Depression', 'Stress'), ('Poor body image', 'Depression'), ('Culture of eating that promotes healthy choices', 'Mental well-being'), ('Cultural norms around thinness', 'Pressure to be thin'), ('Public health messaging around thinness', 'Pressure to be thin'), ('Physical well-being', 'Mental well-being')]","[('Medications', 'Balance'), ('Secretion of inflammatory molecules by adipose cells', 'Insulin resistance'), ('Obesity', 'Obstructive sleep apnea'), ('Dyslipidemia', 'Blood pressure'), ('Obesity', 'Gastro-esophageal reflux disease'), ('Auto-inflammatory diseases', 'Inflammation'), ('Atherosclerosis', 'Coronary heart diseases'), ('Release of adipokines', 'Atherosclerosis'), ('Blood mono-unsaturated fatty acid level', 'Secretion of inflammatory molecules by adipose cells'), ('Insulin resistance', 'Fatty acids in the artery walls'), ('Insulin resistance', 'Cells intake of fatty acids'), ('Adipose storage of fatty acids', 'Inflammation'), ('Thoracic and abdominal obesity', 'Airway resistance'), ('Thoracic and abdominal obesity', 'Respiratory muscle fatigue'), ('Unhealthy weight control practices', 'Obesity'), ('Sodium retention', 'Blood pressure'), ('Short sleep duration', 'Pro-inflammatory cytokines'), ('Medications', 'Obesity'), ('Balance', 'Ability to engage in physical activity'), ('Short sleep duration', 'Cortisol'), ('Airway resistance', 'Asthma'), ('Short sleep duration', 'Blood pressure'), ('Fatty acids in the artery walls', 'Atherosclerosis'), ('Dyslipidemia', 'Insulin resistance'), ('Blood glucose level', 'Fatty acids in the artery walls'), ('Respiratory diseases', 'Ability to engage in physical activity'), ('Blood saturated fatty acid level', 'Secretion of inflammatory molecules by adipose cells'), ('Dysfunctional adipose tissue', 'Inflammation'), ('Coordination', 'Ability to engage in physical activity'), ('Obesity', 'Short sleep duration'), ('Inflammation', 'Asthma'), ('Coronary heart diseases', 'Dyspnea'), ('Tiredness', 'Ability to engage in physical activity'), ('Short sleep duration', 'Heart rate'), ('Blood fatty acid level', 'Blood glucose level'), ('Pro-inflammatory cytokines', 'Inflammation'), ('Respiratory muscle fatigue', 'Dyspnea'), ('Heart rate', 'Coronary heart diseases'), ('Medications', 'Coordination'), ('Beta blockers', 'Ability to engage in physical activity'), ('Sodium intake', 'Blood pressure'), ('Airway resistance', 'Asthma-like symptoms'), ('Medications', 'Concentration'), ('Cells intake of fatty acids', 'Adipose storage of fatty acids'), ('Physical pain', 'Ability to engage in physical activity'), ('Concentration', 'Ability to engage in physical activity'), ('Obesity', 'Release of adipokines'), ('Blood glucose level', 'Sodium retention'), ('Stimulants', 'Short sleep duration'), ('Obesity', 'Dysfunctional adipose tissue'), ('Medications', 'Tiredness'), ('Inflammation', 'Insulin resistance'), ('Inflammation', 'Auto-inflammatory diseases'), ('Blood fatty acid level', 'Adipose storage of fatty acids'), ('Dysfunctional adipose tissue', 'Blood pressure'), ('Dysfunctional adipose tissue', 'Dyslipidemia'), ('Obesity', 'Unhealthy weight control practices'), ('Obesity', 'Asthma-like symptoms'), ('Dyslipidemia', 'Atherosclerosis')]","[('Prevalence of walking trails', 'Quality of the sport infrastructure'), ('Medications', 'Balance'), ('Culture of eating that promotes healthy choices', 'Physical well-being'), ('Secretion of inflammatory molecules by adipose cells', 'Insulin resistance'), ('Presence of a vibrant community', 'Control'), ('Obesity', 'Weight bias'), ('Healthy eating', 'Blood mono-unsaturated fatty acid level'), ('Exercise', 'Heart rate'), ('Available time', 'Recreational physical activity'), ('Chronic conditions', 'Depression'), ('Exercise', 'Insulin resistance'), ('Weight bias', 'Socio-economic status'), ('Mental well-being', 'Physical well-being'), ('Obesity', 'Obstructive sleep apnea'), ('Eating disorders', 'Healthy eating'), ('Consumer demand for regulations', 'Marketing of healthy foods'), ('Dyslipidemia', 'Blood pressure'), ('Obesity', 'Gastro-esophageal reflux disease'), ('Perceived environmental safety', 'Mental well-being'), ('Late night TV watching', 'Short sleep duration'), ('Auto-inflammatory diseases', 'Inflammation'), ('Depression', 'Healthy eating'), ('Socio-economic status', 'Stress'), ('Exercise', 'Blood glucose level'), ('Public support and demand for healthy products', 'Marketing of healthy foods'), ('Unhealthy foods are cheaper than healthy ones', 'Supportive food environment'), ('Control', 'Mental well-being'), ('Atherosclerosis', 'Coronary heart diseases'), ('Socio-economic status', 'Physical well-being'), ('Ability to engage in physical activity', 'Physical activity'), ('Public health messaging around thinness', 'Weight bias'), ('Public support and demand for healthy products', 'Availability of healthy foods'), ('Release of adipokines', 'Atherosclerosis'), ('Consumer demand for regulations', 'Marketing of unhealthy foods'), ('Resilience', 'Mental well-being'), ('Blood mono-unsaturated fatty acid level', 'Secretion of inflammatory molecules by adipose cells'), ('Medical perspective that thin is good', 'Public health messaging around thinness'), ('Mental well-being', 'Medications'), ('Sexual difficulties', 'Mental well-being'), ('Insulin resistance', 'Fatty acids in the artery walls'), ('Insulin resistance', 'Cells intake of fatty acids'), ('Sidewalk prevalence and maintenance', 'Utilitarian physical activity '), ('Adipose storage of fatty acids', 'Inflammation'), ('Socio-economic status', 'Exercise'), ('Thoracic and abdominal obesity', 'Airway resistance'), ('Healthy eating', 'Short sleep duration'), ('Perceived environmental safety', 'Physical well-being'), ('Weight bias', 'Depression'), ('Emotional eating', 'Mental well-being'), ('Late night TV watching', 'Healthy eating'), ('Control', 'Stress'), ('Aesthetics', 'Physical well-being'), ('Economic incentives to produce unhealthy food products', 'Cost of unhealthy foods'), ('Supportive food environment', 'Healthy eating'), ('Appetite', 'Physical well-being'), ('Thoracic and abdominal obesity', 'Respiratory muscle fatigue'), ('Cardiovascular diseases', 'Fear of engaging in physical activity'), ('Socio-economic status', 'Mental well-being'), ('Unhealthy weight control practices', 'Obesity'), ('Exercise', 'Blood pressure'), ('Sodium retention', 'Blood pressure'), ('Short sleep duration', 'Pro-inflammatory cytokines'), ('Medications', 'Obesity'), ('Short sleep duration', 'Appetite'), ('Balance', 'Ability to engage in physical activity'), ('Short sleep duration', 'Cortisol'), ('Airway resistance', 'Asthma'), ('Short sleep duration', 'Blood pressure'), ('Medical perspective that thin is good', 'Cultural norms around thinness'), ('Healthy eating', 'Blood glucose level'), ('Mental well-being', 'Anticonvulsants'), ('Fatty acids in the artery walls', 'Atherosclerosis'), ('Dyslipidemia', 'Insulin resistance'), ('Blood glucose level', 'Fatty acids in the artery walls'), ('Respiratory diseases', 'Ability to engage in physical activity'), ('Blood saturated fatty acid level', 'Secretion of inflammatory molecules by adipose cells'), ('Dysfunctional adipose tissue', 'Inflammation'), ('Weight bias', 'Mental well-being'), ('Coordination', 'Ability to engage in physical activity'), ('Cultural norms around thinness', 'Cultural norms around thinness'), ('Cultural norms around thinness', 'Poor body image'), ('Obesity', 'Short sleep duration'), ('Inflammation', 'Asthma'), ('Healthy eating', 'Sodium intake'), ('Cultural norms around thinness', 'Eating disorders'), ('Poor body image', 'Sexual difficulties'), ('Fear of engaging in physical activity', 'Physical activity'), ('Short sleep duration', 'Healthy eating'), ('Coronary heart diseases', 'Dyspnea'), ('Stress', 'Inflammation'), ('Weight bias', 'Stress'), ('Unhealthy weight control practices', 'Eating disorders'), ('Tiredness', 'Ability to engage in physical activity'), ('Short sleep duration', 'Heart rate'), ('Prevalence of bike trails', 'Quality of the sport infrastructure'), ('Exercise', 'Blood fatty acid level'), ('Mental well-being', 'Emotional eating'), ('Poor body image', 'Poor body image'), ('Blood fatty acid level', 'Blood glucose level'), ('Cardiovascular diseases', 'Depression'), ('Pro-inflammatory cytokines', 'Inflammation'), ('Prevalence of green fields', 'Quality of the sport infrastructure'), ('Mental well-being', 'Antipsychotics'), ('Socio-economic status', 'Control'), ('Weight bias', 'Poor body image'), ('Positive experience of sports', 'Recreational physical activity'), ('Public support and demand for healthy products', 'Cost of healthy foods'), ('Socio-economic status', 'Availability of healthy foods'), ('Cardiovascular diseases', 'Physical well-being'), ('Respiratory muscle fatigue', 'Dyspnea'), ('Heart rate', 'Coronary heart diseases'), ('Pressure to be thin', 'Poor body image'), ('Medications', 'Coordination'), ('Beta blockers', 'Ability to engage in physical activity'), ('Antipsychotics', 'Appetite'), ('Sodium intake', 'Blood pressure'), ('Pressure to be thin', 'Unhealthy weight control practices'), ('Airway resistance', 'Asthma-like symptoms'), ('Depression', 'Stress'), ('Medications', 'Concentration'), ('Public support and demand for healthy products', 'Marketing of unhealthy foods'), ('Poor body image', 'Eating disorders'), ('Emotional eating', 'Healthy eating'), ('Obesity', 'Access to health professionals'), ('Obesity', 'Mental well-being'), ('Unhealthy foods are more available than healthy ones', 'Supportive food environment'), ('Healthy eating', 'Blood saturated fatty acid level'), ('Presence of a vibrant community', 'Resilience'), ('Cells intake of fatty acids', 'Adipose storage of fatty acids'), ('Physical activity', 'Physical well-being'), ('Appetite', 'Healthy eating'), ('Aesthetics', 'Stress'), ('Chronic conditions', 'Mental well-being'), ('Weight bias', 'Positive experience of sports'), ('Healthy eating', 'Dyslipidemia'), ('Quality of the sport infrastructure', 'Recreational physical activity'), ('Physical pain', 'Ability to engage in physical activity'), ('Prevalence of green fields', 'Aesthetics'), ('Concentration', 'Ability to engage in physical activity'), ('Aesthetics', 'Mental well-being'), ('Poor body image', 'Depression'), ('Chronic conditions', 'Physical well-being'), ('Obesity', 'Release of adipokines'), ('Blood glucose level', 'Sodium retention'), ('Restrictive covenants', 'Availability of healthy foods'), ('Musculoskeletal pain', 'Mental well-being'), ('Weight bias', 'Unhealthy weight control practices'), ('Physical activity', 'Mental well-being'), ('Access to health professionals', 'Ability to engage in physical activity'), ('Stimulants', 'Short sleep duration'), ('Culture of eating that promotes healthy choices', 'Healthy eating'), ('Culture of eating that promotes healthy choices', 'Mental well-being'), ('Weight bias', 'Exercise'), ('Obesity', 'Dysfunctional adipose tissue'), ('Medications', 'Tiredness'), ('Inflammation', 'Insulin resistance'), ('Anticonvulsants', 'Appetite'), ('Inflammation', 'Auto-inflammatory diseases'), ('Accessibility to shops', 'Utilitarian physical activity '), ('Blood fatty acid level', 'Adipose storage of fatty acids'), ('Perceived environmental safety', 'Physical activity'), ('Short sleep duration', 'Physical well-being'), ('Cultural norms around thinness', 'Pressure to be thin'), ('Weight bias', 'Access to health professionals'), ('Public health messaging around thinness', 'Pressure to be thin'), ('Dysfunctional adipose tissue', 'Blood pressure'), ('Dysfunctional adipose tissue', 'Dyslipidemia'), ('Aesthetics', 'Utilitarian physical activity '), ('Obesity', 'Unhealthy weight control practices'), ('Obesity', 'Asthma-like symptoms'), ('Marketing ratio of unhealthy to healthy foods', 'Supportive food environment'), ('Dyslipidemia', 'Atherosclerosis'), ('Physical well-being', 'Mental well-being'), ('Public support and demand for healthy products', 'Cost of unhealthy foods'), ('Musculoskeletal pain', 'Physical well-being'), ('Coronary heart diseases', 'Exercise')]"
0,"[('Mental well-being', 'Concentration'), ('Control', 'Cortisol'), ('Depression', 'Pro-inflammatory cytokines'), ('Weight bias', 'Dysfunctional adipose tissue'), ('Resilience', 'Inflammation'), ('Physical well-being', 'Ability to engage in physical activity'), ('Poor body image', 'Physical pain'), ('Stress', 'Cortisol'), ('Culture of eating that promotes healthy choices', 'Blood fatty acid level'), ('Cultural norms around thinness', 'Thoracic and abdominal obesity'), ('Medical perspective that thin is good', 'Unhealthy weight control practices'), ('Public health messaging around thinness', 'Obesity'), ('Pressure to be thin', 'Stimulants')]",1,-1,1,1,1,"[('Culture of eating that promotes healthy choices', 'Physical well-being'), ('Weight bias', 'Socio-economic status'), ('Mental well-being', 'Physical well-being'), ('Socio-economic status', 'Stress'), ('Control', 'Mental well-being'), ('Socio-economic status', 'Physical well-being'), ('Public health messaging around thinness', 'Weight bias'), ('Resilience', 'Mental well-being'), ('Medical perspective that thin is good', 'Public health messaging around thinness'), ('Weight bias', 'Depression'), ('Control', 'Stress'), ('Socio-economic status', 'Mental well-being'), ('Medical perspective that thin is good', 'Cultural norms around thinness'), ('Weight bias', 'Mental well-being'), ('Cultural norms around thinness', 'Cultural norms around thinness'), ('Cultural norms around thinness', 'Poor body image'), ('Weight bias', 'Stress'), ('Poor body image', 'Poor body image'), ('Socio-economic status', 'Control'), ('Weight bias', 'Poor body image'), ('Pressure to be thin', 'Poor body image'), ('Depression', 'Stress'), ('Poor body image', 'Depression'), ('Culture of eating that promotes healthy choices', 'Mental well-being'), ('Cultural norms around thinness', 'Pressure to be thin'), ('Public health messaging around thinness', 'Pressure to be thin'), ('Physical well-being', 'Mental well-being')]","[('Medications', 'Balance'), ('Secretion of inflammatory molecules by adipose cells', 'Insulin resistance'), ('Obesity', 'Obstructive sleep apnea'), ('Dyslipidemia', 'Blood pressure'), ('Obesity', 'Gastro-esophageal reflux disease'), ('Auto-inflammatory diseases', 'Inflammation'), ('Atherosclerosis', 'Coronary heart diseases'), ('Release of adipokines', 'Atherosclerosis'), ('Blood mono-unsaturated fatty acid level', 'Secretion of inflammatory molecules by adipose cells'), ('Insulin resistance', 'Fatty acids in the artery walls'), ('Insulin resistance', 'Cells intake of fatty acids'), ('Adipose storage of fatty acids', 'Inflammation'), ('Thoracic and abdominal obesity', 'Airway resistance'), ('Thoracic and abdominal obesity', 'Respiratory muscle fatigue'), ('Unhealthy weight control practices', 'Obesity'), ('Sodium retention', 'Blood pressure'), ('Short sleep duration', 'Pro-inflammatory cytokines'), ('Medications', 'Obesity'), ('Balance', 'Ability to engage in physical activity'), ('Short sleep duration', 'Cortisol'), ('Airway resistance', 'Asthma'), ('Short sleep duration', 'Blood pressure'), ('Fatty acids in the artery walls', 'Atherosclerosis'), ('Dyslipidemia', 'Insulin resistance'), ('Blood glucose level', 'Fatty acids in the artery walls'), ('Respiratory diseases', 'Ability to engage in physical activity'), ('Blood saturated fatty acid level', 'Secretion of inflammatory molecules by adipose cells'), ('Dysfunctional adipose tissue', 'Inflammation'), ('Coordination', 'Ability to engage in physical activity'), ('Obesity', 'Short sleep duration'), ('Inflammation', 'Asthma'), ('Coronary heart diseases', 'Dyspnea'), ('Tiredness', 'Ability to engage in physical activity'), ('Short sleep duration', 'Heart rate'), ('Blood fatty acid level', 'Blood glucose level'), ('Pro-inflammatory cytokines', 'Inflammation'), ('Respiratory muscle fatigue', 'Dyspnea'), ('Heart rate', 'Coronary heart diseases'), ('Medications', 'Coordination'), ('Beta blockers', 'Ability to engage in physical activity'), ('Sodium intake', 'Blood pressure'), ('Airway resistance', 'Asthma-like symptoms'), ('Medications', 'Concentration'), ('Cells intake of fatty acids', 'Adipose storage of fatty acids'), ('Physical pain', 'Ability to engage in physical activity'), ('Concentration', 'Ability to engage in physical activity'), ('Obesity', 'Release of adipokines'), ('Blood glucose level', 'Sodium retention'), ('Stimulants', 'Short sleep duration'), ('Obesity', 'Dysfunctional adipose tissue'), ('Medications', 'Tiredness'), ('Inflammation', 'Insulin resistance'), ('Inflammation', 'Auto-inflammatory diseases'), ('Blood fatty acid level', 'Adipose storage of fatty acids'), ('Dysfunctional adipose tissue', 'Blood pressure'), ('Dysfunctional adipose tissue', 'Dyslipidemia'), ('Obesity', 'Unhealthy weight control practices'), ('Obesity', 'Asthma-like symptoms'), ('Dyslipidemia', 'Atherosclerosis')]","[('Prevalence of walking trails', 'Quality of the sport infrastructure'), ('Medications', 'Balance'), ('Culture of eating that promotes healthy choices', 'Physical well-being'), ('Secretion of inflammatory molecules by adipose cells', 'Insulin resistance'), ('Presence of a vibrant community', 'Control'), ('Obesity', 'Weight bias'), ('Healthy eating', 'Blood mono-unsaturated fatty acid level'), ('Exercise', 'Heart rate'), ('Available time', 'Recreational physical activity'), ('Chronic conditions', 'Depression'), ('Exercise', 'Insulin resistance'), ('Weight bias', 'Socio-economic status'), ('Mental well-being', 'Physical well-being'), ('Obesity', 'Obstructive sleep apnea'), ('Eating disorders', 'Healthy eating'), ('Consumer demand for regulations', 'Marketing of healthy foods'), ('Dyslipidemia', 'Blood pressure'), ('Obesity', 'Gastro-esophageal reflux disease'), ('Perceived environmental safety', 'Mental well-being'), ('Late night TV watching', 'Short sleep duration'), ('Auto-inflammatory diseases', 'Inflammation'), ('Depression', 'Healthy eating'), ('Socio-economic status', 'Stress'), ('Exercise', 'Blood glucose level'), ('Public support and demand for healthy products', 'Marketing of healthy foods'), ('Unhealthy foods are cheaper than healthy ones', 'Supportive food environment'), ('Control', 'Mental well-being'), ('Atherosclerosis', 'Coronary heart diseases'), ('Socio-economic status', 'Physical well-being'), ('Ability to engage in physical activity', 'Physical activity'), ('Public health messaging around thinness', 'Weight bias'), ('Public support and demand for healthy products', 'Availability of healthy foods'), ('Release of adipokines', 'Atherosclerosis'), ('Consumer demand for regulations', 'Marketing of unhealthy foods'), ('Resilience', 'Mental well-being'), ('Blood mono-unsaturated fatty acid level', 'Secretion of inflammatory molecules by adipose cells'), ('Medical perspective that thin is good', 'Public health messaging around thinness'), ('Mental well-being', 'Medications'), ('Sexual difficulties', 'Mental well-being'), ('Insulin resistance', 'Fatty acids in the artery walls'), ('Insulin resistance', 'Cells intake of fatty acids'), ('Sidewalk prevalence and maintenance', 'Utilitarian physical activity '), ('Adipose storage of fatty acids', 'Inflammation'), ('Socio-economic status', 'Exercise'), ('Thoracic and abdominal obesity', 'Airway resistance'), ('Healthy eating', 'Short sleep duration'), ('Perceived environmental safety', 'Physical well-being'), ('Weight bias', 'Depression'), ('Emotional eating', 'Mental well-being'), ('Late night TV watching', 'Healthy eating'), ('Control', 'Stress'), ('Aesthetics', 'Physical well-being'), ('Economic incentives to produce unhealthy food products', 'Cost of unhealthy foods'), ('Supportive food environment', 'Healthy eating'), ('Appetite', 'Physical well-being'), ('Thoracic and abdominal obesity', 'Respiratory muscle fatigue'), ('Cardiovascular diseases', 'Fear of engaging in physical activity'), ('Socio-economic status', 'Mental well-being'), ('Unhealthy weight control practices', 'Obesity'), ('Exercise', 'Blood pressure'), ('Sodium retention', 'Blood pressure'), ('Short sleep duration', 'Pro-inflammatory cytokines'), ('Medications', 'Obesity'), ('Short sleep duration', 'Appetite'), ('Balance', 'Ability to engage in physical activity'), ('Short sleep duration', 'Cortisol'), ('Airway resistance', 'Asthma'), ('Short sleep duration', 'Blood pressure'), ('Medical perspective that thin is good', 'Cultural norms around thinness'), ('Healthy eating', 'Blood glucose level'), ('Mental well-being', 'Anticonvulsants'), ('Fatty acids in the artery walls', 'Atherosclerosis'), ('Dyslipidemia', 'Insulin resistance'), ('Blood glucose level', 'Fatty acids in the artery walls'), ('Respiratory diseases', 'Ability to engage in physical activity'), ('Blood saturated fatty acid level', 'Secretion of inflammatory molecules by adipose cells'), ('Dysfunctional adipose tissue', 'Inflammation'), ('Weight bias', 'Mental well-being'), ('Coordination', 'Ability to engage in physical activity'), ('Cultural norms around thinness', 'Cultural norms around thinness'), ('Cultural norms around thinness', 'Poor body image'), ('Obesity', 'Short sleep duration'), ('Inflammation', 'Asthma'), ('Healthy eating', 'Sodium intake'), ('Cultural norms around thinness', 'Eating disorders'), ('Poor body image', 'Sexual difficulties'), ('Fear of engaging in physical activity', 'Physical activity'), ('Short sleep duration', 'Healthy eating'), ('Coronary heart diseases', 'Dyspnea'), ('Stress', 'Inflammation'), ('Weight bias', 'Stress'), ('Unhealthy weight control practices', 'Eating disorders'), ('Tiredness', 'Ability to engage in physical activity'), ('Short sleep duration', 'Heart rate'), ('Prevalence of bike trails', 'Quality of the sport infrastructure'), ('Exercise', 'Blood fatty acid level'), ('Mental well-being', 'Emotional eating'), ('Poor body image', 'Poor body image'), ('Blood fatty acid level', 'Blood glucose level'), ('Cardiovascular diseases', 'Depression'), ('Pro-inflammatory cytokines', 'Inflammation'), ('Prevalence of green fields', 'Quality of the sport infrastructure'), ('Mental well-being', 'Antipsychotics'), ('Socio-economic status', 'Control'), ('Weight bias', 'Poor body image'), ('Positive experience of sports', 'Recreational physical activity'), ('Public support and demand for healthy products', 'Cost of healthy foods'), ('Socio-economic status', 'Availability of healthy foods'), ('Cardiovascular diseases', 'Physical well-being'), ('Respiratory muscle fatigue', 'Dyspnea'), ('Heart rate', 'Coronary heart diseases'), ('Pressure to be thin', 'Poor body image'), ('Medications', 'Coordination'), ('Beta blockers', 'Ability to engage in physical activity'), ('Antipsychotics', 'Appetite'), ('Sodium intake', 'Blood pressure'), ('Pressure to be thin', 'Unhealthy weight control practices'), ('Airway resistance', 'Asthma-like symptoms'), ('Depression', 'Stress'), ('Medications', 'Concentration'), ('Public support and demand for healthy products', 'Marketing of unhealthy foods'), ('Poor body image', 'Eating disorders'), ('Emotional eating', 'Healthy eating'), ('Obesity', 'Access to health professionals'), ('Obesity', 'Mental well-being'), ('Unhealthy foods are more available than healthy ones', 'Supportive food environment'), ('Healthy eating', 'Blood saturated fatty acid level'), ('Presence of a vibrant community', 'Resilience'), ('Cells intake of fatty acids', 'Adipose storage of fatty acids'), ('Physical activity', 'Physical well-being'), ('Appetite', 'Healthy eating'), ('Aesthetics', 'Stress'), ('Chronic conditions', 'Mental well-being'), ('Weight bias', 'Positive experience of sports'), ('Healthy eating', 'Dyslipidemia'), ('Quality of the sport infrastructure', 'Recreational physical activity'), ('Physical pain', 'Ability to engage in physical activity'), ('Prevalence of green fields', 'Aesthetics'), ('Concentration', 'Ability to engage in physical activity'), ('Aesthetics', 'Mental well-being'), ('Poor body image', 'Depression'), ('Chronic conditions', 'Physical well-being'), ('Obesity', 'Release of adipokines'), ('Blood glucose level', 'Sodium retention'), ('Restrictive covenants', 'Availability of healthy foods'), ('Musculoskeletal pain', 'Mental well-being'), ('Weight bias', 'Unhealthy weight control practices'), ('Physical activity', 'Mental well-being'), ('Access to health professionals', 'Ability to engage in physical activity'), ('Stimulants', 'Short sleep duration'), ('Culture of eating that promotes healthy choices', 'Healthy eating'), ('Culture of eating that promotes healthy choices', 'Mental well-being'), ('Weight bias', 'Exercise'), ('Obesity', 'Dysfunctional adipose tissue'), ('Medications', 'Tiredness'), ('Inflammation', 'Insulin resistance'), ('Anticonvulsants', 'Appetite'), ('Inflammation', 'Auto-inflammatory diseases'), ('Accessibility to shops', 'Utilitarian physical activity '), ('Blood fatty acid level', 'Adipose storage of fatty acids'), ('Perceived environmental safety', 'Physical activity'), ('Short sleep duration', 'Physical well-being'), ('Cultural norms around thinness', 'Pressure to be thin'), ('Weight bias', 'Access to health professionals'), ('Public health messaging around thinness', 'Pressure to be thin'), ('Dysfunctional adipose tissue', 'Blood pressure'), ('Dysfunctional adipose tissue', 'Dyslipidemia'), ('Aesthetics', 'Utilitarian physical activity '), ('Obesity', 'Unhealthy weight control practices'), ('Obesity', 'Asthma-like symptoms'), ('Marketing ratio of unhealthy to healthy foods', 'Supportive food environment'), ('Dyslipidemia', 'Atherosclerosis'), ('Physical well-being', 'Mental well-being'), ('Public support and demand for healthy products', 'Cost of unhealthy foods'), ('Musculoskeletal pain', 'Physical well-being'), ('Coronary heart diseases', 'Exercise')]"
1,"[('Mental well-being', 'Concentration'), ('Control', 'Cortisol'), ('Depression', 'Pro-inflammatory cytokines'), ('Weight bias', 'Dysfunctional adipose tissue'), ('Resilience', 'Inflammation'), ('Physical well-being', 'Ability to engage in physical activity'), ('Poor body image', 'Physical pain'), ('Stress', 'Cortisol'), ('Culture of eating that promotes healthy choices', 'Blood fatty acid level'), ('Cultural norms around thinness', 'Thoracic and abdominal obesity'), ('Medical perspective that thin is good', 'Unhealthy weight control practices'), ('Public health messaging around thinness', 'Obesity'), ('Pressure to be thin', 'Stimulants')]",1,-1,1,1,1,"[('Culture of eating that promotes healthy choices', 'Physical well-being'), ('Weight bias', 'Socio-economic status'), ('Mental well-being', 'Physical well-being'), ('Socio-economic status', 'Stress'), ('Control', 'Mental well-being'), ('Socio-economic status', 'Physical well-being'), ('Public health messaging around thinness', 'Weight bias'), ('Resilience', 'Mental well-being'), ('Medical perspective that thin is good', 'Public health messaging around thinness'), ('Weight bias', 'Depression'), ('Control', 'Stress'), ('Socio-economic status', 'Mental well-being'), ('Medical perspective that thin is good', 'Cultural norms around thinness'), ('Weight bias', 'Mental well-being'), ('Cultural norms around thinness', 'Cultural norms around thinness'), ('Cultural norms around thinness', 'Poor body image'), ('Weight bias', 'Stress'), ('Poor body image', 'Poor body image'), ('Socio-economic status', 'Control'), ('Weight bias', 'Poor body image'), ('Pressure to be thin', 'Poor body image'), ('Depression', 'Stress'), ('Poor body image', 'Depression'), ('Culture of eating that promotes healthy choices', 'Mental well-being'), ('Cultural norms around thinness', 'Pressure to be thin'), ('Public health messaging around thinness', 'Pressure to be thin'), ('Physical well-being', 'Mental well-being')]","[('Medications', 'Balance'), ('Secretion of inflammatory molecules by adipose cells', 'Insulin resistance'), ('Obesity', 'Obstructive sleep apnea'), ('Dyslipidemia', 'Blood pressure'), ('Obesity', 'Gastro-esophageal reflux disease'), ('Auto-inflammatory diseases', 'Inflammation'), ('Atherosclerosis', 'Coronary heart diseases'), ('Release of adipokines', 'Atherosclerosis'), ('Blood mono-unsaturated fatty acid level', 'Secretion of inflammatory molecules by adipose cells'), ('Insulin resistance', 'Fatty acids in the artery walls'), ('Insulin resistance', 'Cells intake of fatty acids'), ('Adipose storage of fatty acids', 'Inflammation'), ('Thoracic and abdominal obesity', 'Airway resistance'), ('Thoracic and abdominal obesity', 'Respiratory muscle fatigue'), ('Unhealthy weight control practices', 'Obesity'), ('Sodium retention', 'Blood pressure'), ('Short sleep duration', 'Pro-inflammatory cytokines'), ('Medications', 'Obesity'), ('Balance', 'Ability to engage in physical activity'), ('Short sleep duration', 'Cortisol'), ('Airway resistance', 'Asthma'), ('Short sleep duration', 'Blood pressure'), ('Fatty acids in the artery walls', 'Atherosclerosis'), ('Dyslipidemia', 'Insulin resistance'), ('Blood glucose level', 'Fatty acids in the artery walls'), ('Respiratory diseases', 'Ability to engage in physical activity'), ('Blood saturated fatty acid level', 'Secretion of inflammatory molecules by adipose cells'), ('Dysfunctional adipose tissue', 'Inflammation'), ('Coordination', 'Ability to engage in physical activity'), ('Obesity', 'Short sleep duration'), ('Inflammation', 'Asthma'), ('Coronary heart diseases', 'Dyspnea'), ('Tiredness', 'Ability to engage in physical activity'), ('Short sleep duration', 'Heart rate'), ('Blood fatty acid level', 'Blood glucose level'), ('Pro-inflammatory cytokines', 'Inflammation'), ('Respiratory muscle fatigue', 'Dyspnea'), ('Heart rate', 'Coronary heart diseases'), ('Medications', 'Coordination'), ('Beta blockers', 'Ability to engage in physical activity'), ('Sodium intake', 'Blood pressure'), ('Airway resistance', 'Asthma-like symptoms'), ('Medications', 'Concentration'), ('Cells intake of fatty acids', 'Adipose storage of fatty acids'), ('Physical pain', 'Ability to engage in physical activity'), ('Concentration', 'Ability to engage in physical activity'), ('Obesity', 'Release of adipokines'), ('Blood glucose level', 'Sodium retention'), ('Stimulants', 'Short sleep duration'), ('Obesity', 'Dysfunctional adipose tissue'), ('Medications', 'Tiredness'), ('Inflammation', 'Insulin resistance'), ('Inflammation', 'Auto-inflammatory diseases'), ('Blood fatty acid level', 'Adipose storage of fatty acids'), ('Dysfunctional adipose tissue', 'Blood pressure'), ('Dysfunctional adipose tissue', 'Dyslipidemia'), ('Obesity', 'Unhealthy weight control practices'), ('Obesity', 'Asthma-like symptoms'), ('Dyslipidemia', 'Atherosclerosis')]","[('Prevalence of walking trails', 'Quality of the sport infrastructure'), ('Medications', 'Balance'), ('Culture of eating that promotes healthy choices', 'Physical well-being'), ('Secretion of inflammatory molecules by adipose cells', 'Insulin resistance'), ('Presence of a vibrant community', 'Control'), ('Obesity', 'Weight bias'), ('Healthy eating', 'Blood mono-unsaturated fatty acid level'), ('Exercise', 'Heart rate'), ('Available time', 'Recreational physical activity'), ('Chronic conditions', 'Depression'), ('Exercise', 'Insulin resistance'), ('Weight bias', 'Socio-economic status'), ('Mental well-being', 'Physical well-being'), ('Obesity', 'Obstructive sleep apnea'), ('Eating disorders', 'Healthy eating'), ('Consumer demand for regulations', 'Marketing of healthy foods'), ('Dyslipidemia', 'Blood pressure'), ('Obesity', 'Gastro-esophageal reflux disease'), ('Perceived environmental safety', 'Mental well-being'), ('Late night TV watching', 'Short sleep duration'), ('Auto-inflammatory diseases', 'Inflammation'), ('Depression', 'Healthy eating'), ('Socio-economic status', 'Stress'), ('Exercise', 'Blood glucose level'), ('Public support and demand for healthy products', 'Marketing of healthy foods'), ('Unhealthy foods are cheaper than healthy ones', 'Supportive food environment'), ('Control', 'Mental well-being'), ('Atherosclerosis', 'Coronary heart diseases'), ('Socio-economic status', 'Physical well-being'), ('Ability to engage in physical activity', 'Physical activity'), ('Public health messaging around thinness', 'Weight bias'), ('Public support and demand for healthy products', 'Availability of healthy foods'), ('Release of adipokines', 'Atherosclerosis'), ('Consumer demand for regulations', 'Marketing of unhealthy foods'), ('Resilience', 'Mental well-being'), ('Blood mono-unsaturated fatty acid level', 'Secretion of inflammatory molecules by adipose cells'), ('Medical perspective that thin is good', 'Public health messaging around thinness'), ('Mental well-being', 'Medications'), ('Sexual difficulties', 'Mental well-being'), ('Insulin resistance', 'Fatty acids in the artery walls'), ('Insulin resistance', 'Cells intake of fatty acids'), ('Sidewalk prevalence and maintenance', 'Utilitarian physical activity '), ('Adipose storage of fatty acids', 'Inflammation'), ('Socio-economic status', 'Exercise'), ('Thoracic and abdominal obesity', 'Airway resistance'), ('Healthy eating', 'Short sleep duration'), ('Perceived environmental safety', 'Physical well-being'), ('Weight bias', 'Depression'), ('Emotional eating', 'Mental well-being'), ('Late night TV watching', 'Healthy eating'), ('Control', 'Stress'), ('Aesthetics', 'Physical well-being'), ('Economic incentives to produce unhealthy food products', 'Cost of unhealthy foods'), ('Supportive food environment', 'Healthy eating'), ('Appetite', 'Physical well-being'), ('Thoracic and abdominal obesity', 'Respiratory muscle fatigue'), ('Cardiovascular diseases', 'Fear of engaging in physical activity'), ('Socio-economic status', 'Mental well-being'), ('Unhealthy weight control practices', 'Obesity'), ('Exercise', 'Blood pressure'), ('Sodium retention', 'Blood pressure'), ('Short sleep duration', 'Pro-inflammatory cytokines'), ('Medications', 'Obesity'), ('Short sleep duration', 'Appetite'), ('Balance', 'Ability to engage in physical activity'), ('Short sleep duration', 'Cortisol'), ('Airway resistance', 'Asthma'), ('Short sleep duration', 'Blood pressure'), ('Medical perspective that thin is good', 'Cultural norms around thinness'), ('Healthy eating', 'Blood glucose level'), ('Mental well-being', 'Anticonvulsants'), ('Fatty acids in the artery walls', 'Atherosclerosis'), ('Dyslipidemia', 'Insulin resistance'), ('Blood glucose level', 'Fatty acids in the artery walls'), ('Respiratory diseases', 'Ability to engage in physical activity'), ('Blood saturated fatty acid level', 'Secretion of inflammatory molecules by adipose cells'), ('Dysfunctional adipose tissue', 'Inflammation'), ('Weight bias', 'Mental well-being'), ('Coordination', 'Ability to engage in physical activity'), ('Cultural norms around thinness', 'Cultural norms around thinness'), ('Cultural norms around thinness', 'Poor body image'), ('Obesity', 'Short sleep duration'), ('Inflammation', 'Asthma'), ('Healthy eating', 'Sodium intake'), ('Cultural norms around thinness', 'Eating disorders'), ('Poor body image', 'Sexual difficulties'), ('Fear of engaging in physical activity', 'Physical activity'), ('Short sleep duration', 'Healthy eating'), ('Coronary heart diseases', 'Dyspnea'), ('Stress', 'Inflammation'), ('Weight bias', 'Stress'), ('Unhealthy weight control practices', 'Eating disorders'), ('Tiredness', 'Ability to engage in physical activity'), ('Short sleep duration', 'Heart rate'), ('Prevalence of bike trails', 'Quality of the sport infrastructure'), ('Exercise', 'Blood fatty acid level'), ('Mental well-being', 'Emotional eating'), ('Poor body image', 'Poor body image'), ('Blood fatty acid level', 'Blood glucose level'), ('Cardiovascular diseases', 'Depression'), ('Pro-inflammatory cytokines', 'Inflammation'), ('Prevalence of green fields', 'Quality of the sport infrastructure'), ('Mental well-being', 'Antipsychotics'), ('Socio-economic status', 'Control'), ('Weight bias', 'Poor body image'), ('Positive experience of sports', 'Recreational physical activity'), ('Public support and demand for healthy products', 'Cost of healthy foods'), ('Socio-economic status', 'Availability of healthy foods'), ('Cardiovascular diseases', 'Physical well-being'), ('Respiratory muscle fatigue', 'Dyspnea'), ('Heart rate', 'Coronary heart diseases'), ('Pressure to be thin', 'Poor body image'), ('Medications', 'Coordination'), ('Beta blockers', 'Ability to engage in physical activity'), ('Antipsychotics', 'Appetite'), ('Sodium intake', 'Blood pressure'), ('Pressure to be thin', 'Unhealthy weight control practices'), ('Airway resistance', 'Asthma-like symptoms'), ('Depression', 'Stress'), ('Medications', 'Concentration'), ('Public support and demand for healthy products', 'Marketing of unhealthy foods'), ('Poor body image', 'Eating disorders'), ('Emotional eating', 'Healthy eating'), ('Obesity', 'Access to health professionals'), ('Obesity', 'Mental well-being'), ('Unhealthy foods are more available than healthy ones', 'Supportive food environment'), ('Healthy eating', 'Blood saturated fatty acid level'), ('Presence of a vibrant community', 'Resilience'), ('Cells intake of fatty acids', 'Adipose storage of fatty acids'), ('Physical activity', 'Physical well-being'), ('Appetite', 'Healthy eating'), ('Aesthetics', 'Stress'), ('Chronic conditions', 'Mental well-being'), ('Weight bias', 'Positive experience of sports'), ('Healthy eating', 'Dyslipidemia'), ('Quality of the sport infrastructure', 'Recreational physical activity'), ('Physical pain', 'Ability to engage in physical activity'), ('Prevalence of green fields', 'Aesthetics'), ('Concentration', 'Ability to engage in physical activity'), ('Aesthetics', 'Mental well-being'), ('Poor body image', 'Depression'), ('Chronic conditions', 'Physical well-being'), ('Obesity', 'Release of adipokines'), ('Blood glucose level', 'Sodium retention'), ('Restrictive covenants', 'Availability of healthy foods'), ('Musculoskeletal pain', 'Mental well-being'), ('Weight bias', 'Unhealthy weight control practices'), ('Physical activity', 'Mental well-being'), ('Access to health professionals', 'Ability to engage in physical activity'), ('Stimulants', 'Short sleep duration'), ('Culture of eating that promotes healthy choices', 'Healthy eating'), ('Culture of eating that promotes healthy choices', 'Mental well-being'), ('Weight bias', 'Exercise'), ('Obesity', 'Dysfunctional adipose tissue'), ('Medications', 'Tiredness'), ('Inflammation', 'Insulin resistance'), ('Anticonvulsants', 'Appetite'), ('Inflammation', 'Auto-inflammatory diseases'), ('Accessibility to shops', 'Utilitarian physical activity '), ('Blood fatty acid level', 'Adipose storage of fatty acids'), ('Perceived environmental safety', 'Physical activity'), ('Short sleep duration', 'Physical well-being'), ('Cultural norms around thinness', 'Pressure to be thin'), ('Weight bias', 'Access to health professionals'), ('Public health messaging around thinness', 'Pressure to be thin'), ('Dysfunctional adipose tissue', 'Blood pressure'), ('Dysfunctional adipose tissue', 'Dyslipidemia'), ('Aesthetics', 'Utilitarian physical activity '), ('Obesity', 'Unhealthy weight control practices'), ('Obesity', 'Asthma-like symptoms'), ('Marketing ratio of unhealthy to healthy foods', 'Supportive food environment'), ('Dyslipidemia', 'Atherosclerosis'), ('Physical well-being', 'Mental well-being'), ('Public support and demand for healthy products', 'Cost of unhealthy foods'), ('Musculoskeletal pain', 'Physical well-being'), ('Coronary heart diseases', 'Exercise')]"
2,"[('Mental well-being', 'Concentration'), ('Control', 'Cortisol'), ('Depression', 'Pro-inflammatory cytokines'), ('Weight bias', 'Dysfunctional adipose tissue'), ('Resilience', 'Inflammation'), ('Physical well-being', 'Ability to engage in physical activity'), ('Poor body image', 'Physical pain'), ('Stress', 'Cortisol'), ('Culture of eating that promotes healthy choices', 'Blood fatty acid level'), ('Cultural norms around thinness', 'Thoracic and abdominal obesity'), ('Medical perspective that thin is good', 'Unhealthy weight control practices'), ('Public health messaging around thinness', 'Obesity'), ('Pressure to be thin', 'Stimulants')]",1,-1,1,1,1,"[('Culture of eating that promotes healthy choices', 'Physical well-being'), ('Weight bias', 'Socio-economic status'), ('Mental well-being', 'Physical well-being'), ('Socio-economic status', 'Stress'), ('Control', 'Mental well-being'), ('Socio-economic status', 'Physical well-being'), ('Public health messaging around thinness', 'Weight bias'), ('Resilience', 'Mental well-being'), ('Medical perspective that thin is good', 'Public health messaging around thinness'), ('Weight bias', 'Depression'), ('Control', 'Stress'), ('Socio-economic status', 'Mental well-being'), ('Medical perspective that thin is good', 'Cultural norms around thinness'), ('Weight bias', 'Mental well-being'), ('Cultural norms around thinness', 'Cultural norms around thinness'), ('Cultural norms around thinness', 'Poor body image'), ('Weight bias', 'Stress'), ('Poor body image', 'Poor body image'), ('Socio-economic status', 'Control'), ('Weight bias', 'Poor body image'), ('Pressure to be thin', 'Poor body image'), ('Depression', 'Stress'), ('Poor body image', 'Depression'), ('Culture of eating that promotes healthy choices', 'Mental well-being'), ('Cultural norms around thinness', 'Pressure to be thin'), ('Public health messaging around thinness', 'Pressure to be thin'), ('Physical well-being', 'Mental well-being')]","[('Medications', 'Balance'), ('Secretion of inflammatory molecules by adipose cells', 'Insulin resistance'), ('Obesity', 'Obstructive sleep apnea'), ('Dyslipidemia', 'Blood pressure'), ('Obesity', 'Gastro-esophageal reflux disease'), ('Auto-inflammatory diseases', 'Inflammation'), ('Atherosclerosis', 'Coronary heart diseases'), ('Release of adipokines', 'Atherosclerosis'), ('Blood mono-unsaturated fatty acid level', 'Secretion of inflammatory molecules by adipose cells'), ('Insulin resistance', 'Fatty acids in the artery walls'), ('Insulin resistance', 'Cells intake of fatty acids'), ('Adipose storage of fatty acids', 'Inflammation'), ('Thoracic and abdominal obesity', 'Airway resistance'), ('Thoracic and abdominal obesity', 'Respiratory muscle fatigue'), ('Unhealthy weight control practices', 'Obesity'), ('Sodium retention', 'Blood pressure'), ('Short sleep duration', 'Pro-inflammatory cytokines'), ('Medications', 'Obesity'), ('Balance', 'Ability to engage in physical activity'), ('Short sleep duration', 'Cortisol'), ('Airway resistance', 'Asthma'), ('Short sleep duration', 'Blood pressure'), ('Fatty acids in the artery walls', 'Atherosclerosis'), ('Dyslipidemia', 'Insulin resistance'), ('Blood glucose level', 'Fatty acids in the artery walls'), ('Respiratory diseases', 'Ability to engage in physical activity'), ('Blood saturated fatty acid level', 'Secretion of inflammatory molecules by adipose cells'), ('Dysfunctional adipose tissue', 'Inflammation'), ('Coordination', 'Ability to engage in physical activity'), ('Obesity', 'Short sleep duration'), ('Inflammation', 'Asthma'), ('Coronary heart diseases', 'Dyspnea'), ('Tiredness', 'Ability to engage in physical activity'), ('Short sleep duration', 'Heart rate'), ('Blood fatty acid level', 'Blood glucose level'), ('Pro-inflammatory cytokines', 'Inflammation'), ('Respiratory muscle fatigue', 'Dyspnea'), ('Heart rate', 'Coronary heart diseases'), ('Medications', 'Coordination'), ('Beta blockers', 'Ability to engage in physical activity'), ('Sodium intake', 'Blood pressure'), ('Airway resistance', 'Asthma-like symptoms'), ('Medications', 'Concentration'), ('Cells intake of fatty acids', 'Adipose storage of fatty acids'), ('Physical pain', 'Ability to engage in physical activity'), ('Concentration', 'Ability to engage in physical activity'), ('Obesity', 'Release of adipokines'), ('Blood glucose level', 'Sodium retention'), ('Stimulants', 'Short sleep duration'), ('Obesity', 'Dysfunctional adipose tissue'), ('Medications', 'Tiredness'), ('Inflammation', 'Insulin resistance'), ('Inflammation', 'Auto-inflammatory diseases'), ('Blood fatty acid level', 'Adipose storage of fatty acids'), ('Dysfunctional adipose tissue', 'Blood pressure'), ('Dysfunctional adipose tissue', 'Dyslipidemia'), ('Obesity', 'Unhealthy weight control practices'), ('Obesity', 'Asthma-like symptoms'), ('Dyslipidemia', 'Atherosclerosis')]","[('Prevalence of walking trails', 'Quality of the sport infrastructure'), ('Medications', 'Balance'), ('Culture of eating that promotes healthy choices', 'Physical well-being'), ('Secretion of inflammatory molecules by adipose cells', 'Insulin resistance'), ('Presence of a vibrant community', 'Control'), ('Obesity', 'Weight bias'), ('Healthy eating', 'Blood mono-unsaturated fatty acid level'), ('Exercise', 'Heart rate'), ('Available time', 'Recreational physical activity'), ('Chronic conditions', 'Depression'), ('Exercise', 'Insulin resistance'), ('Weight bias', 'Socio-economic status'), ('Mental well-being', 'Physical well-being'), ('Obesity', 'Obstructive sleep apnea'), ('Eating disorders', 'Healthy eating'), ('Consumer demand for regulations', 'Marketing of healthy foods'), ('Dyslipidemia', 'Blood pressure'), ('Obesity', 'Gastro-esophageal reflux disease'), ('Perceived environmental safety', 'Mental well-being'), ('Late night TV watching', 'Short sleep duration'), ('Auto-inflammatory diseases', 'Inflammation'), ('Depression', 'Healthy eating'), ('Socio-economic status', 'Stress'), ('Exercise', 'Blood glucose level'), ('Public support and demand for healthy products', 'Marketing of healthy foods'), ('Unhealthy foods are cheaper than healthy ones', 'Supportive food environment'), ('Control', 'Mental well-being'), ('Atherosclerosis', 'Coronary heart diseases'), ('Socio-economic status', 'Physical well-being'), ('Ability to engage in physical activity', 'Physical activity'), ('Public health messaging around thinness', 'Weight bias'), ('Public support and demand for healthy products', 'Availability of healthy foods'), ('Release of adipokines', 'Atherosclerosis'), ('Consumer demand for regulations', 'Marketing of unhealthy foods'), ('Resilience', 'Mental well-being'), ('Blood mono-unsaturated fatty acid level', 'Secretion of inflammatory molecules by adipose cells'), ('Medical perspective that thin is good', 'Public health messaging around thinness'), ('Mental well-being', 'Medications'), ('Sexual difficulties', 'Mental well-being'), ('Insulin resistance', 'Fatty acids in the artery walls'), ('Insulin resistance', 'Cells intake of fatty acids'), ('Sidewalk prevalence and maintenance', 'Utilitarian physical activity '), ('Adipose storage of fatty acids', 'Inflammation'), ('Socio-economic status', 'Exercise'), ('Thoracic and abdominal obesity', 'Airway resistance'), ('Healthy eating', 'Short sleep duration'), ('Perceived environmental safety', 'Physical well-being'), ('Weight bias', 'Depression'), ('Emotional eating', 'Mental well-being'), ('Late night TV watching', 'Healthy eating'), ('Control', 'Stress'), ('Aesthetics', 'Physical well-being'), ('Economic incentives to produce unhealthy food products', 'Cost of unhealthy foods'), ('Supportive food environment', 'Healthy eating'), ('Appetite', 'Physical well-being'), ('Thoracic and abdominal obesity', 'Respiratory muscle fatigue'), ('Cardiovascular diseases', 'Fear of engaging in physical activity'), ('Socio-economic status', 'Mental well-being'), ('Unhealthy weight control practices', 'Obesity'), ('Exercise', 'Blood pressure'), ('Sodium retention', 'Blood pressure'), ('Short sleep duration', 'Pro-inflammatory cytokines'), ('Medications', 'Obesity'), ('Short sleep duration', 'Appetite'), ('Balance', 'Ability to engage in physical activity'), ('Short sleep duration', 'Cortisol'), ('Airway resistance', 'Asthma'), ('Short sleep duration', 'Blood pressure'), ('Medical perspective that thin is good', 'Cultural norms around thinness'), ('Healthy eating', 'Blood glucose level'), ('Mental well-being', 'Anticonvulsants'), ('Fatty acids in the artery walls', 'Atherosclerosis'), ('Dyslipidemia', 'Insulin resistance'), ('Blood glucose level', 'Fatty acids in the artery walls'), ('Respiratory diseases', 'Ability to engage in physical activity'), ('Blood saturated fatty acid level', 'Secretion of inflammatory molecules by adipose cells'), ('Dysfunctional adipose tissue', 'Inflammation'), ('Weight bias', 'Mental well-being'), ('Coordination', 'Ability to engage in physical activity'), ('Cultural norms around thinness', 'Cultural norms around thinness'), ('Cultural norms around thinness', 'Poor body image'), ('Obesity', 'Short sleep duration'), ('Inflammation', 'Asthma'), ('Healthy eating', 'Sodium intake'), ('Cultural norms around thinness', 'Eating disorders'), ('Poor body image', 'Sexual difficulties'), ('Fear of engaging in physical activity', 'Physical activity'), ('Short sleep duration', 'Healthy eating'), ('Coronary heart diseases', 'Dyspnea'), ('Stress', 'Inflammation'), ('Weight bias', 'Stress'), ('Unhealthy weight control practices', 'Eating disorders'), ('Tiredness', 'Ability to engage in physical activity'), ('Short sleep duration', 'Heart rate'), ('Prevalence of bike trails', 'Quality of the sport infrastructure'), ('Exercise', 'Blood fatty acid level'), ('Mental well-being', 'Emotional eating'), ('Poor body image', 'Poor body image'), ('Blood fatty acid level', 'Blood glucose level'), ('Cardiovascular diseases', 'Depression'), ('Pro-inflammatory cytokines', 'Inflammation'), ('Prevalence of green fields', 'Quality of the sport infrastructure'), ('Mental well-being', 'Antipsychotics'), ('Socio-economic status', 'Control'), ('Weight bias', 'Poor body image'), ('Positive experience of sports', 'Recreational physical activity'), ('Public support and demand for healthy products', 'Cost of healthy foods'), ('Socio-economic status', 'Availability of healthy foods'), ('Cardiovascular diseases', 'Physical well-being'), ('Respiratory muscle fatigue', 'Dyspnea'), ('Heart rate', 'Coronary heart diseases'), ('Pressure to be thin', 'Poor body image'), ('Medications', 'Coordination'), ('Beta blockers', 'Ability to engage in physical activity'), ('Antipsychotics', 'Appetite'), ('Sodium intake', 'Blood pressure'), ('Pressure to be thin', 'Unhealthy weight control practices'), ('Airway resistance', 'Asthma-like symptoms'), ('Depression', 'Stress'), ('Medications', 'Concentration'), ('Public support and demand for healthy products', 'Marketing of unhealthy foods'), ('Poor body image', 'Eating disorders'), ('Emotional eating', 'Healthy eating'), ('Obesity', 'Access to health professionals'), ('Obesity', 'Mental well-being'), ('Unhealthy foods are more available than healthy ones', 'Supportive food environment'), ('Healthy eating', 'Blood saturated fatty acid level'), ('Presence of a vibrant community', 'Resilience'), ('Cells intake of fatty acids', 'Adipose storage of fatty acids'), ('Physical activity', 'Physical well-being'), ('Appetite', 'Healthy eating'), ('Aesthetics', 'Stress'), ('Chronic conditions', 'Mental well-being'), ('Weight bias', 'Positive experience of sports'), ('Healthy eating', 'Dyslipidemia'), ('Quality of the sport infrastructure', 'Recreational physical activity'), ('Physical pain', 'Ability to engage in physical activity'), ('Prevalence of green fields', 'Aesthetics'), ('Concentration', 'Ability to engage in physical activity'), ('Aesthetics', 'Mental well-being'), ('Poor body image', 'Depression'), ('Chronic conditions', 'Physical well-being'), ('Obesity', 'Release of adipokines'), ('Blood glucose level', 'Sodium retention'), ('Restrictive covenants', 'Availability of healthy foods'), ('Musculoskeletal pain', 'Mental well-being'), ('Weight bias', 'Unhealthy weight control practices'), ('Physical activity', 'Mental well-being'), ('Access to health professionals', 'Ability to engage in physical activity'), ('Stimulants', 'Short sleep duration'), ('Culture of eating that promotes healthy choices', 'Healthy eating'), ('Culture of eating that promotes healthy choices', 'Mental well-being'), ('Weight bias', 'Exercise'), ('Obesity', 'Dysfunctional adipose tissue'), ('Medications', 'Tiredness'), ('Inflammation', 'Insulin resistance'), ('Anticonvulsants', 'Appetite'), ('Inflammation', 'Auto-inflammatory diseases'), ('Accessibility to shops', 'Utilitarian physical activity '), ('Blood fatty acid level', 'Adipose storage of fatty acids'), ('Perceived environmental safety', 'Physical activity'), ('Short sleep duration', 'Physical well-being'), ('Cultural norms around thinness', 'Pressure to be thin'), ('Weight bias', 'Access to health professionals'), ('Public health messaging around thinness', 'Pressure to be thin'), ('Dysfunctional adipose tissue', 'Blood pressure'), ('Dysfunctional adipose tissue', 'Dyslipidemia'), ('Aesthetics', 'Utilitarian physical activity '), ('Obesity', 'Unhealthy weight control practices'), ('Obesity', 'Asthma-like symptoms'), ('Marketing ratio of unhealthy to healthy foods', 'Supportive food environment'), ('Dyslipidemia', 'Atherosclerosis'), ('Physical well-being', 'Mental well-being'), ('Public support and demand for healthy products', 'Cost of unhealthy foods'), ('Musculoskeletal pain', 'Physical well-being'), ('Coronary heart diseases', 'Exercise')]"
3,"[('Mental well-being', 'Concentration'), ('Control', 'Cortisol'), ('Depression', 'Pro-inflammatory cytokines'), ('Weight bias', 'Dysfunctional adipose tissue'), ('Resilience', 'Inflammation'), ('Physical well-being', 'Ability to engage in physical activity'), ('Poor body image', 'Physical pain'), ('Stress', 'Cortisol'), ('Culture of eating that promotes healthy choices', 'Blood fatty acid level'), ('Cultural norms around thinness', 'Thoracic and abdominal obesity'), ('Medical perspective that thin is good', 'Unhealthy weight control practices'), ('Public health messaging around thinness', 'Obesity'), ('Pressure to be thin', 'Stimulants')]",1,-1,1,1,1,"[('Culture of eating that promotes healthy choices', 'Physical well-being'), ('Weight bias', 'Socio-economic status'), ('Mental well-being', 'Physical well-being'), ('Socio-economic status', 'Stress'), ('Control', 'Mental well-being'), ('Socio-economic status', 'Physical well-being'), ('Public health messaging around thinness', 'Weight bias'), ('Resilience', 'Mental well-being'), ('Medical perspective that thin is good', 'Public health messaging around thinness'), ('Weight bias', 'Depression'), ('Control', 'Stress'), ('Socio-economic status', 'Mental well-being'), ('Medical perspective that thin is good', 'Cultural norms around thinness'), ('Weight bias', 'Mental well-being'), ('Cultural norms around thinness', 'Cultural norms around thinness'), ('Cultural norms around thinness', 'Poor body image'), ('Weight bias', 'Stress'), ('Poor body image', 'Poor body image'), ('Socio-economic status', 'Control'), ('Weight bias', 'Poor body image'), ('Pressure to be thin', 'Poor body image'), ('Depression', 'Stress'), ('Poor body image', 'Depression'), ('Culture of eating that promotes healthy choices', 'Mental well-being'), ('Cultural norms around thinness', 'Pressure to be thin'), ('Public health messaging around thinness', 'Pressure to be thin'), ('Physical well-being', 'Mental well-being')]","[('Medications', 'Balance'), ('Secretion of inflammatory molecules by adipose cells', 'Insulin resistance'), ('Obesity', 'Obstructive sleep apnea'), ('Dyslipidemia', 'Blood pressure'), ('Obesity', 'Gastro-esophageal reflux disease'), ('Auto-inflammatory diseases', 'Inflammation'), ('Atherosclerosis', 'Coronary heart diseases'), ('Release of adipokines', 'Atherosclerosis'), ('Blood mono-unsaturated fatty acid level', 'Secretion of inflammatory molecules by adipose cells'), ('Insulin resistance', 'Fatty acids in the artery walls'), ('Insulin resistance', 'Cells intake of fatty acids'), ('Adipose storage of fatty acids', 'Inflammation'), ('Thoracic and abdominal obesity', 'Airway resistance'), ('Thoracic and abdominal obesity', 'Respiratory muscle fatigue'), ('Unhealthy weight control practices', 'Obesity'), ('Sodium retention', 'Blood pressure'), ('Short sleep duration', 'Pro-inflammatory cytokines'), ('Medications', 'Obesity'), ('Balance', 'Ability to engage in physical activity'), ('Short sleep duration', 'Cortisol'), ('Airway resistance', 'Asthma'), ('Short sleep duration', 'Blood pressure'), ('Fatty acids in the artery walls', 'Atherosclerosis'), ('Dyslipidemia', 'Insulin resistance'), ('Blood glucose level', 'Fatty acids in the artery walls'), ('Respiratory diseases', 'Ability to engage in physical activity'), ('Blood saturated fatty acid level', 'Secretion of inflammatory molecules by adipose cells'), ('Dysfunctional adipose tissue', 'Inflammation'), ('Coordination', 'Ability to engage in physical activity'), ('Obesity', 'Short sleep duration'), ('Inflammation', 'Asthma'), ('Coronary heart diseases', 'Dyspnea'), ('Tiredness', 'Ability to engage in physical activity'), ('Short sleep duration', 'Heart rate'), ('Blood fatty acid level', 'Blood glucose level'), ('Pro-inflammatory cytokines', 'Inflammation'), ('Respiratory muscle fatigue', 'Dyspnea'), ('Heart rate', 'Coronary heart diseases'), ('Medications', 'Coordination'), ('Beta blockers', 'Ability to engage in physical activity'), ('Sodium intake', 'Blood pressure'), ('Airway resistance', 'Asthma-like symptoms'), ('Medications', 'Concentration'), ('Cells intake of fatty acids', 'Adipose storage of fatty acids'), ('Physical pain', 'Ability to engage in physical activity'), ('Concentration', 'Ability to engage in physical activity'), ('Obesity', 'Release of adipokines'), ('Blood glucose level', 'Sodium retention'), ('Stimulants', 'Short sleep duration'), ('Obesity', 'Dysfunctional adipose tissue'), ('Medications', 'Tiredness'), ('Inflammation', 'Insulin resistance'), ('Inflammation', 'Auto-inflammatory diseases'), ('Blood fatty acid level', 'Adipose storage of fatty acids'), ('Dysfunctional adipose tissue', 'Blood pressure'), ('Dysfunctional adipose tissue', 'Dyslipidemia'), ('Obesity', 'Unhealthy weight control practices'), ('Obesity', 'Asthma-like symptoms'), ('Dyslipidemia', 'Atherosclerosis')]","[('Prevalence of walking trails', 'Quality of the sport infrastructure'), ('Medications', 'Balance'), ('Culture of eating that promotes healthy choices', 'Physical well-being'), ('Secretion of inflammatory molecules by adipose cells', 'Insulin resistance'), ('Presence of a vibrant community', 'Control'), ('Obesity', 'Weight bias'), ('Healthy eating', 'Blood mono-unsaturated fatty acid level'), ('Exercise', 'Heart rate'), ('Available time', 'Recreational physical activity'), ('Chronic conditions', 'Depression'), ('Exercise', 'Insulin resistance'), ('Weight bias', 'Socio-economic status'), ('Mental well-being', 'Physical well-being'), ('Obesity', 'Obstructive sleep apnea'), ('Eating disorders', 'Healthy eating'), ('Consumer demand for regulations', 'Marketing of healthy foods'), ('Dyslipidemia', 'Blood pressure'), ('Obesity', 'Gastro-esophageal reflux disease'), ('Perceived environmental safety', 'Mental well-being'), ('Late night TV watching', 'Short sleep duration'), ('Auto-inflammatory diseases', 'Inflammation'), ('Depression', 'Healthy eating'), ('Socio-economic status', 'Stress'), ('Exercise', 'Blood glucose level'), ('Public support and demand for healthy products', 'Marketing of healthy foods'), ('Unhealthy foods are cheaper than healthy ones', 'Supportive food environment'), ('Control', 'Mental well-being'), ('Atherosclerosis', 'Coronary heart diseases'), ('Socio-economic status', 'Physical well-being'), ('Ability to engage in physical activity', 'Physical activity'), ('Public health messaging around thinness', 'Weight bias'), ('Public support and demand for healthy products', 'Availability of healthy foods'), ('Release of adipokines', 'Atherosclerosis'), ('Consumer demand for regulations', 'Marketing of unhealthy foods'), ('Resilience', 'Mental well-being'), ('Blood mono-unsaturated fatty acid level', 'Secretion of inflammatory molecules by adipose cells'), ('Medical perspective that thin is good', 'Public health messaging around thinness'), ('Mental well-being', 'Medications'), ('Sexual difficulties', 'Mental well-being'), ('Insulin resistance', 'Fatty acids in the artery walls'), ('Insulin resistance', 'Cells intake of fatty acids'), ('Sidewalk prevalence and maintenance', 'Utilitarian physical activity '), ('Adipose storage of fatty acids', 'Inflammation'), ('Socio-economic status', 'Exercise'), ('Thoracic and abdominal obesity', 'Airway resistance'), ('Healthy eating', 'Short sleep duration'), ('Perceived environmental safety', 'Physical well-being'), ('Weight bias', 'Depression'), ('Emotional eating', 'Mental well-being'), ('Late night TV watching', 'Healthy eating'), ('Control', 'Stress'), ('Aesthetics', 'Physical well-being'), ('Economic incentives to produce unhealthy food products', 'Cost of unhealthy foods'), ('Supportive food environment', 'Healthy eating'), ('Appetite', 'Physical well-being'), ('Thoracic and abdominal obesity', 'Respiratory muscle fatigue'), ('Cardiovascular diseases', 'Fear of engaging in physical activity'), ('Socio-economic status', 'Mental well-being'), ('Unhealthy weight control practices', 'Obesity'), ('Exercise', 'Blood pressure'), ('Sodium retention', 'Blood pressure'), ('Short sleep duration', 'Pro-inflammatory cytokines'), ('Medications', 'Obesity'), ('Short sleep duration', 'Appetite'), ('Balance', 'Ability to engage in physical activity'), ('Short sleep duration', 'Cortisol'), ('Airway resistance', 'Asthma'), ('Short sleep duration', 'Blood pressure'), ('Medical perspective that thin is good', 'Cultural norms around thinness'), ('Healthy eating', 'Blood glucose level'), ('Mental well-being', 'Anticonvulsants'), ('Fatty acids in the artery walls', 'Atherosclerosis'), ('Dyslipidemia', 'Insulin resistance'), ('Blood glucose level', 'Fatty acids in the artery walls'), ('Respiratory diseases', 'Ability to engage in physical activity'), ('Blood saturated fatty acid level', 'Secretion of inflammatory molecules by adipose cells'), ('Dysfunctional adipose tissue', 'Inflammation'), ('Weight bias', 'Mental well-being'), ('Coordination', 'Ability to engage in physical activity'), ('Cultural norms around thinness', 'Cultural norms around thinness'), ('Cultural norms around thinness', 'Poor body image'), ('Obesity', 'Short sleep duration'), ('Inflammation', 'Asthma'), ('Healthy eating', 'Sodium intake'), ('Cultural norms around thinness', 'Eating disorders'), ('Poor body image', 'Sexual difficulties'), ('Fear of engaging in physical activity', 'Physical activity'), ('Short sleep duration', 'Healthy eating'), ('Coronary heart diseases', 'Dyspnea'), ('Stress', 'Inflammation'), ('Weight bias', 'Stress'), ('Unhealthy weight control practices', 'Eating disorders'), ('Tiredness', 'Ability to engage in physical activity'), ('Short sleep duration', 'Heart rate'), ('Prevalence of bike trails', 'Quality of the sport infrastructure'), ('Exercise', 'Blood fatty acid level'), ('Mental well-being', 'Emotional eating'), ('Poor body image', 'Poor body image'), ('Blood fatty acid level', 'Blood glucose level'), ('Cardiovascular diseases', 'Depression'), ('Pro-inflammatory cytokines', 'Inflammation'), ('Prevalence of green fields', 'Quality of the sport infrastructure'), ('Mental well-being', 'Antipsychotics'), ('Socio-economic status', 'Control'), ('Weight bias', 'Poor body image'), ('Positive experience of sports', 'Recreational physical activity'), ('Public support and demand for healthy products', 'Cost of healthy foods'), ('Socio-economic status', 'Availability of healthy foods'), ('Cardiovascular diseases', 'Physical well-being'), ('Respiratory muscle fatigue', 'Dyspnea'), ('Heart rate', 'Coronary heart diseases'), ('Pressure to be thin', 'Poor body image'), ('Medications', 'Coordination'), ('Beta blockers', 'Ability to engage in physical activity'), ('Antipsychotics', 'Appetite'), ('Sodium intake', 'Blood pressure'), ('Pressure to be thin', 'Unhealthy weight control practices'), ('Airway resistance', 'Asthma-like symptoms'), ('Depression', 'Stress'), ('Medications', 'Concentration'), ('Public support and demand for healthy products', 'Marketing of unhealthy foods'), ('Poor body image', 'Eating disorders'), ('Emotional eating', 'Healthy eating'), ('Obesity', 'Access to health professionals'), ('Obesity', 'Mental well-being'), ('Unhealthy foods are more available than healthy ones', 'Supportive food environment'), ('Healthy eating', 'Blood saturated fatty acid level'), ('Presence of a vibrant community', 'Resilience'), ('Cells intake of fatty acids', 'Adipose storage of fatty acids'), ('Physical activity', 'Physical well-being'), ('Appetite', 'Healthy eating'), ('Aesthetics', 'Stress'), ('Chronic conditions', 'Mental well-being'), ('Weight bias', 'Positive experience of sports'), ('Healthy eating', 'Dyslipidemia'), ('Quality of the sport infrastructure', 'Recreational physical activity'), ('Physical pain', 'Ability to engage in physical activity'), ('Prevalence of green fields', 'Aesthetics'), ('Concentration', 'Ability to engage in physical activity'), ('Aesthetics', 'Mental well-being'), ('Poor body image', 'Depression'), ('Chronic conditions', 'Physical well-being'), ('Obesity', 'Release of adipokines'), ('Blood glucose level', 'Sodium retention'), ('Restrictive covenants', 'Availability of healthy foods'), ('Musculoskeletal pain', 'Mental well-being'), ('Weight bias', 'Unhealthy weight control practices'), ('Physical activity', 'Mental well-being'), ('Access to health professionals', 'Ability to engage in physical activity'), ('Stimulants', 'Short sleep duration'), ('Culture of eating that promotes healthy choices', 'Healthy eating'), ('Culture of eating that promotes healthy choices', 'Mental well-being'), ('Weight bias', 'Exercise'), ('Obesity', 'Dysfunctional adipose tissue'), ('Medications', 'Tiredness'), ('Inflammation', 'Insulin resistance'), ('Anticonvulsants', 'Appetite'), ('Inflammation', 'Auto-inflammatory diseases'), ('Accessibility to shops', 'Utilitarian physical activity '), ('Blood fatty acid level', 'Adipose storage of fatty acids'), ('Perceived environmental safety', 'Physical activity'), ('Short sleep duration', 'Physical well-being'), ('Cultural norms around thinness', 'Pressure to be thin'), ('Weight bias', 'Access to health professionals'), ('Public health messaging around thinness', 'Pressure to be thin'), ('Dysfunctional adipose tissue', 'Blood pressure'), ('Dysfunctional adipose tissue', 'Dyslipidemia'), ('Aesthetics', 'Utilitarian physical activity '), ('Obesity', 'Unhealthy weight control practices'), ('Obesity', 'Asthma-like symptoms'), ('Marketing ratio of unhealthy to healthy foods', 'Supportive food environment'), ('Dyslipidemia', 'Atherosclerosis'), ('Physical well-being', 'Mental well-being'), ('Public support and demand for healthy products', 'Cost of unhealthy foods'), ('Musculoskeletal pain', 'Physical well-being'), ('Coronary heart diseases', 'Exercise')]"
4,"[('Mental well-being', 'Concentration'), ('Control', 'Cortisol'), ('Depression', 'Pro-inflammatory cytokines'), ('Weight bias', 'Dysfunctional adipose tissue'), ('Resilience', 'Inflammation'), ('Physical well-being', 'Ability to engage in physical activity'), ('Poor body image', 'Physical pain'), ('Stress', 'Cortisol'), ('Culture of eating that promotes healthy choices', 'Blood fatty acid level'), ('Cultural norms around thinness', 'Thoracic and abdominal obesity'), ('Medical perspective that thin is good', 'Unhealthy weight control practices'), ('Public health messaging around thinness', 'Obesity'), ('Pressure to be thin', 'Stimulants')]",1,-1,1,1,1,"[('Culture of eating that promotes healthy choices', 'Physical well-being'), ('Weight bias', 'Socio-economic status'), ('Mental well-being', 'Physical well-being'), ('Socio-economic status', 'Stress'), ('Control', 'Mental well-being'), ('Socio-economic status', 'Physical well-being'), ('Public health messaging around thinness', 'Weight bias'), ('Resilience', 'Mental well-being'), ('Medical perspective that thin is good', 'Public health messaging around thinness'), ('Weight bias', 'Depression'), ('Control', 'Stress'), ('Socio-economic status', 'Mental well-being'), ('Medical perspective that thin is good', 'Cultural norms around thinness'), ('Weight bias', 'Mental well-being'), ('Cultural norms around thinness', 'Cultural norms around thinness'), ('Cultural norms around thinness', 'Poor body image'), ('Weight bias', 'Stress'), ('Poor body image', 'Poor body image'), ('Socio-economic status', 'Control'), ('Weight bias', 'Poor body image'), ('Pressure to be thin', 'Poor body image'), ('Depression', 'Stress'), ('Poor body image', 'Depression'), ('Culture of eating that promotes healthy choices', 'Mental well-being'), ('Cultural norms around thinness', 'Pressure to be thin'), ('Public health messaging around thinness', 'Pressure to be thin'), ('Physical well-being', 'Mental well-being')]","[('Medications', 'Balance'), ('Secretion of inflammatory molecules by adipose cells', 'Insulin resistance'), ('Obesity', 'Obstructive sleep apnea'), ('Dyslipidemia', 'Blood pressure'), ('Obesity', 'Gastro-esophageal reflux disease'), ('Auto-inflammatory diseases', 'Inflammation'), ('Atherosclerosis', 'Coronary heart diseases'), ('Release of adipokines', 'Atherosclerosis'), ('Blood mono-unsaturated fatty acid level', 'Secretion of inflammatory molecules by adipose cells'), ('Insulin resistance', 'Fatty acids in the artery walls'), ('Insulin resistance', 'Cells intake of fatty acids'), ('Adipose storage of fatty acids', 'Inflammation'), ('Thoracic and abdominal obesity', 'Airway resistance'), ('Thoracic and abdominal obesity', 'Respiratory muscle fatigue'), ('Unhealthy weight control practices', 'Obesity'), ('Sodium retention', 'Blood pressure'), ('Short sleep duration', 'Pro-inflammatory cytokines'), ('Medications', 'Obesity'), ('Balance', 'Ability to engage in physical activity'), ('Short sleep duration', 'Cortisol'), ('Airway resistance', 'Asthma'), ('Short sleep duration', 'Blood pressure'), ('Fatty acids in the artery walls', 'Atherosclerosis'), ('Dyslipidemia', 'Insulin resistance'), ('Blood glucose level', 'Fatty acids in the artery walls'), ('Respiratory diseases', 'Ability to engage in physical activity'), ('Blood saturated fatty acid level', 'Secretion of inflammatory molecules by adipose cells'), ('Dysfunctional adipose tissue', 'Inflammation'), ('Coordination', 'Ability to engage in physical activity'), ('Obesity', 'Short sleep duration'), ('Inflammation', 'Asthma'), ('Coronary heart diseases', 'Dyspnea'), ('Tiredness', 'Ability to engage in physical activity'), ('Short sleep duration', 'Heart rate'), ('Blood fatty acid level', 'Blood glucose level'), ('Pro-inflammatory cytokines', 'Inflammation'), ('Respiratory muscle fatigue', 'Dyspnea'), ('Heart rate', 'Coronary heart diseases'), ('Medications', 'Coordination'), ('Beta blockers', 'Ability to engage in physical activity'), ('Sodium intake', 'Blood pressure'), ('Airway resistance', 'Asthma-like symptoms'), ('Medications', 'Concentration'), ('Cells intake of fatty acids', 'Adipose storage of fatty acids'), ('Physical pain', 'Ability to engage in physical activity'), ('Concentration', 'Ability to engage in physical activity'), ('Obesity', 'Release of adipokines'), ('Blood glucose level', 'Sodium retention'), ('Stimulants', 'Short sleep duration'), ('Obesity', 'Dysfunctional adipose tissue'), ('Medications', 'Tiredness'), ('Inflammation', 'Insulin resistance'), ('Inflammation', 'Auto-inflammatory diseases'), ('Blood fatty acid level', 'Adipose storage of fatty acids'), ('Dysfunctional adipose tissue', 'Blood pressure'), ('Dysfunctional adipose tissue', 'Dyslipidemia'), ('Obesity', 'Unhealthy weight control practices'), ('Obesity', 'Asthma-like symptoms'), ('Dyslipidemia', 'Atherosclerosis')]","[('Prevalence of walking trails', 'Quality of the sport infrastructure'), ('Medications', 'Balance'), ('Culture of eating that promotes healthy choices', 'Physical well-being'), ('Secretion of inflammatory molecules by adipose cells', 'Insulin resistance'), ('Presence of a vibrant community', 'Control'), ('Obesity', 'Weight bias'), ('Healthy eating', 'Blood mono-unsaturated fatty acid level'), ('Exercise', 'Heart rate'), ('Available time', 'Recreational physical activity'), ('Chronic conditions', 'Depression'), ('Exercise', 'Insulin resistance'), ('Weight bias', 'Socio-economic status'), ('Mental well-being', 'Physical well-being'), ('Obesity', 'Obstructive sleep apnea'), ('Eating disorders', 'Healthy eating'), ('Consumer demand for regulations', 'Marketing of healthy foods'), ('Dyslipidemia', 'Blood pressure'), ('Obesity', 'Gastro-esophageal reflux disease'), ('Perceived environmental safety', 'Mental well-being'), ('Late night TV watching', 'Short sleep duration'), ('Auto-inflammatory diseases', 'Inflammation'), ('Depression', 'Healthy eating'), ('Socio-economic status', 'Stress'), ('Exercise', 'Blood glucose level'), ('Public support and demand for healthy products', 'Marketing of healthy foods'), ('Unhealthy foods are cheaper than healthy ones', 'Supportive food environment'), ('Control', 'Mental well-being'), ('Atherosclerosis', 'Coronary heart diseases'), ('Socio-economic status', 'Physical well-being'), ('Ability to engage in physical activity', 'Physical activity'), ('Public health messaging around thinness', 'Weight bias'), ('Public support and demand for healthy products', 'Availability of healthy foods'), ('Release of adipokines', 'Atherosclerosis'), ('Consumer demand for regulations', 'Marketing of unhealthy foods'), ('Resilience', 'Mental well-being'), ('Blood mono-unsaturated fatty acid level', 'Secretion of inflammatory molecules by adipose cells'), ('Medical perspective that thin is good', 'Public health messaging around thinness'), ('Mental well-being', 'Medications'), ('Sexual difficulties', 'Mental well-being'), ('Insulin resistance', 'Fatty acids in the artery walls'), ('Insulin resistance', 'Cells intake of fatty acids'), ('Sidewalk prevalence and maintenance', 'Utilitarian physical activity '), ('Adipose storage of fatty acids', 'Inflammation'), ('Socio-economic status', 'Exercise'), ('Thoracic and abdominal obesity', 'Airway resistance'), ('Healthy eating', 'Short sleep duration'), ('Perceived environmental safety', 'Physical well-being'), ('Weight bias', 'Depression'), ('Emotional eating', 'Mental well-being'), ('Late night TV watching', 'Healthy eating'), ('Control', 'Stress'), ('Aesthetics', 'Physical well-being'), ('Economic incentives to produce unhealthy food products', 'Cost of unhealthy foods'), ('Supportive food environment', 'Healthy eating'), ('Appetite', 'Physical well-being'), ('Thoracic and abdominal obesity', 'Respiratory muscle fatigue'), ('Cardiovascular diseases', 'Fear of engaging in physical activity'), ('Socio-economic status', 'Mental well-being'), ('Unhealthy weight control practices', 'Obesity'), ('Exercise', 'Blood pressure'), ('Sodium retention', 'Blood pressure'), ('Short sleep duration', 'Pro-inflammatory cytokines'), ('Medications', 'Obesity'), ('Short sleep duration', 'Appetite'), ('Balance', 'Ability to engage in physical activity'), ('Short sleep duration', 'Cortisol'), ('Airway resistance', 'Asthma'), ('Short sleep duration', 'Blood pressure'), ('Medical perspective that thin is good', 'Cultural norms around thinness'), ('Healthy eating', 'Blood glucose level'), ('Mental well-being', 'Anticonvulsants'), ('Fatty acids in the artery walls', 'Atherosclerosis'), ('Dyslipidemia', 'Insulin resistance'), ('Blood glucose level', 'Fatty acids in the artery walls'), ('Respiratory diseases', 'Ability to engage in physical activity'), ('Blood saturated fatty acid level', 'Secretion of inflammatory molecules by adipose cells'), ('Dysfunctional adipose tissue', 'Inflammation'), ('Weight bias', 'Mental well-being'), ('Coordination', 'Ability to engage in physical activity'), ('Cultural norms around thinness', 'Cultural norms around thinness'), ('Cultural norms around thinness', 'Poor body image'), ('Obesity', 'Short sleep duration'), ('Inflammation', 'Asthma'), ('Healthy eating', 'Sodium intake'), ('Cultural norms around thinness', 'Eating disorders'), ('Poor body image', 'Sexual difficulties'), ('Fear of engaging in physical activity', 'Physical activity'), ('Short sleep duration', 'Healthy eating'), ('Coronary heart diseases', 'Dyspnea'), ('Stress', 'Inflammation'), ('Weight bias', 'Stress'), ('Unhealthy weight control practices', 'Eating disorders'), ('Tiredness', 'Ability to engage in physical activity'), ('Short sleep duration', 'Heart rate'), ('Prevalence of bike trails', 'Quality of the sport infrastructure'), ('Exercise', 'Blood fatty acid level'), ('Mental well-being', 'Emotional eating'), ('Poor body image', 'Poor body image'), ('Blood fatty acid level', 'Blood glucose level'), ('Cardiovascular diseases', 'Depression'), ('Pro-inflammatory cytokines', 'Inflammation'), ('Prevalence of green fields', 'Quality of the sport infrastructure'), ('Mental well-being', 'Antipsychotics'), ('Socio-economic status', 'Control'), ('Weight bias', 'Poor body image'), ('Positive experience of sports', 'Recreational physical activity'), ('Public support and demand for healthy products', 'Cost of healthy foods'), ('Socio-economic status', 'Availability of healthy foods'), ('Cardiovascular diseases', 'Physical well-being'), ('Respiratory muscle fatigue', 'Dyspnea'), ('Heart rate', 'Coronary heart diseases'), ('Pressure to be thin', 'Poor body image'), ('Medications', 'Coordination'), ('Beta blockers', 'Ability to engage in physical activity'), ('Antipsychotics', 'Appetite'), ('Sodium intake', 'Blood pressure'), ('Pressure to be thin', 'Unhealthy weight control practices'), ('Airway resistance', 'Asthma-like symptoms'), ('Depression', 'Stress'), ('Medications', 'Concentration'), ('Public support and demand for healthy products', 'Marketing of unhealthy foods'), ('Poor body image', 'Eating disorders'), ('Emotional eating', 'Healthy eating'), ('Obesity', 'Access to health professionals'), ('Obesity', 'Mental well-being'), ('Unhealthy foods are more available than healthy ones', 'Supportive food environment'), ('Healthy eating', 'Blood saturated fatty acid level'), ('Presence of a vibrant community', 'Resilience'), ('Cells intake of fatty acids', 'Adipose storage of fatty acids'), ('Physical activity', 'Physical well-being'), ('Appetite', 'Healthy eating'), ('Aesthetics', 'Stress'), ('Chronic conditions', 'Mental well-being'), ('Weight bias', 'Positive experience of sports'), ('Healthy eating', 'Dyslipidemia'), ('Quality of the sport infrastructure', 'Recreational physical activity'), ('Physical pain', 'Ability to engage in physical activity'), ('Prevalence of green fields', 'Aesthetics'), ('Concentration', 'Ability to engage in physical activity'), ('Aesthetics', 'Mental well-being'), ('Poor body image', 'Depression'), ('Chronic conditions', 'Physical well-being'), ('Obesity', 'Release of adipokines'), ('Blood glucose level', 'Sodium retention'), ('Restrictive covenants', 'Availability of healthy foods'), ('Musculoskeletal pain', 'Mental well-being'), ('Weight bias', 'Unhealthy weight control practices'), ('Physical activity', 'Mental well-being'), ('Access to health professionals', 'Ability to engage in physical activity'), ('Stimulants', 'Short sleep duration'), ('Culture of eating that promotes healthy choices', 'Healthy eating'), ('Culture of eating that promotes healthy choices', 'Mental well-being'), ('Weight bias', 'Exercise'), ('Obesity', 'Dysfunctional adipose tissue'), ('Medications', 'Tiredness'), ('Inflammation', 'Insulin resistance'), ('Anticonvulsants', 'Appetite'), ('Inflammation', 'Auto-inflammatory diseases'), ('Accessibility to shops', 'Utilitarian physical activity '), ('Blood fatty acid level', 'Adipose storage of fatty acids'), ('Perceived environmental safety', 'Physical activity'), ('Short sleep duration', 'Physical well-being'), ('Cultural norms around thinness', 'Pressure to be thin'), ('Weight bias', 'Access to health professionals'), ('Public health messaging around thinness', 'Pressure to be thin'), ('Dysfunctional adipose tissue', 'Blood pressure'), ('Dysfunctional adipose tissue', 'Dyslipidemia'), ('Aesthetics', 'Utilitarian physical activity '), ('Obesity', 'Unhealthy weight control practices'), ('Obesity', 'Asthma-like symptoms'), ('Marketing ratio of unhealthy to healthy foods', 'Supportive food environment'), ('Dyslipidemia', 'Atherosclerosis'), ('Physical well-being', 'Mental well-being'), ('Public support and demand for healthy products', 'Cost of unhealthy foods'), ('Musculoskeletal pain', 'Physical well-being'), ('Coronary heart diseases', 'Exercise')]"
0,"[('Weight bias', 'Dysfunctional adipose tissue'), ('Socio-economic status', 'Short sleep duration'), ('Resilience', 'Balance'), ('Pressure to be thin', 'Physical pain'), ('Stress', 'Cortisol'), ('Poor body image', 'Unhealthy weight control practices'), ('Control', 'Balance'), ('Physical well-being', 'Ability to engage in physical activity'), ('Culture of eating that promotes healthy choices', 'Blood glucose level'), ('Mental well-being', 'Ability to engage in physical activity'), ('Depression', 'Pro-inflammatory cytokines')]",1,-1,1,-1,1,"[('Culture of eating that promotes healthy choices', 'Physical well-being'), ('Weight bias', 'Socio-economic status'), ('Mental well-being', 'Physical well-being'), ('Socio-economic status', 'Stress'), ('Control', 'Mental well-being'), ('Socio-economic status', 'Physical well-being'), ('Public health messaging around thinness', 'Weight bias'), ('Resilience', 'Mental well-being'), ('Medical perspective that thin is good', 'Public health messaging around thinness'), ('Weight bias', 'Depression'), ('Control', 'Stress'), ('Socio-economic status', 'Mental well-being'), ('Medical perspective that thin is good', 'Cultural norms around thinness'), ('Weight bias', 'Mental well-being'), ('Cultural norms around thinness', 'Cultural norms around thinness'), ('Cultural norms around thinness', 'Poor body image'), ('Weight bias', 'Stress'), ('Poor body image', 'Poor body image'), ('Socio-economic status', 'Control'), ('Weight bias', 'Poor body image'), ('Pressure to be thin', 'Poor body image'), ('Depression', 'Stress'), ('Poor body image', 'Depression'), ('Culture of eating that promotes healthy choices', 'Mental well-being'), ('Cultural norms around thinness', 'Pressure to be thin'), ('Public health messaging around thinness', 'Pressure to be thin'), ('Physical well-being', 'Mental well-being')]","[('Medications', 'Balance'), ('Secretion of inflammatory molecules by adipose cells', 'Insulin resistance'), ('Obesity', 'Obstructive sleep apnea'), ('Dyslipidemia', 'Blood pressure'), ('Obesity', 'Gastro-esophageal reflux disease'), ('Auto-inflammatory diseases', 'Inflammation'), ('Atherosclerosis', 'Coronary heart diseases'), ('Release of adipokines', 'Atherosclerosis'), ('Blood mono-unsaturated fatty acid level', 'Secretion of inflammatory molecules by adipose cells'), ('Insulin resistance', 'Fatty acids in the artery walls'), ('Insulin resistance', 'Cells intake of fatty acids'), ('Adipose storage of fatty acids', 'Inflammation'), ('Thoracic and abdominal obesity', 'Airway resistance'), ('Thoracic and abdominal obesity', 'Respiratory muscle fatigue'), ('Unhealthy weight control practices', 'Obesity'), ('Sodium retention', 'Blood pressure'), ('Short sleep duration', 'Pro-inflammatory cytokines'), ('Medications', 'Obesity'), ('Balance', 'Ability to engage in physical activity'), ('Short sleep duration', 'Cortisol'), ('Airway resistance', 'Asthma'), ('Short sleep duration', 'Blood pressure'), ('Fatty acids in the artery walls', 'Atherosclerosis'), ('Dyslipidemia', 'Insulin resistance'), ('Blood glucose level', 'Fatty acids in the artery walls'), ('Respiratory diseases', 'Ability to engage in physical activity'), ('Blood saturated fatty acid level', 'Secretion of inflammatory molecules by adipose cells'), ('Dysfunctional adipose tissue', 'Inflammation'), ('Coordination', 'Ability to engage in physical activity'), ('Obesity', 'Short sleep duration'), ('Inflammation', 'Asthma'), ('Coronary heart diseases', 'Dyspnea'), ('Tiredness', 'Ability to engage in physical activity'), ('Short sleep duration', 'Heart rate'), ('Blood fatty acid level', 'Blood glucose level'), ('Pro-inflammatory cytokines', 'Inflammation'), ('Respiratory muscle fatigue', 'Dyspnea'), ('Heart rate', 'Coronary heart diseases'), ('Medications', 'Coordination'), ('Beta blockers', 'Ability to engage in physical activity'), ('Sodium intake', 'Blood pressure'), ('Airway resistance', 'Asthma-like symptoms'), ('Medications', 'Concentration'), ('Cells intake of fatty acids', 'Adipose storage of fatty acids'), ('Physical pain', 'Ability to engage in physical activity'), ('Concentration', 'Ability to engage in physical activity'), ('Obesity', 'Release of adipokines'), ('Blood glucose level', 'Sodium retention'), ('Stimulants', 'Short sleep duration'), ('Obesity', 'Dysfunctional adipose tissue'), ('Medications', 'Tiredness'), ('Inflammation', 'Insulin resistance'), ('Inflammation', 'Auto-inflammatory diseases'), ('Blood fatty acid level', 'Adipose storage of fatty acids'), ('Dysfunctional adipose tissue', 'Blood pressure'), ('Dysfunctional adipose tissue', 'Dyslipidemia'), ('Obesity', 'Unhealthy weight control practices'), ('Obesity', 'Asthma-like symptoms'), ('Dyslipidemia', 'Atherosclerosis')]","[('Prevalence of walking trails', 'Quality of the sport infrastructure'), ('Medications', 'Balance'), ('Culture of eating that promotes healthy choices', 'Physical well-being'), ('Secretion of inflammatory molecules by adipose cells', 'Insulin resistance'), ('Presence of a vibrant community', 'Control'), ('Obesity', 'Weight bias'), ('Healthy eating', 'Blood mono-unsaturated fatty acid level'), ('Exercise', 'Heart rate'), ('Available time', 'Recreational physical activity'), ('Chronic conditions', 'Depression'), ('Exercise', 'Insulin resistance'), ('Weight bias', 'Socio-economic status'), ('Mental well-being', 'Physical well-being'), ('Obesity', 'Obstructive sleep apnea'), ('Eating disorders', 'Healthy eating'), ('Consumer demand for regulations', 'Marketing of healthy foods'), ('Dyslipidemia', 'Blood pressure'), ('Obesity', 'Gastro-esophageal reflux disease'), ('Perceived environmental safety', 'Mental well-being'), ('Late night TV watching', 'Short sleep duration'), ('Auto-inflammatory diseases', 'Inflammation'), ('Depression', 'Healthy eating'), ('Socio-economic status', 'Stress'), ('Exercise', 'Blood glucose level'), ('Public support and demand for healthy products', 'Marketing of healthy foods'), ('Unhealthy foods are cheaper than healthy ones', 'Supportive food environment'), ('Control', 'Mental well-being'), ('Atherosclerosis', 'Coronary heart diseases'), ('Socio-economic status', 'Physical well-being'), ('Ability to engage in physical activity', 'Physical activity'), ('Public health messaging around thinness', 'Weight bias'), ('Public support and demand for healthy products', 'Availability of healthy foods'), ('Release of adipokines', 'Atherosclerosis'), ('Consumer demand for regulations', 'Marketing of unhealthy foods'), ('Resilience', 'Mental well-being'), ('Blood mono-unsaturated fatty acid level', 'Secretion of inflammatory molecules by adipose cells'), ('Medical perspective that thin is good', 'Public health messaging around thinness'), ('Mental well-being', 'Medications'), ('Sexual difficulties', 'Mental well-being'), ('Insulin resistance', 'Fatty acids in the artery walls'), ('Insulin resistance', 'Cells intake of fatty acids'), ('Sidewalk prevalence and maintenance', 'Utilitarian physical activity '), ('Adipose storage of fatty acids', 'Inflammation'), ('Socio-economic status', 'Exercise'), ('Thoracic and abdominal obesity', 'Airway resistance'), ('Healthy eating', 'Short sleep duration'), ('Perceived environmental safety', 'Physical well-being'), ('Weight bias', 'Depression'), ('Emotional eating', 'Mental well-being'), ('Late night TV watching', 'Healthy eating'), ('Control', 'Stress'), ('Aesthetics', 'Physical well-being'), ('Economic incentives to produce unhealthy food products', 'Cost of unhealthy foods'), ('Supportive food environment', 'Healthy eating'), ('Appetite', 'Physical well-being'), ('Thoracic and abdominal obesity', 'Respiratory muscle fatigue'), ('Cardiovascular diseases', 'Fear of engaging in physical activity'), ('Socio-economic status', 'Mental well-being'), ('Unhealthy weight control practices', 'Obesity'), ('Exercise', 'Blood pressure'), ('Sodium retention', 'Blood pressure'), ('Short sleep duration', 'Pro-inflammatory cytokines'), ('Medications', 'Obesity'), ('Short sleep duration', 'Appetite'), ('Balance', 'Ability to engage in physical activity'), ('Short sleep duration', 'Cortisol'), ('Airway resistance', 'Asthma'), ('Short sleep duration', 'Blood pressure'), ('Medical perspective that thin is good', 'Cultural norms around thinness'), ('Healthy eating', 'Blood glucose level'), ('Mental well-being', 'Anticonvulsants'), ('Fatty acids in the artery walls', 'Atherosclerosis'), ('Dyslipidemia', 'Insulin resistance'), ('Blood glucose level', 'Fatty acids in the artery walls'), ('Respiratory diseases', 'Ability to engage in physical activity'), ('Blood saturated fatty acid level', 'Secretion of inflammatory molecules by adipose cells'), ('Dysfunctional adipose tissue', 'Inflammation'), ('Weight bias', 'Mental well-being'), ('Coordination', 'Ability to engage in physical activity'), ('Cultural norms around thinness', 'Cultural norms around thinness'), ('Cultural norms around thinness', 'Poor body image'), ('Obesity', 'Short sleep duration'), ('Inflammation', 'Asthma'), ('Healthy eating', 'Sodium intake'), ('Cultural norms around thinness', 'Eating disorders'), ('Poor body image', 'Sexual difficulties'), ('Fear of engaging in physical activity', 'Physical activity'), ('Short sleep duration', 'Healthy eating'), ('Coronary heart diseases', 'Dyspnea'), ('Stress', 'Inflammation'), ('Weight bias', 'Stress'), ('Unhealthy weight control practices', 'Eating disorders'), ('Tiredness', 'Ability to engage in physical activity'), ('Short sleep duration', 'Heart rate'), ('Prevalence of bike trails', 'Quality of the sport infrastructure'), ('Exercise', 'Blood fatty acid level'), ('Mental well-being', 'Emotional eating'), ('Poor body image', 'Poor body image'), ('Blood fatty acid level', 'Blood glucose level'), ('Cardiovascular diseases', 'Depression'), ('Pro-inflammatory cytokines', 'Inflammation'), ('Prevalence of green fields', 'Quality of the sport infrastructure'), ('Mental well-being', 'Antipsychotics'), ('Socio-economic status', 'Control'), ('Weight bias', 'Poor body image'), ('Positive experience of sports', 'Recreational physical activity'), ('Public support and demand for healthy products', 'Cost of healthy foods'), ('Socio-economic status', 'Availability of healthy foods'), ('Cardiovascular diseases', 'Physical well-being'), ('Respiratory muscle fatigue', 'Dyspnea'), ('Heart rate', 'Coronary heart diseases'), ('Pressure to be thin', 'Poor body image'), ('Medications', 'Coordination'), ('Beta blockers', 'Ability to engage in physical activity'), ('Antipsychotics', 'Appetite'), ('Sodium intake', 'Blood pressure'), ('Pressure to be thin', 'Unhealthy weight control practices'), ('Airway resistance', 'Asthma-like symptoms'), ('Depression', 'Stress'), ('Medications', 'Concentration'), ('Public support and demand for healthy products', 'Marketing of unhealthy foods'), ('Poor body image', 'Eating disorders'), ('Emotional eating', 'Healthy eating'), ('Obesity', 'Access to health professionals'), ('Obesity', 'Mental well-being'), ('Unhealthy foods are more available than healthy ones', 'Supportive food environment'), ('Healthy eating', 'Blood saturated fatty acid level'), ('Presence of a vibrant community', 'Resilience'), ('Cells intake of fatty acids', 'Adipose storage of fatty acids'), ('Physical activity', 'Physical well-being'), ('Appetite', 'Healthy eating'), ('Aesthetics', 'Stress'), ('Chronic conditions', 'Mental well-being'), ('Weight bias', 'Positive experience of sports'), ('Healthy eating', 'Dyslipidemia'), ('Quality of the sport infrastructure', 'Recreational physical activity'), ('Physical pain', 'Ability to engage in physical activity'), ('Prevalence of green fields', 'Aesthetics'), ('Concentration', 'Ability to engage in physical activity'), ('Aesthetics', 'Mental well-being'), ('Poor body image', 'Depression'), ('Chronic conditions', 'Physical well-being'), ('Obesity', 'Release of adipokines'), ('Blood glucose level', 'Sodium retention'), ('Restrictive covenants', 'Availability of healthy foods'), ('Musculoskeletal pain', 'Mental well-being'), ('Weight bias', 'Unhealthy weight control practices'), ('Physical activity', 'Mental well-being'), ('Access to health professionals', 'Ability to engage in physical activity'), ('Stimulants', 'Short sleep duration'), ('Culture of eating that promotes healthy choices', 'Healthy eating'), ('Culture of eating that promotes healthy choices', 'Mental well-being'), ('Weight bias', 'Exercise'), ('Obesity', 'Dysfunctional adipose tissue'), ('Medications', 'Tiredness'), ('Inflammation', 'Insulin resistance'), ('Anticonvulsants', 'Appetite'), ('Inflammation', 'Auto-inflammatory diseases'), ('Accessibility to shops', 'Utilitarian physical activity '), ('Blood fatty acid level', 'Adipose storage of fatty acids'), ('Perceived environmental safety', 'Physical activity'), ('Short sleep duration', 'Physical well-being'), ('Cultural norms around thinness', 'Pressure to be thin'), ('Weight bias', 'Access to health professionals'), ('Public health messaging around thinness', 'Pressure to be thin'), ('Dysfunctional adipose tissue', 'Blood pressure'), ('Dysfunctional adipose tissue', 'Dyslipidemia'), ('Aesthetics', 'Utilitarian physical activity '), ('Obesity', 'Unhealthy weight control practices'), ('Obesity', 'Asthma-like symptoms'), ('Marketing ratio of unhealthy to healthy foods', 'Supportive food environment'), ('Dyslipidemia', 'Atherosclerosis'), ('Physical well-being', 'Mental well-being'), ('Public support and demand for healthy products', 'Cost of unhealthy foods'), ('Musculoskeletal pain', 'Physical well-being'), ('Coronary heart diseases', 'Exercise')]"
1,"[('Weight bias', 'Dysfunctional adipose tissue'), ('Socio-economic status', 'Short sleep duration'), ('Resilience', 'Balance'), ('Pressure to be thin', 'Physical pain'), ('Stress', 'Cortisol'), ('Poor body image', 'Unhealthy weight control practices'), ('Control', 'Balance'), ('Physical well-being', 'Ability to engage in physical activity'), ('Culture of eating that promotes healthy choices', 'Blood glucose level'), ('Mental well-being', 'Ability to engage in physical activity'), ('Depression', 'Pro-inflammatory cytokines')]",1,-1,1,-1,1,"[('Culture of eating that promotes healthy choices', 'Physical well-being'), ('Weight bias', 'Socio-economic status'), ('Mental well-being', 'Physical well-being'), ('Socio-economic status', 'Stress'), ('Control', 'Mental well-being'), ('Socio-economic status', 'Physical well-being'), ('Public health messaging around thinness', 'Weight bias'), ('Resilience', 'Mental well-being'), ('Medical perspective that thin is good', 'Public health messaging around thinness'), ('Weight bias', 'Depression'), ('Control', 'Stress'), ('Socio-economic status', 'Mental well-being'), ('Medical perspective that thin is good', 'Cultural norms around thinness'), ('Weight bias', 'Mental well-being'), ('Cultural norms around thinness', 'Cultural norms around thinness'), ('Cultural norms around thinness', 'Poor body image'), ('Weight bias', 'Stress'), ('Poor body image', 'Poor body image'), ('Socio-economic status', 'Control'), ('Weight bias', 'Poor body image'), ('Pressure to be thin', 'Poor body image'), ('Depression', 'Stress'), ('Poor body image', 'Depression'), ('Culture of eating that promotes healthy choices', 'Mental well-being'), ('Cultural norms around thinness', 'Pressure to be thin'), ('Public health messaging around thinness', 'Pressure to be thin'), ('Physical well-being', 'Mental well-being')]","[('Medications', 'Balance'), ('Secretion of inflammatory molecules by adipose cells', 'Insulin resistance'), ('Obesity', 'Obstructive sleep apnea'), ('Dyslipidemia', 'Blood pressure'), ('Obesity', 'Gastro-esophageal reflux disease'), ('Auto-inflammatory diseases', 'Inflammation'), ('Atherosclerosis', 'Coronary heart diseases'), ('Release of adipokines', 'Atherosclerosis'), ('Blood mono-unsaturated fatty acid level', 'Secretion of inflammatory molecules by adipose cells'), ('Insulin resistance', 'Fatty acids in the artery walls'), ('Insulin resistance', 'Cells intake of fatty acids'), ('Adipose storage of fatty acids', 'Inflammation'), ('Thoracic and abdominal obesity', 'Airway resistance'), ('Thoracic and abdominal obesity', 'Respiratory muscle fatigue'), ('Unhealthy weight control practices', 'Obesity'), ('Sodium retention', 'Blood pressure'), ('Short sleep duration', 'Pro-inflammatory cytokines'), ('Medications', 'Obesity'), ('Balance', 'Ability to engage in physical activity'), ('Short sleep duration', 'Cortisol'), ('Airway resistance', 'Asthma'), ('Short sleep duration', 'Blood pressure'), ('Fatty acids in the artery walls', 'Atherosclerosis'), ('Dyslipidemia', 'Insulin resistance'), ('Blood glucose level', 'Fatty acids in the artery walls'), ('Respiratory diseases', 'Ability to engage in physical activity'), ('Blood saturated fatty acid level', 'Secretion of inflammatory molecules by adipose cells'), ('Dysfunctional adipose tissue', 'Inflammation'), ('Coordination', 'Ability to engage in physical activity'), ('Obesity', 'Short sleep duration'), ('Inflammation', 'Asthma'), ('Coronary heart diseases', 'Dyspnea'), ('Tiredness', 'Ability to engage in physical activity'), ('Short sleep duration', 'Heart rate'), ('Blood fatty acid level', 'Blood glucose level'), ('Pro-inflammatory cytokines', 'Inflammation'), ('Respiratory muscle fatigue', 'Dyspnea'), ('Heart rate', 'Coronary heart diseases'), ('Medications', 'Coordination'), ('Beta blockers', 'Ability to engage in physical activity'), ('Sodium intake', 'Blood pressure'), ('Airway resistance', 'Asthma-like symptoms'), ('Medications', 'Concentration'), ('Cells intake of fatty acids', 'Adipose storage of fatty acids'), ('Physical pain', 'Ability to engage in physical activity'), ('Concentration', 'Ability to engage in physical activity'), ('Obesity', 'Release of adipokines'), ('Blood glucose level', 'Sodium retention'), ('Stimulants', 'Short sleep duration'), ('Obesity', 'Dysfunctional adipose tissue'), ('Medications', 'Tiredness'), ('Inflammation', 'Insulin resistance'), ('Inflammation', 'Auto-inflammatory diseases'), ('Blood fatty acid level', 'Adipose storage of fatty acids'), ('Dysfunctional adipose tissue', 'Blood pressure'), ('Dysfunctional adipose tissue', 'Dyslipidemia'), ('Obesity', 'Unhealthy weight control practices'), ('Obesity', 'Asthma-like symptoms'), ('Dyslipidemia', 'Atherosclerosis')]","[('Prevalence of walking trails', 'Quality of the sport infrastructure'), ('Medications', 'Balance'), ('Culture of eating that promotes healthy choices', 'Physical well-being'), ('Secretion of inflammatory molecules by adipose cells', 'Insulin resistance'), ('Presence of a vibrant community', 'Control'), ('Obesity', 'Weight bias'), ('Healthy eating', 'Blood mono-unsaturated fatty acid level'), ('Exercise', 'Heart rate'), ('Available time', 'Recreational physical activity'), ('Chronic conditions', 'Depression'), ('Exercise', 'Insulin resistance'), ('Weight bias', 'Socio-economic status'), ('Mental well-being', 'Physical well-being'), ('Obesity', 'Obstructive sleep apnea'), ('Eating disorders', 'Healthy eating'), ('Consumer demand for regulations', 'Marketing of healthy foods'), ('Dyslipidemia', 'Blood pressure'), ('Obesity', 'Gastro-esophageal reflux disease'), ('Perceived environmental safety', 'Mental well-being'), ('Late night TV watching', 'Short sleep duration'), ('Auto-inflammatory diseases', 'Inflammation'), ('Depression', 'Healthy eating'), ('Socio-economic status', 'Stress'), ('Exercise', 'Blood glucose level'), ('Public support and demand for healthy products', 'Marketing of healthy foods'), ('Unhealthy foods are cheaper than healthy ones', 'Supportive food environment'), ('Control', 'Mental well-being'), ('Atherosclerosis', 'Coronary heart diseases'), ('Socio-economic status', 'Physical well-being'), ('Ability to engage in physical activity', 'Physical activity'), ('Public health messaging around thinness', 'Weight bias'), ('Public support and demand for healthy products', 'Availability of healthy foods'), ('Release of adipokines', 'Atherosclerosis'), ('Consumer demand for regulations', 'Marketing of unhealthy foods'), ('Resilience', 'Mental well-being'), ('Blood mono-unsaturated fatty acid level', 'Secretion of inflammatory molecules by adipose cells'), ('Medical perspective that thin is good', 'Public health messaging around thinness'), ('Mental well-being', 'Medications'), ('Sexual difficulties', 'Mental well-being'), ('Insulin resistance', 'Fatty acids in the artery walls'), ('Insulin resistance', 'Cells intake of fatty acids'), ('Sidewalk prevalence and maintenance', 'Utilitarian physical activity '), ('Adipose storage of fatty acids', 'Inflammation'), ('Socio-economic status', 'Exercise'), ('Thoracic and abdominal obesity', 'Airway resistance'), ('Healthy eating', 'Short sleep duration'), ('Perceived environmental safety', 'Physical well-being'), ('Weight bias', 'Depression'), ('Emotional eating', 'Mental well-being'), ('Late night TV watching', 'Healthy eating'), ('Control', 'Stress'), ('Aesthetics', 'Physical well-being'), ('Economic incentives to produce unhealthy food products', 'Cost of unhealthy foods'), ('Supportive food environment', 'Healthy eating'), ('Appetite', 'Physical well-being'), ('Thoracic and abdominal obesity', 'Respiratory muscle fatigue'), ('Cardiovascular diseases', 'Fear of engaging in physical activity'), ('Socio-economic status', 'Mental well-being'), ('Unhealthy weight control practices', 'Obesity'), ('Exercise', 'Blood pressure'), ('Sodium retention', 'Blood pressure'), ('Short sleep duration', 'Pro-inflammatory cytokines'), ('Medications', 'Obesity'), ('Short sleep duration', 'Appetite'), ('Balance', 'Ability to engage in physical activity'), ('Short sleep duration', 'Cortisol'), ('Airway resistance', 'Asthma'), ('Short sleep duration', 'Blood pressure'), ('Medical perspective that thin is good', 'Cultural norms around thinness'), ('Healthy eating', 'Blood glucose level'), ('Mental well-being', 'Anticonvulsants'), ('Fatty acids in the artery walls', 'Atherosclerosis'), ('Dyslipidemia', 'Insulin resistance'), ('Blood glucose level', 'Fatty acids in the artery walls'), ('Respiratory diseases', 'Ability to engage in physical activity'), ('Blood saturated fatty acid level', 'Secretion of inflammatory molecules by adipose cells'), ('Dysfunctional adipose tissue', 'Inflammation'), ('Weight bias', 'Mental well-being'), ('Coordination', 'Ability to engage in physical activity'), ('Cultural norms around thinness', 'Cultural norms around thinness'), ('Cultural norms around thinness', 'Poor body image'), ('Obesity', 'Short sleep duration'), ('Inflammation', 'Asthma'), ('Healthy eating', 'Sodium intake'), ('Cultural norms around thinness', 'Eating disorders'), ('Poor body image', 'Sexual difficulties'), ('Fear of engaging in physical activity', 'Physical activity'), ('Short sleep duration', 'Healthy eating'), ('Coronary heart diseases', 'Dyspnea'), ('Stress', 'Inflammation'), ('Weight bias', 'Stress'), ('Unhealthy weight control practices', 'Eating disorders'), ('Tiredness', 'Ability to engage in physical activity'), ('Short sleep duration', 'Heart rate'), ('Prevalence of bike trails', 'Quality of the sport infrastructure'), ('Exercise', 'Blood fatty acid level'), ('Mental well-being', 'Emotional eating'), ('Poor body image', 'Poor body image'), ('Blood fatty acid level', 'Blood glucose level'), ('Cardiovascular diseases', 'Depression'), ('Pro-inflammatory cytokines', 'Inflammation'), ('Prevalence of green fields', 'Quality of the sport infrastructure'), ('Mental well-being', 'Antipsychotics'), ('Socio-economic status', 'Control'), ('Weight bias', 'Poor body image'), ('Positive experience of sports', 'Recreational physical activity'), ('Public support and demand for healthy products', 'Cost of healthy foods'), ('Socio-economic status', 'Availability of healthy foods'), ('Cardiovascular diseases', 'Physical well-being'), ('Respiratory muscle fatigue', 'Dyspnea'), ('Heart rate', 'Coronary heart diseases'), ('Pressure to be thin', 'Poor body image'), ('Medications', 'Coordination'), ('Beta blockers', 'Ability to engage in physical activity'), ('Antipsychotics', 'Appetite'), ('Sodium intake', 'Blood pressure'), ('Pressure to be thin', 'Unhealthy weight control practices'), ('Airway resistance', 'Asthma-like symptoms'), ('Depression', 'Stress'), ('Medications', 'Concentration'), ('Public support and demand for healthy products', 'Marketing of unhealthy foods'), ('Poor body image', 'Eating disorders'), ('Emotional eating', 'Healthy eating'), ('Obesity', 'Access to health professionals'), ('Obesity', 'Mental well-being'), ('Unhealthy foods are more available than healthy ones', 'Supportive food environment'), ('Healthy eating', 'Blood saturated fatty acid level'), ('Presence of a vibrant community', 'Resilience'), ('Cells intake of fatty acids', 'Adipose storage of fatty acids'), ('Physical activity', 'Physical well-being'), ('Appetite', 'Healthy eating'), ('Aesthetics', 'Stress'), ('Chronic conditions', 'Mental well-being'), ('Weight bias', 'Positive experience of sports'), ('Healthy eating', 'Dyslipidemia'), ('Quality of the sport infrastructure', 'Recreational physical activity'), ('Physical pain', 'Ability to engage in physical activity'), ('Prevalence of green fields', 'Aesthetics'), ('Concentration', 'Ability to engage in physical activity'), ('Aesthetics', 'Mental well-being'), ('Poor body image', 'Depression'), ('Chronic conditions', 'Physical well-being'), ('Obesity', 'Release of adipokines'), ('Blood glucose level', 'Sodium retention'), ('Restrictive covenants', 'Availability of healthy foods'), ('Musculoskeletal pain', 'Mental well-being'), ('Weight bias', 'Unhealthy weight control practices'), ('Physical activity', 'Mental well-being'), ('Access to health professionals', 'Ability to engage in physical activity'), ('Stimulants', 'Short sleep duration'), ('Culture of eating that promotes healthy choices', 'Healthy eating'), ('Culture of eating that promotes healthy choices', 'Mental well-being'), ('Weight bias', 'Exercise'), ('Obesity', 'Dysfunctional adipose tissue'), ('Medications', 'Tiredness'), ('Inflammation', 'Insulin resistance'), ('Anticonvulsants', 'Appetite'), ('Inflammation', 'Auto-inflammatory diseases'), ('Accessibility to shops', 'Utilitarian physical activity '), ('Blood fatty acid level', 'Adipose storage of fatty acids'), ('Perceived environmental safety', 'Physical activity'), ('Short sleep duration', 'Physical well-being'), ('Cultural norms around thinness', 'Pressure to be thin'), ('Weight bias', 'Access to health professionals'), ('Public health messaging around thinness', 'Pressure to be thin'), ('Dysfunctional adipose tissue', 'Blood pressure'), ('Dysfunctional adipose tissue', 'Dyslipidemia'), ('Aesthetics', 'Utilitarian physical activity '), ('Obesity', 'Unhealthy weight control practices'), ('Obesity', 'Asthma-like symptoms'), ('Marketing ratio of unhealthy to healthy foods', 'Supportive food environment'), ('Dyslipidemia', 'Atherosclerosis'), ('Physical well-being', 'Mental well-being'), ('Public support and demand for healthy products', 'Cost of unhealthy foods'), ('Musculoskeletal pain', 'Physical well-being'), ('Coronary heart diseases', 'Exercise')]"
2,"[('Weight bias', 'Dysfunctional adipose tissue'), ('Socio-economic status', 'Short sleep duration'), ('Resilience', 'Balance'), ('Pressure to be thin', 'Physical pain'), ('Stress', 'Cortisol'), ('Poor body image', 'Unhealthy weight control practices'), ('Control', 'Balance'), ('Physical well-being', 'Ability to engage in physical activity'), ('Culture of eating that promotes healthy choices', 'Blood glucose level'), ('Mental well-being', 'Ability to engage in physical activity'), ('Depression', 'Pro-inflammatory cytokines')]",1,-1,1,-1,1,"[('Culture of eating that promotes healthy choices', 'Physical well-being'), ('Weight bias', 'Socio-economic status'), ('Mental well-being', 'Physical well-being'), ('Socio-economic status', 'Stress'), ('Control', 'Mental well-being'), ('Socio-economic status', 'Physical well-being'), ('Public health messaging around thinness', 'Weight bias'), ('Resilience', 'Mental well-being'), ('Medical perspective that thin is good', 'Public health messaging around thinness'), ('Weight bias', 'Depression'), ('Control', 'Stress'), ('Socio-economic status', 'Mental well-being'), ('Medical perspective that thin is good', 'Cultural norms around thinness'), ('Weight bias', 'Mental well-being'), ('Cultural norms around thinness', 'Cultural norms around thinness'), ('Cultural norms around thinness', 'Poor body image'), ('Weight bias', 'Stress'), ('Poor body image', 'Poor body image'), ('Socio-economic status', 'Control'), ('Weight bias', 'Poor body image'), ('Pressure to be thin', 'Poor body image'), ('Depression', 'Stress'), ('Poor body image', 'Depression'), ('Culture of eating that promotes healthy choices', 'Mental well-being'), ('Cultural norms around thinness', 'Pressure to be thin'), ('Public health messaging around thinness', 'Pressure to be thin'), ('Physical well-being', 'Mental well-being')]","[('Medications', 'Balance'), ('Secretion of inflammatory molecules by adipose cells', 'Insulin resistance'), ('Obesity', 'Obstructive sleep apnea'), ('Dyslipidemia', 'Blood pressure'), ('Obesity', 'Gastro-esophageal reflux disease'), ('Auto-inflammatory diseases', 'Inflammation'), ('Atherosclerosis', 'Coronary heart diseases'), ('Release of adipokines', 'Atherosclerosis'), ('Blood mono-unsaturated fatty acid level', 'Secretion of inflammatory molecules by adipose cells'), ('Insulin resistance', 'Fatty acids in the artery walls'), ('Insulin resistance', 'Cells intake of fatty acids'), ('Adipose storage of fatty acids', 'Inflammation'), ('Thoracic and abdominal obesity', 'Airway resistance'), ('Thoracic and abdominal obesity', 'Respiratory muscle fatigue'), ('Unhealthy weight control practices', 'Obesity'), ('Sodium retention', 'Blood pressure'), ('Short sleep duration', 'Pro-inflammatory cytokines'), ('Medications', 'Obesity'), ('Balance', 'Ability to engage in physical activity'), ('Short sleep duration', 'Cortisol'), ('Airway resistance', 'Asthma'), ('Short sleep duration', 'Blood pressure'), ('Fatty acids in the artery walls', 'Atherosclerosis'), ('Dyslipidemia', 'Insulin resistance'), ('Blood glucose level', 'Fatty acids in the artery walls'), ('Respiratory diseases', 'Ability to engage in physical activity'), ('Blood saturated fatty acid level', 'Secretion of inflammatory molecules by adipose cells'), ('Dysfunctional adipose tissue', 'Inflammation'), ('Coordination', 'Ability to engage in physical activity'), ('Obesity', 'Short sleep duration'), ('Inflammation', 'Asthma'), ('Coronary heart diseases', 'Dyspnea'), ('Tiredness', 'Ability to engage in physical activity'), ('Short sleep duration', 'Heart rate'), ('Blood fatty acid level', 'Blood glucose level'), ('Pro-inflammatory cytokines', 'Inflammation'), ('Respiratory muscle fatigue', 'Dyspnea'), ('Heart rate', 'Coronary heart diseases'), ('Medications', 'Coordination'), ('Beta blockers', 'Ability to engage in physical activity'), ('Sodium intake', 'Blood pressure'), ('Airway resistance', 'Asthma-like symptoms'), ('Medications', 'Concentration'), ('Cells intake of fatty acids', 'Adipose storage of fatty acids'), ('Physical pain', 'Ability to engage in physical activity'), ('Concentration', 'Ability to engage in physical activity'), ('Obesity', 'Release of adipokines'), ('Blood glucose level', 'Sodium retention'), ('Stimulants', 'Short sleep duration'), ('Obesity', 'Dysfunctional adipose tissue'), ('Medications', 'Tiredness'), ('Inflammation', 'Insulin resistance'), ('Inflammation', 'Auto-inflammatory diseases'), ('Blood fatty acid level', 'Adipose storage of fatty acids'), ('Dysfunctional adipose tissue', 'Blood pressure'), ('Dysfunctional adipose tissue', 'Dyslipidemia'), ('Obesity', 'Unhealthy weight control practices'), ('Obesity', 'Asthma-like symptoms'), ('Dyslipidemia', 'Atherosclerosis')]","[('Prevalence of walking trails', 'Quality of the sport infrastructure'), ('Medications', 'Balance'), ('Culture of eating that promotes healthy choices', 'Physical well-being'), ('Secretion of inflammatory molecules by adipose cells', 'Insulin resistance'), ('Presence of a vibrant community', 'Control'), ('Obesity', 'Weight bias'), ('Healthy eating', 'Blood mono-unsaturated fatty acid level'), ('Exercise', 'Heart rate'), ('Available time', 'Recreational physical activity'), ('Chronic conditions', 'Depression'), ('Exercise', 'Insulin resistance'), ('Weight bias', 'Socio-economic status'), ('Mental well-being', 'Physical well-being'), ('Obesity', 'Obstructive sleep apnea'), ('Eating disorders', 'Healthy eating'), ('Consumer demand for regulations', 'Marketing of healthy foods'), ('Dyslipidemia', 'Blood pressure'), ('Obesity', 'Gastro-esophageal reflux disease'), ('Perceived environmental safety', 'Mental well-being'), ('Late night TV watching', 'Short sleep duration'), ('Auto-inflammatory diseases', 'Inflammation'), ('Depression', 'Healthy eating'), ('Socio-economic status', 'Stress'), ('Exercise', 'Blood glucose level'), ('Public support and demand for healthy products', 'Marketing of healthy foods'), ('Unhealthy foods are cheaper than healthy ones', 'Supportive food environment'), ('Control', 'Mental well-being'), ('Atherosclerosis', 'Coronary heart diseases'), ('Socio-economic status', 'Physical well-being'), ('Ability to engage in physical activity', 'Physical activity'), ('Public health messaging around thinness', 'Weight bias'), ('Public support and demand for healthy products', 'Availability of healthy foods'), ('Release of adipokines', 'Atherosclerosis'), ('Consumer demand for regulations', 'Marketing of unhealthy foods'), ('Resilience', 'Mental well-being'), ('Blood mono-unsaturated fatty acid level', 'Secretion of inflammatory molecules by adipose cells'), ('Medical perspective that thin is good', 'Public health messaging around thinness'), ('Mental well-being', 'Medications'), ('Sexual difficulties', 'Mental well-being'), ('Insulin resistance', 'Fatty acids in the artery walls'), ('Insulin resistance', 'Cells intake of fatty acids'), ('Sidewalk prevalence and maintenance', 'Utilitarian physical activity '), ('Adipose storage of fatty acids', 'Inflammation'), ('Socio-economic status', 'Exercise'), ('Thoracic and abdominal obesity', 'Airway resistance'), ('Healthy eating', 'Short sleep duration'), ('Perceived environmental safety', 'Physical well-being'), ('Weight bias', 'Depression'), ('Emotional eating', 'Mental well-being'), ('Late night TV watching', 'Healthy eating'), ('Control', 'Stress'), ('Aesthetics', 'Physical well-being'), ('Economic incentives to produce unhealthy food products', 'Cost of unhealthy foods'), ('Supportive food environment', 'Healthy eating'), ('Appetite', 'Physical well-being'), ('Thoracic and abdominal obesity', 'Respiratory muscle fatigue'), ('Cardiovascular diseases', 'Fear of engaging in physical activity'), ('Socio-economic status', 'Mental well-being'), ('Unhealthy weight control practices', 'Obesity'), ('Exercise', 'Blood pressure'), ('Sodium retention', 'Blood pressure'), ('Short sleep duration', 'Pro-inflammatory cytokines'), ('Medications', 'Obesity'), ('Short sleep duration', 'Appetite'), ('Balance', 'Ability to engage in physical activity'), ('Short sleep duration', 'Cortisol'), ('Airway resistance', 'Asthma'), ('Short sleep duration', 'Blood pressure'), ('Medical perspective that thin is good', 'Cultural norms around thinness'), ('Healthy eating', 'Blood glucose level'), ('Mental well-being', 'Anticonvulsants'), ('Fatty acids in the artery walls', 'Atherosclerosis'), ('Dyslipidemia', 'Insulin resistance'), ('Blood glucose level', 'Fatty acids in the artery walls'), ('Respiratory diseases', 'Ability to engage in physical activity'), ('Blood saturated fatty acid level', 'Secretion of inflammatory molecules by adipose cells'), ('Dysfunctional adipose tissue', 'Inflammation'), ('Weight bias', 'Mental well-being'), ('Coordination', 'Ability to engage in physical activity'), ('Cultural norms around thinness', 'Cultural norms around thinness'), ('Cultural norms around thinness', 'Poor body image'), ('Obesity', 'Short sleep duration'), ('Inflammation', 'Asthma'), ('Healthy eating', 'Sodium intake'), ('Cultural norms around thinness', 'Eating disorders'), ('Poor body image', 'Sexual difficulties'), ('Fear of engaging in physical activity', 'Physical activity'), ('Short sleep duration', 'Healthy eating'), ('Coronary heart diseases', 'Dyspnea'), ('Stress', 'Inflammation'), ('Weight bias', 'Stress'), ('Unhealthy weight control practices', 'Eating disorders'), ('Tiredness', 'Ability to engage in physical activity'), ('Short sleep duration', 'Heart rate'), ('Prevalence of bike trails', 'Quality of the sport infrastructure'), ('Exercise', 'Blood fatty acid level'), ('Mental well-being', 'Emotional eating'), ('Poor body image', 'Poor body image'), ('Blood fatty acid level', 'Blood glucose level'), ('Cardiovascular diseases', 'Depression'), ('Pro-inflammatory cytokines', 'Inflammation'), ('Prevalence of green fields', 'Quality of the sport infrastructure'), ('Mental well-being', 'Antipsychotics'), ('Socio-economic status', 'Control'), ('Weight bias', 'Poor body image'), ('Positive experience of sports', 'Recreational physical activity'), ('Public support and demand for healthy products', 'Cost of healthy foods'), ('Socio-economic status', 'Availability of healthy foods'), ('Cardiovascular diseases', 'Physical well-being'), ('Respiratory muscle fatigue', 'Dyspnea'), ('Heart rate', 'Coronary heart diseases'), ('Pressure to be thin', 'Poor body image'), ('Medications', 'Coordination'), ('Beta blockers', 'Ability to engage in physical activity'), ('Antipsychotics', 'Appetite'), ('Sodium intake', 'Blood pressure'), ('Pressure to be thin', 'Unhealthy weight control practices'), ('Airway resistance', 'Asthma-like symptoms'), ('Depression', 'Stress'), ('Medications', 'Concentration'), ('Public support and demand for healthy products', 'Marketing of unhealthy foods'), ('Poor body image', 'Eating disorders'), ('Emotional eating', 'Healthy eating'), ('Obesity', 'Access to health professionals'), ('Obesity', 'Mental well-being'), ('Unhealthy foods are more available than healthy ones', 'Supportive food environment'), ('Healthy eating', 'Blood saturated fatty acid level'), ('Presence of a vibrant community', 'Resilience'), ('Cells intake of fatty acids', 'Adipose storage of fatty acids'), ('Physical activity', 'Physical well-being'), ('Appetite', 'Healthy eating'), ('Aesthetics', 'Stress'), ('Chronic conditions', 'Mental well-being'), ('Weight bias', 'Positive experience of sports'), ('Healthy eating', 'Dyslipidemia'), ('Quality of the sport infrastructure', 'Recreational physical activity'), ('Physical pain', 'Ability to engage in physical activity'), ('Prevalence of green fields', 'Aesthetics'), ('Concentration', 'Ability to engage in physical activity'), ('Aesthetics', 'Mental well-being'), ('Poor body image', 'Depression'), ('Chronic conditions', 'Physical well-being'), ('Obesity', 'Release of adipokines'), ('Blood glucose level', 'Sodium retention'), ('Restrictive covenants', 'Availability of healthy foods'), ('Musculoskeletal pain', 'Mental well-being'), ('Weight bias', 'Unhealthy weight control practices'), ('Physical activity', 'Mental well-being'), ('Access to health professionals', 'Ability to engage in physical activity'), ('Stimulants', 'Short sleep duration'), ('Culture of eating that promotes healthy choices', 'Healthy eating'), ('Culture of eating that promotes healthy choices', 'Mental well-being'), ('Weight bias', 'Exercise'), ('Obesity', 'Dysfunctional adipose tissue'), ('Medications', 'Tiredness'), ('Inflammation', 'Insulin resistance'), ('Anticonvulsants', 'Appetite'), ('Inflammation', 'Auto-inflammatory diseases'), ('Accessibility to shops', 'Utilitarian physical activity '), ('Blood fatty acid level', 'Adipose storage of fatty acids'), ('Perceived environmental safety', 'Physical activity'), ('Short sleep duration', 'Physical well-being'), ('Cultural norms around thinness', 'Pressure to be thin'), ('Weight bias', 'Access to health professionals'), ('Public health messaging around thinness', 'Pressure to be thin'), ('Dysfunctional adipose tissue', 'Blood pressure'), ('Dysfunctional adipose tissue', 'Dyslipidemia'), ('Aesthetics', 'Utilitarian physical activity '), ('Obesity', 'Unhealthy weight control practices'), ('Obesity', 'Asthma-like symptoms'), ('Marketing ratio of unhealthy to healthy foods', 'Supportive food environment'), ('Dyslipidemia', 'Atherosclerosis'), ('Physical well-being', 'Mental well-being'), ('Public support and demand for healthy products', 'Cost of unhealthy foods'), ('Musculoskeletal pain', 'Physical well-being'), ('Coronary heart diseases', 'Exercise')]"
3,"[('Weight bias', 'Dysfunctional adipose tissue'), ('Socio-economic status', 'Short sleep duration'), ('Resilience', 'Balance'), ('Pressure to be thin', 'Physical pain'), ('Stress', 'Cortisol'), ('Poor body image', 'Unhealthy weight control practices'), ('Control', 'Balance'), ('Physical well-being', 'Ability to engage in physical activity'), ('Culture of eating that promotes healthy choices', 'Blood glucose level'), ('Mental well-being', 'Ability to engage in physical activity'), ('Depression', 'Pro-inflammatory cytokines')]",1,-1,1,-1,1,"[('Culture of eating that promotes healthy choices', 'Physical well-being'), ('Weight bias', 'Socio-economic status'), ('Mental well-being', 'Physical well-being'), ('Socio-economic status', 'Stress'), ('Control', 'Mental well-being'), ('Socio-economic status', 'Physical well-being'), ('Public health messaging around thinness', 'Weight bias'), ('Resilience', 'Mental well-being'), ('Medical perspective that thin is good', 'Public health messaging around thinness'), ('Weight bias', 'Depression'), ('Control', 'Stress'), ('Socio-economic status', 'Mental well-being'), ('Medical perspective that thin is good', 'Cultural norms around thinness'), ('Weight bias', 'Mental well-being'), ('Cultural norms around thinness', 'Cultural norms around thinness'), ('Cultural norms around thinness', 'Poor body image'), ('Weight bias', 'Stress'), ('Poor body image', 'Poor body image'), ('Socio-economic status', 'Control'), ('Weight bias', 'Poor body image'), ('Pressure to be thin', 'Poor body image'), ('Depression', 'Stress'), ('Poor body image', 'Depression'), ('Culture of eating that promotes healthy choices', 'Mental well-being'), ('Cultural norms around thinness', 'Pressure to be thin'), ('Public health messaging around thinness', 'Pressure to be thin'), ('Physical well-being', 'Mental well-being')]","[('Medications', 'Balance'), ('Secretion of inflammatory molecules by adipose cells', 'Insulin resistance'), ('Obesity', 'Obstructive sleep apnea'), ('Dyslipidemia', 'Blood pressure'), ('Obesity', 'Gastro-esophageal reflux disease'), ('Auto-inflammatory diseases', 'Inflammation'), ('Atherosclerosis', 'Coronary heart diseases'), ('Release of adipokines', 'Atherosclerosis'), ('Blood mono-unsaturated fatty acid level', 'Secretion of inflammatory molecules by adipose cells'), ('Insulin resistance', 'Fatty acids in the artery walls'), ('Insulin resistance', 'Cells intake of fatty acids'), ('Adipose storage of fatty acids', 'Inflammation'), ('Thoracic and abdominal obesity', 'Airway resistance'), ('Thoracic and abdominal obesity', 'Respiratory muscle fatigue'), ('Unhealthy weight control practices', 'Obesity'), ('Sodium retention', 'Blood pressure'), ('Short sleep duration', 'Pro-inflammatory cytokines'), ('Medications', 'Obesity'), ('Balance', 'Ability to engage in physical activity'), ('Short sleep duration', 'Cortisol'), ('Airway resistance', 'Asthma'), ('Short sleep duration', 'Blood pressure'), ('Fatty acids in the artery walls', 'Atherosclerosis'), ('Dyslipidemia', 'Insulin resistance'), ('Blood glucose level', 'Fatty acids in the artery walls'), ('Respiratory diseases', 'Ability to engage in physical activity'), ('Blood saturated fatty acid level', 'Secretion of inflammatory molecules by adipose cells'), ('Dysfunctional adipose tissue', 'Inflammation'), ('Coordination', 'Ability to engage in physical activity'), ('Obesity', 'Short sleep duration'), ('Inflammation', 'Asthma'), ('Coronary heart diseases', 'Dyspnea'), ('Tiredness', 'Ability to engage in physical activity'), ('Short sleep duration', 'Heart rate'), ('Blood fatty acid level', 'Blood glucose level'), ('Pro-inflammatory cytokines', 'Inflammation'), ('Respiratory muscle fatigue', 'Dyspnea'), ('Heart rate', 'Coronary heart diseases'), ('Medications', 'Coordination'), ('Beta blockers', 'Ability to engage in physical activity'), ('Sodium intake', 'Blood pressure'), ('Airway resistance', 'Asthma-like symptoms'), ('Medications', 'Concentration'), ('Cells intake of fatty acids', 'Adipose storage of fatty acids'), ('Physical pain', 'Ability to engage in physical activity'), ('Concentration', 'Ability to engage in physical activity'), ('Obesity', 'Release of adipokines'), ('Blood glucose level', 'Sodium retention'), ('Stimulants', 'Short sleep duration'), ('Obesity', 'Dysfunctional adipose tissue'), ('Medications', 'Tiredness'), ('Inflammation', 'Insulin resistance'), ('Inflammation', 'Auto-inflammatory diseases'), ('Blood fatty acid level', 'Adipose storage of fatty acids'), ('Dysfunctional adipose tissue', 'Blood pressure'), ('Dysfunctional adipose tissue', 'Dyslipidemia'), ('Obesity', 'Unhealthy weight control practices'), ('Obesity', 'Asthma-like symptoms'), ('Dyslipidemia', 'Atherosclerosis')]","[('Prevalence of walking trails', 'Quality of the sport infrastructure'), ('Medications', 'Balance'), ('Culture of eating that promotes healthy choices', 'Physical well-being'), ('Secretion of inflammatory molecules by adipose cells', 'Insulin resistance'), ('Presence of a vibrant community', 'Control'), ('Obesity', 'Weight bias'), ('Healthy eating', 'Blood mono-unsaturated fatty acid level'), ('Exercise', 'Heart rate'), ('Available time', 'Recreational physical activity'), ('Chronic conditions', 'Depression'), ('Exercise', 'Insulin resistance'), ('Weight bias', 'Socio-economic status'), ('Mental well-being', 'Physical well-being'), ('Obesity', 'Obstructive sleep apnea'), ('Eating disorders', 'Healthy eating'), ('Consumer demand for regulations', 'Marketing of healthy foods'), ('Dyslipidemia', 'Blood pressure'), ('Obesity', 'Gastro-esophageal reflux disease'), ('Perceived environmental safety', 'Mental well-being'), ('Late night TV watching', 'Short sleep duration'), ('Auto-inflammatory diseases', 'Inflammation'), ('Depression', 'Healthy eating'), ('Socio-economic status', 'Stress'), ('Exercise', 'Blood glucose level'), ('Public support and demand for healthy products', 'Marketing of healthy foods'), ('Unhealthy foods are cheaper than healthy ones', 'Supportive food environment'), ('Control', 'Mental well-being'), ('Atherosclerosis', 'Coronary heart diseases'), ('Socio-economic status', 'Physical well-being'), ('Ability to engage in physical activity', 'Physical activity'), ('Public health messaging around thinness', 'Weight bias'), ('Public support and demand for healthy products', 'Availability of healthy foods'), ('Release of adipokines', 'Atherosclerosis'), ('Consumer demand for regulations', 'Marketing of unhealthy foods'), ('Resilience', 'Mental well-being'), ('Blood mono-unsaturated fatty acid level', 'Secretion of inflammatory molecules by adipose cells'), ('Medical perspective that thin is good', 'Public health messaging around thinness'), ('Mental well-being', 'Medications'), ('Sexual difficulties', 'Mental well-being'), ('Insulin resistance', 'Fatty acids in the artery walls'), ('Insulin resistance', 'Cells intake of fatty acids'), ('Sidewalk prevalence and maintenance', 'Utilitarian physical activity '), ('Adipose storage of fatty acids', 'Inflammation'), ('Socio-economic status', 'Exercise'), ('Thoracic and abdominal obesity', 'Airway resistance'), ('Healthy eating', 'Short sleep duration'), ('Perceived environmental safety', 'Physical well-being'), ('Weight bias', 'Depression'), ('Emotional eating', 'Mental well-being'), ('Late night TV watching', 'Healthy eating'), ('Control', 'Stress'), ('Aesthetics', 'Physical well-being'), ('Economic incentives to produce unhealthy food products', 'Cost of unhealthy foods'), ('Supportive food environment', 'Healthy eating'), ('Appetite', 'Physical well-being'), ('Thoracic and abdominal obesity', 'Respiratory muscle fatigue'), ('Cardiovascular diseases', 'Fear of engaging in physical activity'), ('Socio-economic status', 'Mental well-being'), ('Unhealthy weight control practices', 'Obesity'), ('Exercise', 'Blood pressure'), ('Sodium retention', 'Blood pressure'), ('Short sleep duration', 'Pro-inflammatory cytokines'), ('Medications', 'Obesity'), ('Short sleep duration', 'Appetite'), ('Balance', 'Ability to engage in physical activity'), ('Short sleep duration', 'Cortisol'), ('Airway resistance', 'Asthma'), ('Short sleep duration', 'Blood pressure'), ('Medical perspective that thin is good', 'Cultural norms around thinness'), ('Healthy eating', 'Blood glucose level'), ('Mental well-being', 'Anticonvulsants'), ('Fatty acids in the artery walls', 'Atherosclerosis'), ('Dyslipidemia', 'Insulin resistance'), ('Blood glucose level', 'Fatty acids in the artery walls'), ('Respiratory diseases', 'Ability to engage in physical activity'), ('Blood saturated fatty acid level', 'Secretion of inflammatory molecules by adipose cells'), ('Dysfunctional adipose tissue', 'Inflammation'), ('Weight bias', 'Mental well-being'), ('Coordination', 'Ability to engage in physical activity'), ('Cultural norms around thinness', 'Cultural norms around thinness'), ('Cultural norms around thinness', 'Poor body image'), ('Obesity', 'Short sleep duration'), ('Inflammation', 'Asthma'), ('Healthy eating', 'Sodium intake'), ('Cultural norms around thinness', 'Eating disorders'), ('Poor body image', 'Sexual difficulties'), ('Fear of engaging in physical activity', 'Physical activity'), ('Short sleep duration', 'Healthy eating'), ('Coronary heart diseases', 'Dyspnea'), ('Stress', 'Inflammation'), ('Weight bias', 'Stress'), ('Unhealthy weight control practices', 'Eating disorders'), ('Tiredness', 'Ability to engage in physical activity'), ('Short sleep duration', 'Heart rate'), ('Prevalence of bike trails', 'Quality of the sport infrastructure'), ('Exercise', 'Blood fatty acid level'), ('Mental well-being', 'Emotional eating'), ('Poor body image', 'Poor body image'), ('Blood fatty acid level', 'Blood glucose level'), ('Cardiovascular diseases', 'Depression'), ('Pro-inflammatory cytokines', 'Inflammation'), ('Prevalence of green fields', 'Quality of the sport infrastructure'), ('Mental well-being', 'Antipsychotics'), ('Socio-economic status', 'Control'), ('Weight bias', 'Poor body image'), ('Positive experience of sports', 'Recreational physical activity'), ('Public support and demand for healthy products', 'Cost of healthy foods'), ('Socio-economic status', 'Availability of healthy foods'), ('Cardiovascular diseases', 'Physical well-being'), ('Respiratory muscle fatigue', 'Dyspnea'), ('Heart rate', 'Coronary heart diseases'), ('Pressure to be thin', 'Poor body image'), ('Medications', 'Coordination'), ('Beta blockers', 'Ability to engage in physical activity'), ('Antipsychotics', 'Appetite'), ('Sodium intake', 'Blood pressure'), ('Pressure to be thin', 'Unhealthy weight control practices'), ('Airway resistance', 'Asthma-like symptoms'), ('Depression', 'Stress'), ('Medications', 'Concentration'), ('Public support and demand for healthy products', 'Marketing of unhealthy foods'), ('Poor body image', 'Eating disorders'), ('Emotional eating', 'Healthy eating'), ('Obesity', 'Access to health professionals'), ('Obesity', 'Mental well-being'), ('Unhealthy foods are more available than healthy ones', 'Supportive food environment'), ('Healthy eating', 'Blood saturated fatty acid level'), ('Presence of a vibrant community', 'Resilience'), ('Cells intake of fatty acids', 'Adipose storage of fatty acids'), ('Physical activity', 'Physical well-being'), ('Appetite', 'Healthy eating'), ('Aesthetics', 'Stress'), ('Chronic conditions', 'Mental well-being'), ('Weight bias', 'Positive experience of sports'), ('Healthy eating', 'Dyslipidemia'), ('Quality of the sport infrastructure', 'Recreational physical activity'), ('Physical pain', 'Ability to engage in physical activity'), ('Prevalence of green fields', 'Aesthetics'), ('Concentration', 'Ability to engage in physical activity'), ('Aesthetics', 'Mental well-being'), ('Poor body image', 'Depression'), ('Chronic conditions', 'Physical well-being'), ('Obesity', 'Release of adipokines'), ('Blood glucose level', 'Sodium retention'), ('Restrictive covenants', 'Availability of healthy foods'), ('Musculoskeletal pain', 'Mental well-being'), ('Weight bias', 'Unhealthy weight control practices'), ('Physical activity', 'Mental well-being'), ('Access to health professionals', 'Ability to engage in physical activity'), ('Stimulants', 'Short sleep duration'), ('Culture of eating that promotes healthy choices', 'Healthy eating'), ('Culture of eating that promotes healthy choices', 'Mental well-being'), ('Weight bias', 'Exercise'), ('Obesity', 'Dysfunctional adipose tissue'), ('Medications', 'Tiredness'), ('Inflammation', 'Insulin resistance'), ('Anticonvulsants', 'Appetite'), ('Inflammation', 'Auto-inflammatory diseases'), ('Accessibility to shops', 'Utilitarian physical activity '), ('Blood fatty acid level', 'Adipose storage of fatty acids'), ('Perceived environmental safety', 'Physical activity'), ('Short sleep duration', 'Physical well-being'), ('Cultural norms around thinness', 'Pressure to be thin'), ('Weight bias', 'Access to health professionals'), ('Public health messaging around thinness', 'Pressure to be thin'), ('Dysfunctional adipose tissue', 'Blood pressure'), ('Dysfunctional adipose tissue', 'Dyslipidemia'), ('Aesthetics', 'Utilitarian physical activity '), ('Obesity', 'Unhealthy weight control practices'), ('Obesity', 'Asthma-like symptoms'), ('Marketing ratio of unhealthy to healthy foods', 'Supportive food environment'), ('Dyslipidemia', 'Atherosclerosis'), ('Physical well-being', 'Mental well-being'), ('Public support and demand for healthy products', 'Cost of unhealthy foods'), ('Musculoskeletal pain', 'Physical well-being'), ('Coronary heart diseases', 'Exercise')]"
4,"[('Weight bias', 'Dysfunctional adipose tissue'), ('Socio-economic status', 'Short sleep duration'), ('Resilience', 'Balance'), ('Pressure to be thin', 'Physical pain'), ('Stress', 'Cortisol'), ('Poor body image', 'Unhealthy weight control practices'), ('Control', 'Balance'), ('Physical well-being', 'Ability to engage in physical activity'), ('Culture of eating that promotes healthy choices', 'Blood glucose level'), ('Mental well-being', 'Ability to engage in physical activity'), ('Depression', 'Pro-inflammatory cytokines')]",1,-1,1,-1,1,"[('Culture of eating that promotes healthy choices', 'Physical well-being'), ('Weight bias', 'Socio-economic status'), ('Mental well-being', 'Physical well-being'), ('Socio-economic status', 'Stress'), ('Control', 'Mental well-being'), ('Socio-economic status', 'Physical well-being'), ('Public health messaging around thinness', 'Weight bias'), ('Resilience', 'Mental well-being'), ('Medical perspective that thin is good', 'Public health messaging around thinness'), ('Weight bias', 'Depression'), ('Control', 'Stress'), ('Socio-economic status', 'Mental well-being'), ('Medical perspective that thin is good', 'Cultural norms around thinness'), ('Weight bias', 'Mental well-being'), ('Cultural norms around thinness', 'Cultural norms around thinness'), ('Cultural norms around thinness', 'Poor body image'), ('Weight bias', 'Stress'), ('Poor body image', 'Poor body image'), ('Socio-economic status', 'Control'), ('Weight bias', 'Poor body image'), ('Pressure to be thin', 'Poor body image'), ('Depression', 'Stress'), ('Poor body image', 'Depression'), ('Culture of eating that promotes healthy choices', 'Mental well-being'), ('Cultural norms around thinness', 'Pressure to be thin'), ('Public health messaging around thinness', 'Pressure to be thin'), ('Physical well-being', 'Mental well-being')]","[('Medications', 'Balance'), ('Secretion of inflammatory molecules by adipose cells', 'Insulin resistance'), ('Obesity', 'Obstructive sleep apnea'), ('Dyslipidemia', 'Blood pressure'), ('Obesity', 'Gastro-esophageal reflux disease'), ('Auto-inflammatory diseases', 'Inflammation'), ('Atherosclerosis', 'Coronary heart diseases'), ('Release of adipokines', 'Atherosclerosis'), ('Blood mono-unsaturated fatty acid level', 'Secretion of inflammatory molecules by adipose cells'), ('Insulin resistance', 'Fatty acids in the artery walls'), ('Insulin resistance', 'Cells intake of fatty acids'), ('Adipose storage of fatty acids', 'Inflammation'), ('Thoracic and abdominal obesity', 'Airway resistance'), ('Thoracic and abdominal obesity', 'Respiratory muscle fatigue'), ('Unhealthy weight control practices', 'Obesity'), ('Sodium retention', 'Blood pressure'), ('Short sleep duration', 'Pro-inflammatory cytokines'), ('Medications', 'Obesity'), ('Balance', 'Ability to engage in physical activity'), ('Short sleep duration', 'Cortisol'), ('Airway resistance', 'Asthma'), ('Short sleep duration', 'Blood pressure'), ('Fatty acids in the artery walls', 'Atherosclerosis'), ('Dyslipidemia', 'Insulin resistance'), ('Blood glucose level', 'Fatty acids in the artery walls'), ('Respiratory diseases', 'Ability to engage in physical activity'), ('Blood saturated fatty acid level', 'Secretion of inflammatory molecules by adipose cells'), ('Dysfunctional adipose tissue', 'Inflammation'), ('Coordination', 'Ability to engage in physical activity'), ('Obesity', 'Short sleep duration'), ('Inflammation', 'Asthma'), ('Coronary heart diseases', 'Dyspnea'), ('Tiredness', 'Ability to engage in physical activity'), ('Short sleep duration', 'Heart rate'), ('Blood fatty acid level', 'Blood glucose level'), ('Pro-inflammatory cytokines', 'Inflammation'), ('Respiratory muscle fatigue', 'Dyspnea'), ('Heart rate', 'Coronary heart diseases'), ('Medications', 'Coordination'), ('Beta blockers', 'Ability to engage in physical activity'), ('Sodium intake', 'Blood pressure'), ('Airway resistance', 'Asthma-like symptoms'), ('Medications', 'Concentration'), ('Cells intake of fatty acids', 'Adipose storage of fatty acids'), ('Physical pain', 'Ability to engage in physical activity'), ('Concentration', 'Ability to engage in physical activity'), ('Obesity', 'Release of adipokines'), ('Blood glucose level', 'Sodium retention'), ('Stimulants', 'Short sleep duration'), ('Obesity', 'Dysfunctional adipose tissue'), ('Medications', 'Tiredness'), ('Inflammation', 'Insulin resistance'), ('Inflammation', 'Auto-inflammatory diseases'), ('Blood fatty acid level', 'Adipose storage of fatty acids'), ('Dysfunctional adipose tissue', 'Blood pressure'), ('Dysfunctional adipose tissue', 'Dyslipidemia'), ('Obesity', 'Unhealthy weight control practices'), ('Obesity', 'Asthma-like symptoms'), ('Dyslipidemia', 'Atherosclerosis')]","[('Prevalence of walking trails', 'Quality of the sport infrastructure'), ('Medications', 'Balance'), ('Culture of eating that promotes healthy choices', 'Physical well-being'), ('Secretion of inflammatory molecules by adipose cells', 'Insulin resistance'), ('Presence of a vibrant community', 'Control'), ('Obesity', 'Weight bias'), ('Healthy eating', 'Blood mono-unsaturated fatty acid level'), ('Exercise', 'Heart rate'), ('Available time', 'Recreational physical activity'), ('Chronic conditions', 'Depression'), ('Exercise', 'Insulin resistance'), ('Weight bias', 'Socio-economic status'), ('Mental well-being', 'Physical well-being'), ('Obesity', 'Obstructive sleep apnea'), ('Eating disorders', 'Healthy eating'), ('Consumer demand for regulations', 'Marketing of healthy foods'), ('Dyslipidemia', 'Blood pressure'), ('Obesity', 'Gastro-esophageal reflux disease'), ('Perceived environmental safety', 'Mental well-being'), ('Late night TV watching', 'Short sleep duration'), ('Auto-inflammatory diseases', 'Inflammation'), ('Depression', 'Healthy eating'), ('Socio-economic status', 'Stress'), ('Exercise', 'Blood glucose level'), ('Public support and demand for healthy products', 'Marketing of healthy foods'), ('Unhealthy foods are cheaper than healthy ones', 'Supportive food environment'), ('Control', 'Mental well-being'), ('Atherosclerosis', 'Coronary heart diseases'), ('Socio-economic status', 'Physical well-being'), ('Ability to engage in physical activity', 'Physical activity'), ('Public health messaging around thinness', 'Weight bias'), ('Public support and demand for healthy products', 'Availability of healthy foods'), ('Release of adipokines', 'Atherosclerosis'), ('Consumer demand for regulations', 'Marketing of unhealthy foods'), ('Resilience', 'Mental well-being'), ('Blood mono-unsaturated fatty acid level', 'Secretion of inflammatory molecules by adipose cells'), ('Medical perspective that thin is good', 'Public health messaging around thinness'), ('Mental well-being', 'Medications'), ('Sexual difficulties', 'Mental well-being'), ('Insulin resistance', 'Fatty acids in the artery walls'), ('Insulin resistance', 'Cells intake of fatty acids'), ('Sidewalk prevalence and maintenance', 'Utilitarian physical activity '), ('Adipose storage of fatty acids', 'Inflammation'), ('Socio-economic status', 'Exercise'), ('Thoracic and abdominal obesity', 'Airway resistance'), ('Healthy eating', 'Short sleep duration'), ('Perceived environmental safety', 'Physical well-being'), ('Weight bias', 'Depression'), ('Emotional eating', 'Mental well-being'), ('Late night TV watching', 'Healthy eating'), ('Control', 'Stress'), ('Aesthetics', 'Physical well-being'), ('Economic incentives to produce unhealthy food products', 'Cost of unhealthy foods'), ('Supportive food environment', 'Healthy eating'), ('Appetite', 'Physical well-being'), ('Thoracic and abdominal obesity', 'Respiratory muscle fatigue'), ('Cardiovascular diseases', 'Fear of engaging in physical activity'), ('Socio-economic status', 'Mental well-being'), ('Unhealthy weight control practices', 'Obesity'), ('Exercise', 'Blood pressure'), ('Sodium retention', 'Blood pressure'), ('Short sleep duration', 'Pro-inflammatory cytokines'), ('Medications', 'Obesity'), ('Short sleep duration', 'Appetite'), ('Balance', 'Ability to engage in physical activity'), ('Short sleep duration', 'Cortisol'), ('Airway resistance', 'Asthma'), ('Short sleep duration', 'Blood pressure'), ('Medical perspective that thin is good', 'Cultural norms around thinness'), ('Healthy eating', 'Blood glucose level'), ('Mental well-being', 'Anticonvulsants'), ('Fatty acids in the artery walls', 'Atherosclerosis'), ('Dyslipidemia', 'Insulin resistance'), ('Blood glucose level', 'Fatty acids in the artery walls'), ('Respiratory diseases', 'Ability to engage in physical activity'), ('Blood saturated fatty acid level', 'Secretion of inflammatory molecules by adipose cells'), ('Dysfunctional adipose tissue', 'Inflammation'), ('Weight bias', 'Mental well-being'), ('Coordination', 'Ability to engage in physical activity'), ('Cultural norms around thinness', 'Cultural norms around thinness'), ('Cultural norms around thinness', 'Poor body image'), ('Obesity', 'Short sleep duration'), ('Inflammation', 'Asthma'), ('Healthy eating', 'Sodium intake'), ('Cultural norms around thinness', 'Eating disorders'), ('Poor body image', 'Sexual difficulties'), ('Fear of engaging in physical activity', 'Physical activity'), ('Short sleep duration', 'Healthy eating'), ('Coronary heart diseases', 'Dyspnea'), ('Stress', 'Inflammation'), ('Weight bias', 'Stress'), ('Unhealthy weight control practices', 'Eating disorders'), ('Tiredness', 'Ability to engage in physical activity'), ('Short sleep duration', 'Heart rate'), ('Prevalence of bike trails', 'Quality of the sport infrastructure'), ('Exercise', 'Blood fatty acid level'), ('Mental well-being', 'Emotional eating'), ('Poor body image', 'Poor body image'), ('Blood fatty acid level', 'Blood glucose level'), ('Cardiovascular diseases', 'Depression'), ('Pro-inflammatory cytokines', 'Inflammation'), ('Prevalence of green fields', 'Quality of the sport infrastructure'), ('Mental well-being', 'Antipsychotics'), ('Socio-economic status', 'Control'), ('Weight bias', 'Poor body image'), ('Positive experience of sports', 'Recreational physical activity'), ('Public support and demand for healthy products', 'Cost of healthy foods'), ('Socio-economic status', 'Availability of healthy foods'), ('Cardiovascular diseases', 'Physical well-being'), ('Respiratory muscle fatigue', 'Dyspnea'), ('Heart rate', 'Coronary heart diseases'), ('Pressure to be thin', 'Poor body image'), ('Medications', 'Coordination'), ('Beta blockers', 'Ability to engage in physical activity'), ('Antipsychotics', 'Appetite'), ('Sodium intake', 'Blood pressure'), ('Pressure to be thin', 'Unhealthy weight control practices'), ('Airway resistance', 'Asthma-like symptoms'), ('Depression', 'Stress'), ('Medications', 'Concentration'), ('Public support and demand for healthy products', 'Marketing of unhealthy foods'), ('Poor body image', 'Eating disorders'), ('Emotional eating', 'Healthy eating'), ('Obesity', 'Access to health professionals'), ('Obesity', 'Mental well-being'), ('Unhealthy foods are more available than healthy ones', 'Supportive food environment'), ('Healthy eating', 'Blood saturated fatty acid level'), ('Presence of a vibrant community', 'Resilience'), ('Cells intake of fatty acids', 'Adipose storage of fatty acids'), ('Physical activity', 'Physical well-being'), ('Appetite', 'Healthy eating'), ('Aesthetics', 'Stress'), ('Chronic conditions', 'Mental well-being'), ('Weight bias', 'Positive experience of sports'), ('Healthy eating', 'Dyslipidemia'), ('Quality of the sport infrastructure', 'Recreational physical activity'), ('Physical pain', 'Ability to engage in physical activity'), ('Prevalence of green fields', 'Aesthetics'), ('Concentration', 'Ability to engage in physical activity'), ('Aesthetics', 'Mental well-being'), ('Poor body image', 'Depression'), ('Chronic conditions', 'Physical well-being'), ('Obesity', 'Release of adipokines'), ('Blood glucose level', 'Sodium retention'), ('Restrictive covenants', 'Availability of healthy foods'), ('Musculoskeletal pain', 'Mental well-being'), ('Weight bias', 'Unhealthy weight control practices'), ('Physical activity', 'Mental well-being'), ('Access to health professionals', 'Ability to engage in physical activity'), ('Stimulants', 'Short sleep duration'), ('Culture of eating that promotes healthy choices', 'Healthy eating'), ('Culture of eating that promotes healthy choices', 'Mental well-being'), ('Weight bias', 'Exercise'), ('Obesity', 'Dysfunctional adipose tissue'), ('Medications', 'Tiredness'), ('Inflammation', 'Insulin resistance'), ('Anticonvulsants', 'Appetite'), ('Inflammation', 'Auto-inflammatory diseases'), ('Accessibility to shops', 'Utilitarian physical activity '), ('Blood fatty acid level', 'Adipose storage of fatty acids'), ('Perceived environmental safety', 'Physical activity'), ('Short sleep duration', 'Physical well-being'), ('Cultural norms around thinness', 'Pressure to be thin'), ('Weight bias', 'Access to health professionals'), ('Public health messaging around thinness', 'Pressure to be thin'), ('Dysfunctional adipose tissue', 'Blood pressure'), ('Dysfunctional adipose tissue', 'Dyslipidemia'), ('Aesthetics', 'Utilitarian physical activity '), ('Obesity', 'Unhealthy weight control practices'), ('Obesity', 'Asthma-like symptoms'), ('Marketing ratio of unhealthy to healthy foods', 'Supportive food environment'), ('Dyslipidemia', 'Atherosclerosis'), ('Physical well-being', 'Mental well-being'), ('Public support and demand for healthy products', 'Cost of unhealthy foods'), ('Musculoskeletal pain', 'Physical well-being'), ('Coronary heart diseases', 'Exercise')]"
0,"[('Socio-economic status', 'Short sleep duration'), ('Pressure to be thin', 'Unhealthy weight control practices'), ('Resilience', 'Concentration'), ('Physical well-being', 'Blood pressure'), ('Mental well-being', 'Ability to engage in physical activity'), ('Control', 'Coordination'), ('Depression', 'Inflammation'), ('Stress', 'Inflammation'), ('Resilience', 'Balance'), ('Public health messaging around thinness', 'Unhealthy weight control practices'), ('Mental well-being', 'Heart rate'), ('Stress', 'Cortisol'), ('Poor body image', 'Unhealthy weight control practices'), ('Physical well-being', 'Ability to engage in physical activity'), ('Depression', 'Pro-inflammatory cytokines'), ('Control', 'Balance'), ('Culture of eating that promotes healthy choices', 'Blood glucose level')]",1,-1,1,1,-1,"[('Culture of eating that promotes healthy choices', 'Physical well-being'), ('Weight bias', 'Socio-economic status'), ('Mental well-being', 'Physical well-being'), ('Socio-economic status', 'Stress'), ('Control', 'Mental well-being'), ('Socio-economic status', 'Physical well-being'), ('Public health messaging around thinness', 'Weight bias'), ('Resilience', 'Mental well-being'), ('Medical perspective that thin is good', 'Public health messaging around thinness'), ('Weight bias', 'Depression'), ('Control', 'Stress'), ('Socio-economic status', 'Mental well-being'), ('Medical perspective that thin is good', 'Cultural norms around thinness'), ('Weight bias', 'Mental well-being'), ('Cultural norms around thinness', 'Cultural norms around thinness'), ('Cultural norms around thinness', 'Poor body image'), ('Weight bias', 'Stress'), ('Poor body image', 'Poor body image'), ('Socio-economic status', 'Control'), ('Weight bias', 'Poor body image'), ('Pressure to be thin', 'Poor body image'), ('Depression', 'Stress'), ('Poor body image', 'Depression'), ('Culture of eating that promotes healthy choices', 'Mental well-being'), ('Cultural norms around thinness', 'Pressure to be thin'), ('Public health messaging around thinness', 'Pressure to be thin'), ('Physical well-being', 'Mental well-being')]","[('Medications', 'Balance'), ('Secretion of inflammatory molecules by adipose cells', 'Insulin resistance'), ('Obesity', 'Obstructive sleep apnea'), ('Dyslipidemia', 'Blood pressure'), ('Obesity', 'Gastro-esophageal reflux disease'), ('Auto-inflammatory diseases', 'Inflammation'), ('Atherosclerosis', 'Coronary heart diseases'), ('Release of adipokines', 'Atherosclerosis'), ('Blood mono-unsaturated fatty acid level', 'Secretion of inflammatory molecules by adipose cells'), ('Insulin resistance', 'Fatty acids in the artery walls'), ('Insulin resistance', 'Cells intake of fatty acids'), ('Adipose storage of fatty acids', 'Inflammation'), ('Thoracic and abdominal obesity', 'Airway resistance'), ('Thoracic and abdominal obesity', 'Respiratory muscle fatigue'), ('Unhealthy weight control practices', 'Obesity'), ('Sodium retention', 'Blood pressure'), ('Short sleep duration', 'Pro-inflammatory cytokines'), ('Medications', 'Obesity'), ('Balance', 'Ability to engage in physical activity'), ('Short sleep duration', 'Cortisol'), ('Airway resistance', 'Asthma'), ('Short sleep duration', 'Blood pressure'), ('Fatty acids in the artery walls', 'Atherosclerosis'), ('Dyslipidemia', 'Insulin resistance'), ('Blood glucose level', 'Fatty acids in the artery walls'), ('Respiratory diseases', 'Ability to engage in physical activity'), ('Blood saturated fatty acid level', 'Secretion of inflammatory molecules by adipose cells'), ('Dysfunctional adipose tissue', 'Inflammation'), ('Coordination', 'Ability to engage in physical activity'), ('Obesity', 'Short sleep duration'), ('Inflammation', 'Asthma'), ('Coronary heart diseases', 'Dyspnea'), ('Tiredness', 'Ability to engage in physical activity'), ('Short sleep duration', 'Heart rate'), ('Blood fatty acid level', 'Blood glucose level'), ('Pro-inflammatory cytokines', 'Inflammation'), ('Respiratory muscle fatigue', 'Dyspnea'), ('Heart rate', 'Coronary heart diseases'), ('Medications', 'Coordination'), ('Beta blockers', 'Ability to engage in physical activity'), ('Sodium intake', 'Blood pressure'), ('Airway resistance', 'Asthma-like symptoms'), ('Medications', 'Concentration'), ('Cells intake of fatty acids', 'Adipose storage of fatty acids'), ('Physical pain', 'Ability to engage in physical activity'), ('Concentration', 'Ability to engage in physical activity'), ('Obesity', 'Release of adipokines'), ('Blood glucose level', 'Sodium retention'), ('Stimulants', 'Short sleep duration'), ('Obesity', 'Dysfunctional adipose tissue'), ('Medications', 'Tiredness'), ('Inflammation', 'Insulin resistance'), ('Inflammation', 'Auto-inflammatory diseases'), ('Blood fatty acid level', 'Adipose storage of fatty acids'), ('Dysfunctional adipose tissue', 'Blood pressure'), ('Dysfunctional adipose tissue', 'Dyslipidemia'), ('Obesity', 'Unhealthy weight control practices'), ('Obesity', 'Asthma-like symptoms'), ('Dyslipidemia', 'Atherosclerosis')]","[('Prevalence of walking trails', 'Quality of the sport infrastructure'), ('Medications', 'Balance'), ('Culture of eating that promotes healthy choices', 'Physical well-being'), ('Secretion of inflammatory molecules by adipose cells', 'Insulin resistance'), ('Presence of a vibrant community', 'Control'), ('Obesity', 'Weight bias'), ('Healthy eating', 'Blood mono-unsaturated fatty acid level'), ('Exercise', 'Heart rate'), ('Available time', 'Recreational physical activity'), ('Chronic conditions', 'Depression'), ('Exercise', 'Insulin resistance'), ('Weight bias', 'Socio-economic status'), ('Mental well-being', 'Physical well-being'), ('Obesity', 'Obstructive sleep apnea'), ('Eating disorders', 'Healthy eating'), ('Consumer demand for regulations', 'Marketing of healthy foods'), ('Dyslipidemia', 'Blood pressure'), ('Obesity', 'Gastro-esophageal reflux disease'), ('Perceived environmental safety', 'Mental well-being'), ('Late night TV watching', 'Short sleep duration'), ('Auto-inflammatory diseases', 'Inflammation'), ('Depression', 'Healthy eating'), ('Socio-economic status', 'Stress'), ('Exercise', 'Blood glucose level'), ('Public support and demand for healthy products', 'Marketing of healthy foods'), ('Unhealthy foods are cheaper than healthy ones', 'Supportive food environment'), ('Control', 'Mental well-being'), ('Atherosclerosis', 'Coronary heart diseases'), ('Socio-economic status', 'Physical well-being'), ('Ability to engage in physical activity', 'Physical activity'), ('Public health messaging around thinness', 'Weight bias'), ('Public support and demand for healthy products', 'Availability of healthy foods'), ('Release of adipokines', 'Atherosclerosis'), ('Consumer demand for regulations', 'Marketing of unhealthy foods'), ('Resilience', 'Mental well-being'), ('Blood mono-unsaturated fatty acid level', 'Secretion of inflammatory molecules by adipose cells'), ('Medical perspective that thin is good', 'Public health messaging around thinness'), ('Mental well-being', 'Medications'), ('Sexual difficulties', 'Mental well-being'), ('Insulin resistance', 'Fatty acids in the artery walls'), ('Insulin resistance', 'Cells intake of fatty acids'), ('Sidewalk prevalence and maintenance', 'Utilitarian physical activity '), ('Adipose storage of fatty acids', 'Inflammation'), ('Socio-economic status', 'Exercise'), ('Thoracic and abdominal obesity', 'Airway resistance'), ('Healthy eating', 'Short sleep duration'), ('Perceived environmental safety', 'Physical well-being'), ('Weight bias', 'Depression'), ('Emotional eating', 'Mental well-being'), ('Late night TV watching', 'Healthy eating'), ('Control', 'Stress'), ('Aesthetics', 'Physical well-being'), ('Economic incentives to produce unhealthy food products', 'Cost of unhealthy foods'), ('Supportive food environment', 'Healthy eating'), ('Appetite', 'Physical well-being'), ('Thoracic and abdominal obesity', 'Respiratory muscle fatigue'), ('Cardiovascular diseases', 'Fear of engaging in physical activity'), ('Socio-economic status', 'Mental well-being'), ('Unhealthy weight control practices', 'Obesity'), ('Exercise', 'Blood pressure'), ('Sodium retention', 'Blood pressure'), ('Short sleep duration', 'Pro-inflammatory cytokines'), ('Medications', 'Obesity'), ('Short sleep duration', 'Appetite'), ('Balance', 'Ability to engage in physical activity'), ('Short sleep duration', 'Cortisol'), ('Airway resistance', 'Asthma'), ('Short sleep duration', 'Blood pressure'), ('Medical perspective that thin is good', 'Cultural norms around thinness'), ('Healthy eating', 'Blood glucose level'), ('Mental well-being', 'Anticonvulsants'), ('Fatty acids in the artery walls', 'Atherosclerosis'), ('Dyslipidemia', 'Insulin resistance'), ('Blood glucose level', 'Fatty acids in the artery walls'), ('Respiratory diseases', 'Ability to engage in physical activity'), ('Blood saturated fatty acid level', 'Secretion of inflammatory molecules by adipose cells'), ('Dysfunctional adipose tissue', 'Inflammation'), ('Weight bias', 'Mental well-being'), ('Coordination', 'Ability to engage in physical activity'), ('Cultural norms around thinness', 'Cultural norms around thinness'), ('Cultural norms around thinness', 'Poor body image'), ('Obesity', 'Short sleep duration'), ('Inflammation', 'Asthma'), ('Healthy eating', 'Sodium intake'), ('Cultural norms around thinness', 'Eating disorders'), ('Poor body image', 'Sexual difficulties'), ('Fear of engaging in physical activity', 'Physical activity'), ('Short sleep duration', 'Healthy eating'), ('Coronary heart diseases', 'Dyspnea'), ('Stress', 'Inflammation'), ('Weight bias', 'Stress'), ('Unhealthy weight control practices', 'Eating disorders'), ('Tiredness', 'Ability to engage in physical activity'), ('Short sleep duration', 'Heart rate'), ('Prevalence of bike trails', 'Quality of the sport infrastructure'), ('Exercise', 'Blood fatty acid level'), ('Mental well-being', 'Emotional eating'), ('Poor body image', 'Poor body image'), ('Blood fatty acid level', 'Blood glucose level'), ('Cardiovascular diseases', 'Depression'), ('Pro-inflammatory cytokines', 'Inflammation'), ('Prevalence of green fields', 'Quality of the sport infrastructure'), ('Mental well-being', 'Antipsychotics'), ('Socio-economic status', 'Control'), ('Weight bias', 'Poor body image'), ('Positive experience of sports', 'Recreational physical activity'), ('Public support and demand for healthy products', 'Cost of healthy foods'), ('Socio-economic status', 'Availability of healthy foods'), ('Cardiovascular diseases', 'Physical well-being'), ('Respiratory muscle fatigue', 'Dyspnea'), ('Heart rate', 'Coronary heart diseases'), ('Pressure to be thin', 'Poor body image'), ('Medications', 'Coordination'), ('Beta blockers', 'Ability to engage in physical activity'), ('Antipsychotics', 'Appetite'), ('Sodium intake', 'Blood pressure'), ('Pressure to be thin', 'Unhealthy weight control practices'), ('Airway resistance', 'Asthma-like symptoms'), ('Depression', 'Stress'), ('Medications', 'Concentration'), ('Public support and demand for healthy products', 'Marketing of unhealthy foods'), ('Poor body image', 'Eating disorders'), ('Emotional eating', 'Healthy eating'), ('Obesity', 'Access to health professionals'), ('Obesity', 'Mental well-being'), ('Unhealthy foods are more available than healthy ones', 'Supportive food environment'), ('Healthy eating', 'Blood saturated fatty acid level'), ('Presence of a vibrant community', 'Resilience'), ('Cells intake of fatty acids', 'Adipose storage of fatty acids'), ('Physical activity', 'Physical well-being'), ('Appetite', 'Healthy eating'), ('Aesthetics', 'Stress'), ('Chronic conditions', 'Mental well-being'), ('Weight bias', 'Positive experience of sports'), ('Healthy eating', 'Dyslipidemia'), ('Quality of the sport infrastructure', 'Recreational physical activity'), ('Physical pain', 'Ability to engage in physical activity'), ('Prevalence of green fields', 'Aesthetics'), ('Concentration', 'Ability to engage in physical activity'), ('Aesthetics', 'Mental well-being'), ('Poor body image', 'Depression'), ('Chronic conditions', 'Physical well-being'), ('Obesity', 'Release of adipokines'), ('Blood glucose level', 'Sodium retention'), ('Restrictive covenants', 'Availability of healthy foods'), ('Musculoskeletal pain', 'Mental well-being'), ('Weight bias', 'Unhealthy weight control practices'), ('Physical activity', 'Mental well-being'), ('Access to health professionals', 'Ability to engage in physical activity'), ('Stimulants', 'Short sleep duration'), ('Culture of eating that promotes healthy choices', 'Healthy eating'), ('Culture of eating that promotes healthy choices', 'Mental well-being'), ('Weight bias', 'Exercise'), ('Obesity', 'Dysfunctional adipose tissue'), ('Medications', 'Tiredness'), ('Inflammation', 'Insulin resistance'), ('Anticonvulsants', 'Appetite'), ('Inflammation', 'Auto-inflammatory diseases'), ('Accessibility to shops', 'Utilitarian physical activity '), ('Blood fatty acid level', 'Adipose storage of fatty acids'), ('Perceived environmental safety', 'Physical activity'), ('Short sleep duration', 'Physical well-being'), ('Cultural norms around thinness', 'Pressure to be thin'), ('Weight bias', 'Access to health professionals'), ('Public health messaging around thinness', 'Pressure to be thin'), ('Dysfunctional adipose tissue', 'Blood pressure'), ('Dysfunctional adipose tissue', 'Dyslipidemia'), ('Aesthetics', 'Utilitarian physical activity '), ('Obesity', 'Unhealthy weight control practices'), ('Obesity', 'Asthma-like symptoms'), ('Marketing ratio of unhealthy to healthy foods', 'Supportive food environment'), ('Dyslipidemia', 'Atherosclerosis'), ('Physical well-being', 'Mental well-being'), ('Public support and demand for healthy products', 'Cost of unhealthy foods'), ('Musculoskeletal pain', 'Physical well-being'), ('Coronary heart diseases', 'Exercise')]"
1,"[('Socio-economic status', 'Short sleep duration'), ('Pressure to be thin', 'Unhealthy weight control practices'), ('Resilience', 'Concentration'), ('Physical well-being', 'Blood pressure'), ('Mental well-being', 'Ability to engage in physical activity'), ('Control', 'Coordination'), ('Depression', 'Inflammation'), ('Stress', 'Inflammation'), ('Resilience', 'Balance'), ('Public health messaging around thinness', 'Unhealthy weight control practices'), ('Mental well-being', 'Heart rate'), ('Stress', 'Cortisol'), ('Poor body image', 'Unhealthy weight control practices'), ('Physical well-being', 'Ability to engage in physical activity'), ('Depression', 'Pro-inflammatory cytokines'), ('Control', 'Balance'), ('Culture of eating that promotes healthy choices', 'Blood glucose level')]",1,-1,1,1,-1,"[('Culture of eating that promotes healthy choices', 'Physical well-being'), ('Weight bias', 'Socio-economic status'), ('Mental well-being', 'Physical well-being'), ('Socio-economic status', 'Stress'), ('Control', 'Mental well-being'), ('Socio-economic status', 'Physical well-being'), ('Public health messaging around thinness', 'Weight bias'), ('Resilience', 'Mental well-being'), ('Medical perspective that thin is good', 'Public health messaging around thinness'), ('Weight bias', 'Depression'), ('Control', 'Stress'), ('Socio-economic status', 'Mental well-being'), ('Medical perspective that thin is good', 'Cultural norms around thinness'), ('Weight bias', 'Mental well-being'), ('Cultural norms around thinness', 'Cultural norms around thinness'), ('Cultural norms around thinness', 'Poor body image'), ('Weight bias', 'Stress'), ('Poor body image', 'Poor body image'), ('Socio-economic status', 'Control'), ('Weight bias', 'Poor body image'), ('Pressure to be thin', 'Poor body image'), ('Depression', 'Stress'), ('Poor body image', 'Depression'), ('Culture of eating that promotes healthy choices', 'Mental well-being'), ('Cultural norms around thinness', 'Pressure to be thin'), ('Public health messaging around thinness', 'Pressure to be thin'), ('Physical well-being', 'Mental well-being')]","[('Medications', 'Balance'), ('Secretion of inflammatory molecules by adipose cells', 'Insulin resistance'), ('Obesity', 'Obstructive sleep apnea'), ('Dyslipidemia', 'Blood pressure'), ('Obesity', 'Gastro-esophageal reflux disease'), ('Auto-inflammatory diseases', 'Inflammation'), ('Atherosclerosis', 'Coronary heart diseases'), ('Release of adipokines', 'Atherosclerosis'), ('Blood mono-unsaturated fatty acid level', 'Secretion of inflammatory molecules by adipose cells'), ('Insulin resistance', 'Fatty acids in the artery walls'), ('Insulin resistance', 'Cells intake of fatty acids'), ('Adipose storage of fatty acids', 'Inflammation'), ('Thoracic and abdominal obesity', 'Airway resistance'), ('Thoracic and abdominal obesity', 'Respiratory muscle fatigue'), ('Unhealthy weight control practices', 'Obesity'), ('Sodium retention', 'Blood pressure'), ('Short sleep duration', 'Pro-inflammatory cytokines'), ('Medications', 'Obesity'), ('Balance', 'Ability to engage in physical activity'), ('Short sleep duration', 'Cortisol'), ('Airway resistance', 'Asthma'), ('Short sleep duration', 'Blood pressure'), ('Fatty acids in the artery walls', 'Atherosclerosis'), ('Dyslipidemia', 'Insulin resistance'), ('Blood glucose level', 'Fatty acids in the artery walls'), ('Respiratory diseases', 'Ability to engage in physical activity'), ('Blood saturated fatty acid level', 'Secretion of inflammatory molecules by adipose cells'), ('Dysfunctional adipose tissue', 'Inflammation'), ('Coordination', 'Ability to engage in physical activity'), ('Obesity', 'Short sleep duration'), ('Inflammation', 'Asthma'), ('Coronary heart diseases', 'Dyspnea'), ('Tiredness', 'Ability to engage in physical activity'), ('Short sleep duration', 'Heart rate'), ('Blood fatty acid level', 'Blood glucose level'), ('Pro-inflammatory cytokines', 'Inflammation'), ('Respiratory muscle fatigue', 'Dyspnea'), ('Heart rate', 'Coronary heart diseases'), ('Medications', 'Coordination'), ('Beta blockers', 'Ability to engage in physical activity'), ('Sodium intake', 'Blood pressure'), ('Airway resistance', 'Asthma-like symptoms'), ('Medications', 'Concentration'), ('Cells intake of fatty acids', 'Adipose storage of fatty acids'), ('Physical pain', 'Ability to engage in physical activity'), ('Concentration', 'Ability to engage in physical activity'), ('Obesity', 'Release of adipokines'), ('Blood glucose level', 'Sodium retention'), ('Stimulants', 'Short sleep duration'), ('Obesity', 'Dysfunctional adipose tissue'), ('Medications', 'Tiredness'), ('Inflammation', 'Insulin resistance'), ('Inflammation', 'Auto-inflammatory diseases'), ('Blood fatty acid level', 'Adipose storage of fatty acids'), ('Dysfunctional adipose tissue', 'Blood pressure'), ('Dysfunctional adipose tissue', 'Dyslipidemia'), ('Obesity', 'Unhealthy weight control practices'), ('Obesity', 'Asthma-like symptoms'), ('Dyslipidemia', 'Atherosclerosis')]","[('Prevalence of walking trails', 'Quality of the sport infrastructure'), ('Medications', 'Balance'), ('Culture of eating that promotes healthy choices', 'Physical well-being'), ('Secretion of inflammatory molecules by adipose cells', 'Insulin resistance'), ('Presence of a vibrant community', 'Control'), ('Obesity', 'Weight bias'), ('Healthy eating', 'Blood mono-unsaturated fatty acid level'), ('Exercise', 'Heart rate'), ('Available time', 'Recreational physical activity'), ('Chronic conditions', 'Depression'), ('Exercise', 'Insulin resistance'), ('Weight bias', 'Socio-economic status'), ('Mental well-being', 'Physical well-being'), ('Obesity', 'Obstructive sleep apnea'), ('Eating disorders', 'Healthy eating'), ('Consumer demand for regulations', 'Marketing of healthy foods'), ('Dyslipidemia', 'Blood pressure'), ('Obesity', 'Gastro-esophageal reflux disease'), ('Perceived environmental safety', 'Mental well-being'), ('Late night TV watching', 'Short sleep duration'), ('Auto-inflammatory diseases', 'Inflammation'), ('Depression', 'Healthy eating'), ('Socio-economic status', 'Stress'), ('Exercise', 'Blood glucose level'), ('Public support and demand for healthy products', 'Marketing of healthy foods'), ('Unhealthy foods are cheaper than healthy ones', 'Supportive food environment'), ('Control', 'Mental well-being'), ('Atherosclerosis', 'Coronary heart diseases'), ('Socio-economic status', 'Physical well-being'), ('Ability to engage in physical activity', 'Physical activity'), ('Public health messaging around thinness', 'Weight bias'), ('Public support and demand for healthy products', 'Availability of healthy foods'), ('Release of adipokines', 'Atherosclerosis'), ('Consumer demand for regulations', 'Marketing of unhealthy foods'), ('Resilience', 'Mental well-being'), ('Blood mono-unsaturated fatty acid level', 'Secretion of inflammatory molecules by adipose cells'), ('Medical perspective that thin is good', 'Public health messaging around thinness'), ('Mental well-being', 'Medications'), ('Sexual difficulties', 'Mental well-being'), ('Insulin resistance', 'Fatty acids in the artery walls'), ('Insulin resistance', 'Cells intake of fatty acids'), ('Sidewalk prevalence and maintenance', 'Utilitarian physical activity '), ('Adipose storage of fatty acids', 'Inflammation'), ('Socio-economic status', 'Exercise'), ('Thoracic and abdominal obesity', 'Airway resistance'), ('Healthy eating', 'Short sleep duration'), ('Perceived environmental safety', 'Physical well-being'), ('Weight bias', 'Depression'), ('Emotional eating', 'Mental well-being'), ('Late night TV watching', 'Healthy eating'), ('Control', 'Stress'), ('Aesthetics', 'Physical well-being'), ('Economic incentives to produce unhealthy food products', 'Cost of unhealthy foods'), ('Supportive food environment', 'Healthy eating'), ('Appetite', 'Physical well-being'), ('Thoracic and abdominal obesity', 'Respiratory muscle fatigue'), ('Cardiovascular diseases', 'Fear of engaging in physical activity'), ('Socio-economic status', 'Mental well-being'), ('Unhealthy weight control practices', 'Obesity'), ('Exercise', 'Blood pressure'), ('Sodium retention', 'Blood pressure'), ('Short sleep duration', 'Pro-inflammatory cytokines'), ('Medications', 'Obesity'), ('Short sleep duration', 'Appetite'), ('Balance', 'Ability to engage in physical activity'), ('Short sleep duration', 'Cortisol'), ('Airway resistance', 'Asthma'), ('Short sleep duration', 'Blood pressure'), ('Medical perspective that thin is good', 'Cultural norms around thinness'), ('Healthy eating', 'Blood glucose level'), ('Mental well-being', 'Anticonvulsants'), ('Fatty acids in the artery walls', 'Atherosclerosis'), ('Dyslipidemia', 'Insulin resistance'), ('Blood glucose level', 'Fatty acids in the artery walls'), ('Respiratory diseases', 'Ability to engage in physical activity'), ('Blood saturated fatty acid level', 'Secretion of inflammatory molecules by adipose cells'), ('Dysfunctional adipose tissue', 'Inflammation'), ('Weight bias', 'Mental well-being'), ('Coordination', 'Ability to engage in physical activity'), ('Cultural norms around thinness', 'Cultural norms around thinness'), ('Cultural norms around thinness', 'Poor body image'), ('Obesity', 'Short sleep duration'), ('Inflammation', 'Asthma'), ('Healthy eating', 'Sodium intake'), ('Cultural norms around thinness', 'Eating disorders'), ('Poor body image', 'Sexual difficulties'), ('Fear of engaging in physical activity', 'Physical activity'), ('Short sleep duration', 'Healthy eating'), ('Coronary heart diseases', 'Dyspnea'), ('Stress', 'Inflammation'), ('Weight bias', 'Stress'), ('Unhealthy weight control practices', 'Eating disorders'), ('Tiredness', 'Ability to engage in physical activity'), ('Short sleep duration', 'Heart rate'), ('Prevalence of bike trails', 'Quality of the sport infrastructure'), ('Exercise', 'Blood fatty acid level'), ('Mental well-being', 'Emotional eating'), ('Poor body image', 'Poor body image'), ('Blood fatty acid level', 'Blood glucose level'), ('Cardiovascular diseases', 'Depression'), ('Pro-inflammatory cytokines', 'Inflammation'), ('Prevalence of green fields', 'Quality of the sport infrastructure'), ('Mental well-being', 'Antipsychotics'), ('Socio-economic status', 'Control'), ('Weight bias', 'Poor body image'), ('Positive experience of sports', 'Recreational physical activity'), ('Public support and demand for healthy products', 'Cost of healthy foods'), ('Socio-economic status', 'Availability of healthy foods'), ('Cardiovascular diseases', 'Physical well-being'), ('Respiratory muscle fatigue', 'Dyspnea'), ('Heart rate', 'Coronary heart diseases'), ('Pressure to be thin', 'Poor body image'), ('Medications', 'Coordination'), ('Beta blockers', 'Ability to engage in physical activity'), ('Antipsychotics', 'Appetite'), ('Sodium intake', 'Blood pressure'), ('Pressure to be thin', 'Unhealthy weight control practices'), ('Airway resistance', 'Asthma-like symptoms'), ('Depression', 'Stress'), ('Medications', 'Concentration'), ('Public support and demand for healthy products', 'Marketing of unhealthy foods'), ('Poor body image', 'Eating disorders'), ('Emotional eating', 'Healthy eating'), ('Obesity', 'Access to health professionals'), ('Obesity', 'Mental well-being'), ('Unhealthy foods are more available than healthy ones', 'Supportive food environment'), ('Healthy eating', 'Blood saturated fatty acid level'), ('Presence of a vibrant community', 'Resilience'), ('Cells intake of fatty acids', 'Adipose storage of fatty acids'), ('Physical activity', 'Physical well-being'), ('Appetite', 'Healthy eating'), ('Aesthetics', 'Stress'), ('Chronic conditions', 'Mental well-being'), ('Weight bias', 'Positive experience of sports'), ('Healthy eating', 'Dyslipidemia'), ('Quality of the sport infrastructure', 'Recreational physical activity'), ('Physical pain', 'Ability to engage in physical activity'), ('Prevalence of green fields', 'Aesthetics'), ('Concentration', 'Ability to engage in physical activity'), ('Aesthetics', 'Mental well-being'), ('Poor body image', 'Depression'), ('Chronic conditions', 'Physical well-being'), ('Obesity', 'Release of adipokines'), ('Blood glucose level', 'Sodium retention'), ('Restrictive covenants', 'Availability of healthy foods'), ('Musculoskeletal pain', 'Mental well-being'), ('Weight bias', 'Unhealthy weight control practices'), ('Physical activity', 'Mental well-being'), ('Access to health professionals', 'Ability to engage in physical activity'), ('Stimulants', 'Short sleep duration'), ('Culture of eating that promotes healthy choices', 'Healthy eating'), ('Culture of eating that promotes healthy choices', 'Mental well-being'), ('Weight bias', 'Exercise'), ('Obesity', 'Dysfunctional adipose tissue'), ('Medications', 'Tiredness'), ('Inflammation', 'Insulin resistance'), ('Anticonvulsants', 'Appetite'), ('Inflammation', 'Auto-inflammatory diseases'), ('Accessibility to shops', 'Utilitarian physical activity '), ('Blood fatty acid level', 'Adipose storage of fatty acids'), ('Perceived environmental safety', 'Physical activity'), ('Short sleep duration', 'Physical well-being'), ('Cultural norms around thinness', 'Pressure to be thin'), ('Weight bias', 'Access to health professionals'), ('Public health messaging around thinness', 'Pressure to be thin'), ('Dysfunctional adipose tissue', 'Blood pressure'), ('Dysfunctional adipose tissue', 'Dyslipidemia'), ('Aesthetics', 'Utilitarian physical activity '), ('Obesity', 'Unhealthy weight control practices'), ('Obesity', 'Asthma-like symptoms'), ('Marketing ratio of unhealthy to healthy foods', 'Supportive food environment'), ('Dyslipidemia', 'Atherosclerosis'), ('Physical well-being', 'Mental well-being'), ('Public support and demand for healthy products', 'Cost of unhealthy foods'), ('Musculoskeletal pain', 'Physical well-being'), ('Coronary heart diseases', 'Exercise')]"
2,"[('Socio-economic status', 'Short sleep duration'), ('Pressure to be thin', 'Unhealthy weight control practices'), ('Resilience', 'Concentration'), ('Physical well-being', 'Blood pressure'), ('Mental well-being', 'Ability to engage in physical activity'), ('Control', 'Coordination'), ('Depression', 'Inflammation'), ('Stress', 'Inflammation'), ('Resilience', 'Balance'), ('Public health messaging around thinness', 'Unhealthy weight control practices'), ('Mental well-being', 'Heart rate'), ('Stress', 'Cortisol'), ('Poor body image', 'Unhealthy weight control practices'), ('Physical well-being', 'Ability to engage in physical activity'), ('Depression', 'Pro-inflammatory cytokines'), ('Control', 'Balance'), ('Culture of eating that promotes healthy choices', 'Blood glucose level')]",1,-1,1,1,-1,"[('Culture of eating that promotes healthy choices', 'Physical well-being'), ('Weight bias', 'Socio-economic status'), ('Mental well-being', 'Physical well-being'), ('Socio-economic status', 'Stress'), ('Control', 'Mental well-being'), ('Socio-economic status', 'Physical well-being'), ('Public health messaging around thinness', 'Weight bias'), ('Resilience', 'Mental well-being'), ('Medical perspective that thin is good', 'Public health messaging around thinness'), ('Weight bias', 'Depression'), ('Control', 'Stress'), ('Socio-economic status', 'Mental well-being'), ('Medical perspective that thin is good', 'Cultural norms around thinness'), ('Weight bias', 'Mental well-being'), ('Cultural norms around thinness', 'Cultural norms around thinness'), ('Cultural norms around thinness', 'Poor body image'), ('Weight bias', 'Stress'), ('Poor body image', 'Poor body image'), ('Socio-economic status', 'Control'), ('Weight bias', 'Poor body image'), ('Pressure to be thin', 'Poor body image'), ('Depression', 'Stress'), ('Poor body image', 'Depression'), ('Culture of eating that promotes healthy choices', 'Mental well-being'), ('Cultural norms around thinness', 'Pressure to be thin'), ('Public health messaging around thinness', 'Pressure to be thin'), ('Physical well-being', 'Mental well-being')]","[('Medications', 'Balance'), ('Secretion of inflammatory molecules by adipose cells', 'Insulin resistance'), ('Obesity', 'Obstructive sleep apnea'), ('Dyslipidemia', 'Blood pressure'), ('Obesity', 'Gastro-esophageal reflux disease'), ('Auto-inflammatory diseases', 'Inflammation'), ('Atherosclerosis', 'Coronary heart diseases'), ('Release of adipokines', 'Atherosclerosis'), ('Blood mono-unsaturated fatty acid level', 'Secretion of inflammatory molecules by adipose cells'), ('Insulin resistance', 'Fatty acids in the artery walls'), ('Insulin resistance', 'Cells intake of fatty acids'), ('Adipose storage of fatty acids', 'Inflammation'), ('Thoracic and abdominal obesity', 'Airway resistance'), ('Thoracic and abdominal obesity', 'Respiratory muscle fatigue'), ('Unhealthy weight control practices', 'Obesity'), ('Sodium retention', 'Blood pressure'), ('Short sleep duration', 'Pro-inflammatory cytokines'), ('Medications', 'Obesity'), ('Balance', 'Ability to engage in physical activity'), ('Short sleep duration', 'Cortisol'), ('Airway resistance', 'Asthma'), ('Short sleep duration', 'Blood pressure'), ('Fatty acids in the artery walls', 'Atherosclerosis'), ('Dyslipidemia', 'Insulin resistance'), ('Blood glucose level', 'Fatty acids in the artery walls'), ('Respiratory diseases', 'Ability to engage in physical activity'), ('Blood saturated fatty acid level', 'Secretion of inflammatory molecules by adipose cells'), ('Dysfunctional adipose tissue', 'Inflammation'), ('Coordination', 'Ability to engage in physical activity'), ('Obesity', 'Short sleep duration'), ('Inflammation', 'Asthma'), ('Coronary heart diseases', 'Dyspnea'), ('Tiredness', 'Ability to engage in physical activity'), ('Short sleep duration', 'Heart rate'), ('Blood fatty acid level', 'Blood glucose level'), ('Pro-inflammatory cytokines', 'Inflammation'), ('Respiratory muscle fatigue', 'Dyspnea'), ('Heart rate', 'Coronary heart diseases'), ('Medications', 'Coordination'), ('Beta blockers', 'Ability to engage in physical activity'), ('Sodium intake', 'Blood pressure'), ('Airway resistance', 'Asthma-like symptoms'), ('Medications', 'Concentration'), ('Cells intake of fatty acids', 'Adipose storage of fatty acids'), ('Physical pain', 'Ability to engage in physical activity'), ('Concentration', 'Ability to engage in physical activity'), ('Obesity', 'Release of adipokines'), ('Blood glucose level', 'Sodium retention'), ('Stimulants', 'Short sleep duration'), ('Obesity', 'Dysfunctional adipose tissue'), ('Medications', 'Tiredness'), ('Inflammation', 'Insulin resistance'), ('Inflammation', 'Auto-inflammatory diseases'), ('Blood fatty acid level', 'Adipose storage of fatty acids'), ('Dysfunctional adipose tissue', 'Blood pressure'), ('Dysfunctional adipose tissue', 'Dyslipidemia'), ('Obesity', 'Unhealthy weight control practices'), ('Obesity', 'Asthma-like symptoms'), ('Dyslipidemia', 'Atherosclerosis')]","[('Prevalence of walking trails', 'Quality of the sport infrastructure'), ('Medications', 'Balance'), ('Culture of eating that promotes healthy choices', 'Physical well-being'), ('Secretion of inflammatory molecules by adipose cells', 'Insulin resistance'), ('Presence of a vibrant community', 'Control'), ('Obesity', 'Weight bias'), ('Healthy eating', 'Blood mono-unsaturated fatty acid level'), ('Exercise', 'Heart rate'), ('Available time', 'Recreational physical activity'), ('Chronic conditions', 'Depression'), ('Exercise', 'Insulin resistance'), ('Weight bias', 'Socio-economic status'), ('Mental well-being', 'Physical well-being'), ('Obesity', 'Obstructive sleep apnea'), ('Eating disorders', 'Healthy eating'), ('Consumer demand for regulations', 'Marketing of healthy foods'), ('Dyslipidemia', 'Blood pressure'), ('Obesity', 'Gastro-esophageal reflux disease'), ('Perceived environmental safety', 'Mental well-being'), ('Late night TV watching', 'Short sleep duration'), ('Auto-inflammatory diseases', 'Inflammation'), ('Depression', 'Healthy eating'), ('Socio-economic status', 'Stress'), ('Exercise', 'Blood glucose level'), ('Public support and demand for healthy products', 'Marketing of healthy foods'), ('Unhealthy foods are cheaper than healthy ones', 'Supportive food environment'), ('Control', 'Mental well-being'), ('Atherosclerosis', 'Coronary heart diseases'), ('Socio-economic status', 'Physical well-being'), ('Ability to engage in physical activity', 'Physical activity'), ('Public health messaging around thinness', 'Weight bias'), ('Public support and demand for healthy products', 'Availability of healthy foods'), ('Release of adipokines', 'Atherosclerosis'), ('Consumer demand for regulations', 'Marketing of unhealthy foods'), ('Resilience', 'Mental well-being'), ('Blood mono-unsaturated fatty acid level', 'Secretion of inflammatory molecules by adipose cells'), ('Medical perspective that thin is good', 'Public health messaging around thinness'), ('Mental well-being', 'Medications'), ('Sexual difficulties', 'Mental well-being'), ('Insulin resistance', 'Fatty acids in the artery walls'), ('Insulin resistance', 'Cells intake of fatty acids'), ('Sidewalk prevalence and maintenance', 'Utilitarian physical activity '), ('Adipose storage of fatty acids', 'Inflammation'), ('Socio-economic status', 'Exercise'), ('Thoracic and abdominal obesity', 'Airway resistance'), ('Healthy eating', 'Short sleep duration'), ('Perceived environmental safety', 'Physical well-being'), ('Weight bias', 'Depression'), ('Emotional eating', 'Mental well-being'), ('Late night TV watching', 'Healthy eating'), ('Control', 'Stress'), ('Aesthetics', 'Physical well-being'), ('Economic incentives to produce unhealthy food products', 'Cost of unhealthy foods'), ('Supportive food environment', 'Healthy eating'), ('Appetite', 'Physical well-being'), ('Thoracic and abdominal obesity', 'Respiratory muscle fatigue'), ('Cardiovascular diseases', 'Fear of engaging in physical activity'), ('Socio-economic status', 'Mental well-being'), ('Unhealthy weight control practices', 'Obesity'), ('Exercise', 'Blood pressure'), ('Sodium retention', 'Blood pressure'), ('Short sleep duration', 'Pro-inflammatory cytokines'), ('Medications', 'Obesity'), ('Short sleep duration', 'Appetite'), ('Balance', 'Ability to engage in physical activity'), ('Short sleep duration', 'Cortisol'), ('Airway resistance', 'Asthma'), ('Short sleep duration', 'Blood pressure'), ('Medical perspective that thin is good', 'Cultural norms around thinness'), ('Healthy eating', 'Blood glucose level'), ('Mental well-being', 'Anticonvulsants'), ('Fatty acids in the artery walls', 'Atherosclerosis'), ('Dyslipidemia', 'Insulin resistance'), ('Blood glucose level', 'Fatty acids in the artery walls'), ('Respiratory diseases', 'Ability to engage in physical activity'), ('Blood saturated fatty acid level', 'Secretion of inflammatory molecules by adipose cells'), ('Dysfunctional adipose tissue', 'Inflammation'), ('Weight bias', 'Mental well-being'), ('Coordination', 'Ability to engage in physical activity'), ('Cultural norms around thinness', 'Cultural norms around thinness'), ('Cultural norms around thinness', 'Poor body image'), ('Obesity', 'Short sleep duration'), ('Inflammation', 'Asthma'), ('Healthy eating', 'Sodium intake'), ('Cultural norms around thinness', 'Eating disorders'), ('Poor body image', 'Sexual difficulties'), ('Fear of engaging in physical activity', 'Physical activity'), ('Short sleep duration', 'Healthy eating'), ('Coronary heart diseases', 'Dyspnea'), ('Stress', 'Inflammation'), ('Weight bias', 'Stress'), ('Unhealthy weight control practices', 'Eating disorders'), ('Tiredness', 'Ability to engage in physical activity'), ('Short sleep duration', 'Heart rate'), ('Prevalence of bike trails', 'Quality of the sport infrastructure'), ('Exercise', 'Blood fatty acid level'), ('Mental well-being', 'Emotional eating'), ('Poor body image', 'Poor body image'), ('Blood fatty acid level', 'Blood glucose level'), ('Cardiovascular diseases', 'Depression'), ('Pro-inflammatory cytokines', 'Inflammation'), ('Prevalence of green fields', 'Quality of the sport infrastructure'), ('Mental well-being', 'Antipsychotics'), ('Socio-economic status', 'Control'), ('Weight bias', 'Poor body image'), ('Positive experience of sports', 'Recreational physical activity'), ('Public support and demand for healthy products', 'Cost of healthy foods'), ('Socio-economic status', 'Availability of healthy foods'), ('Cardiovascular diseases', 'Physical well-being'), ('Respiratory muscle fatigue', 'Dyspnea'), ('Heart rate', 'Coronary heart diseases'), ('Pressure to be thin', 'Poor body image'), ('Medications', 'Coordination'), ('Beta blockers', 'Ability to engage in physical activity'), ('Antipsychotics', 'Appetite'), ('Sodium intake', 'Blood pressure'), ('Pressure to be thin', 'Unhealthy weight control practices'), ('Airway resistance', 'Asthma-like symptoms'), ('Depression', 'Stress'), ('Medications', 'Concentration'), ('Public support and demand for healthy products', 'Marketing of unhealthy foods'), ('Poor body image', 'Eating disorders'), ('Emotional eating', 'Healthy eating'), ('Obesity', 'Access to health professionals'), ('Obesity', 'Mental well-being'), ('Unhealthy foods are more available than healthy ones', 'Supportive food environment'), ('Healthy eating', 'Blood saturated fatty acid level'), ('Presence of a vibrant community', 'Resilience'), ('Cells intake of fatty acids', 'Adipose storage of fatty acids'), ('Physical activity', 'Physical well-being'), ('Appetite', 'Healthy eating'), ('Aesthetics', 'Stress'), ('Chronic conditions', 'Mental well-being'), ('Weight bias', 'Positive experience of sports'), ('Healthy eating', 'Dyslipidemia'), ('Quality of the sport infrastructure', 'Recreational physical activity'), ('Physical pain', 'Ability to engage in physical activity'), ('Prevalence of green fields', 'Aesthetics'), ('Concentration', 'Ability to engage in physical activity'), ('Aesthetics', 'Mental well-being'), ('Poor body image', 'Depression'), ('Chronic conditions', 'Physical well-being'), ('Obesity', 'Release of adipokines'), ('Blood glucose level', 'Sodium retention'), ('Restrictive covenants', 'Availability of healthy foods'), ('Musculoskeletal pain', 'Mental well-being'), ('Weight bias', 'Unhealthy weight control practices'), ('Physical activity', 'Mental well-being'), ('Access to health professionals', 'Ability to engage in physical activity'), ('Stimulants', 'Short sleep duration'), ('Culture of eating that promotes healthy choices', 'Healthy eating'), ('Culture of eating that promotes healthy choices', 'Mental well-being'), ('Weight bias', 'Exercise'), ('Obesity', 'Dysfunctional adipose tissue'), ('Medications', 'Tiredness'), ('Inflammation', 'Insulin resistance'), ('Anticonvulsants', 'Appetite'), ('Inflammation', 'Auto-inflammatory diseases'), ('Accessibility to shops', 'Utilitarian physical activity '), ('Blood fatty acid level', 'Adipose storage of fatty acids'), ('Perceived environmental safety', 'Physical activity'), ('Short sleep duration', 'Physical well-being'), ('Cultural norms around thinness', 'Pressure to be thin'), ('Weight bias', 'Access to health professionals'), ('Public health messaging around thinness', 'Pressure to be thin'), ('Dysfunctional adipose tissue', 'Blood pressure'), ('Dysfunctional adipose tissue', 'Dyslipidemia'), ('Aesthetics', 'Utilitarian physical activity '), ('Obesity', 'Unhealthy weight control practices'), ('Obesity', 'Asthma-like symptoms'), ('Marketing ratio of unhealthy to healthy foods', 'Supportive food environment'), ('Dyslipidemia', 'Atherosclerosis'), ('Physical well-being', 'Mental well-being'), ('Public support and demand for healthy products', 'Cost of unhealthy foods'), ('Musculoskeletal pain', 'Physical well-being'), ('Coronary heart diseases', 'Exercise')]"
3,"[('Socio-economic status', 'Short sleep duration'), ('Pressure to be thin', 'Unhealthy weight control practices'), ('Resilience', 'Concentration'), ('Physical well-being', 'Blood pressure'), ('Mental well-being', 'Ability to engage in physical activity'), ('Control', 'Coordination'), ('Depression', 'Inflammation'), ('Stress', 'Inflammation'), ('Resilience', 'Balance'), ('Public health messaging around thinness', 'Unhealthy weight control practices'), ('Mental well-being', 'Heart rate'), ('Stress', 'Cortisol'), ('Poor body image', 'Unhealthy weight control practices'), ('Physical well-being', 'Ability to engage in physical activity'), ('Depression', 'Pro-inflammatory cytokines'), ('Control', 'Balance'), ('Culture of eating that promotes healthy choices', 'Blood glucose level')]",1,-1,1,1,-1,"[('Culture of eating that promotes healthy choices', 'Physical well-being'), ('Weight bias', 'Socio-economic status'), ('Mental well-being', 'Physical well-being'), ('Socio-economic status', 'Stress'), ('Control', 'Mental well-being'), ('Socio-economic status', 'Physical well-being'), ('Public health messaging around thinness', 'Weight bias'), ('Resilience', 'Mental well-being'), ('Medical perspective that thin is good', 'Public health messaging around thinness'), ('Weight bias', 'Depression'), ('Control', 'Stress'), ('Socio-economic status', 'Mental well-being'), ('Medical perspective that thin is good', 'Cultural norms around thinness'), ('Weight bias', 'Mental well-being'), ('Cultural norms around thinness', 'Cultural norms around thinness'), ('Cultural norms around thinness', 'Poor body image'), ('Weight bias', 'Stress'), ('Poor body image', 'Poor body image'), ('Socio-economic status', 'Control'), ('Weight bias', 'Poor body image'), ('Pressure to be thin', 'Poor body image'), ('Depression', 'Stress'), ('Poor body image', 'Depression'), ('Culture of eating that promotes healthy choices', 'Mental well-being'), ('Cultural norms around thinness', 'Pressure to be thin'), ('Public health messaging around thinness', 'Pressure to be thin'), ('Physical well-being', 'Mental well-being')]","[('Medications', 'Balance'), ('Secretion of inflammatory molecules by adipose cells', 'Insulin resistance'), ('Obesity', 'Obstructive sleep apnea'), ('Dyslipidemia', 'Blood pressure'), ('Obesity', 'Gastro-esophageal reflux disease'), ('Auto-inflammatory diseases', 'Inflammation'), ('Atherosclerosis', 'Coronary heart diseases'), ('Release of adipokines', 'Atherosclerosis'), ('Blood mono-unsaturated fatty acid level', 'Secretion of inflammatory molecules by adipose cells'), ('Insulin resistance', 'Fatty acids in the artery walls'), ('Insulin resistance', 'Cells intake of fatty acids'), ('Adipose storage of fatty acids', 'Inflammation'), ('Thoracic and abdominal obesity', 'Airway resistance'), ('Thoracic and abdominal obesity', 'Respiratory muscle fatigue'), ('Unhealthy weight control practices', 'Obesity'), ('Sodium retention', 'Blood pressure'), ('Short sleep duration', 'Pro-inflammatory cytokines'), ('Medications', 'Obesity'), ('Balance', 'Ability to engage in physical activity'), ('Short sleep duration', 'Cortisol'), ('Airway resistance', 'Asthma'), ('Short sleep duration', 'Blood pressure'), ('Fatty acids in the artery walls', 'Atherosclerosis'), ('Dyslipidemia', 'Insulin resistance'), ('Blood glucose level', 'Fatty acids in the artery walls'), ('Respiratory diseases', 'Ability to engage in physical activity'), ('Blood saturated fatty acid level', 'Secretion of inflammatory molecules by adipose cells'), ('Dysfunctional adipose tissue', 'Inflammation'), ('Coordination', 'Ability to engage in physical activity'), ('Obesity', 'Short sleep duration'), ('Inflammation', 'Asthma'), ('Coronary heart diseases', 'Dyspnea'), ('Tiredness', 'Ability to engage in physical activity'), ('Short sleep duration', 'Heart rate'), ('Blood fatty acid level', 'Blood glucose level'), ('Pro-inflammatory cytokines', 'Inflammation'), ('Respiratory muscle fatigue', 'Dyspnea'), ('Heart rate', 'Coronary heart diseases'), ('Medications', 'Coordination'), ('Beta blockers', 'Ability to engage in physical activity'), ('Sodium intake', 'Blood pressure'), ('Airway resistance', 'Asthma-like symptoms'), ('Medications', 'Concentration'), ('Cells intake of fatty acids', 'Adipose storage of fatty acids'), ('Physical pain', 'Ability to engage in physical activity'), ('Concentration', 'Ability to engage in physical activity'), ('Obesity', 'Release of adipokines'), ('Blood glucose level', 'Sodium retention'), ('Stimulants', 'Short sleep duration'), ('Obesity', 'Dysfunctional adipose tissue'), ('Medications', 'Tiredness'), ('Inflammation', 'Insulin resistance'), ('Inflammation', 'Auto-inflammatory diseases'), ('Blood fatty acid level', 'Adipose storage of fatty acids'), ('Dysfunctional adipose tissue', 'Blood pressure'), ('Dysfunctional adipose tissue', 'Dyslipidemia'), ('Obesity', 'Unhealthy weight control practices'), ('Obesity', 'Asthma-like symptoms'), ('Dyslipidemia', 'Atherosclerosis')]","[('Prevalence of walking trails', 'Quality of the sport infrastructure'), ('Medications', 'Balance'), ('Culture of eating that promotes healthy choices', 'Physical well-being'), ('Secretion of inflammatory molecules by adipose cells', 'Insulin resistance'), ('Presence of a vibrant community', 'Control'), ('Obesity', 'Weight bias'), ('Healthy eating', 'Blood mono-unsaturated fatty acid level'), ('Exercise', 'Heart rate'), ('Available time', 'Recreational physical activity'), ('Chronic conditions', 'Depression'), ('Exercise', 'Insulin resistance'), ('Weight bias', 'Socio-economic status'), ('Mental well-being', 'Physical well-being'), ('Obesity', 'Obstructive sleep apnea'), ('Eating disorders', 'Healthy eating'), ('Consumer demand for regulations', 'Marketing of healthy foods'), ('Dyslipidemia', 'Blood pressure'), ('Obesity', 'Gastro-esophageal reflux disease'), ('Perceived environmental safety', 'Mental well-being'), ('Late night TV watching', 'Short sleep duration'), ('Auto-inflammatory diseases', 'Inflammation'), ('Depression', 'Healthy eating'), ('Socio-economic status', 'Stress'), ('Exercise', 'Blood glucose level'), ('Public support and demand for healthy products', 'Marketing of healthy foods'), ('Unhealthy foods are cheaper than healthy ones', 'Supportive food environment'), ('Control', 'Mental well-being'), ('Atherosclerosis', 'Coronary heart diseases'), ('Socio-economic status', 'Physical well-being'), ('Ability to engage in physical activity', 'Physical activity'), ('Public health messaging around thinness', 'Weight bias'), ('Public support and demand for healthy products', 'Availability of healthy foods'), ('Release of adipokines', 'Atherosclerosis'), ('Consumer demand for regulations', 'Marketing of unhealthy foods'), ('Resilience', 'Mental well-being'), ('Blood mono-unsaturated fatty acid level', 'Secretion of inflammatory molecules by adipose cells'), ('Medical perspective that thin is good', 'Public health messaging around thinness'), ('Mental well-being', 'Medications'), ('Sexual difficulties', 'Mental well-being'), ('Insulin resistance', 'Fatty acids in the artery walls'), ('Insulin resistance', 'Cells intake of fatty acids'), ('Sidewalk prevalence and maintenance', 'Utilitarian physical activity '), ('Adipose storage of fatty acids', 'Inflammation'), ('Socio-economic status', 'Exercise'), ('Thoracic and abdominal obesity', 'Airway resistance'), ('Healthy eating', 'Short sleep duration'), ('Perceived environmental safety', 'Physical well-being'), ('Weight bias', 'Depression'), ('Emotional eating', 'Mental well-being'), ('Late night TV watching', 'Healthy eating'), ('Control', 'Stress'), ('Aesthetics', 'Physical well-being'), ('Economic incentives to produce unhealthy food products', 'Cost of unhealthy foods'), ('Supportive food environment', 'Healthy eating'), ('Appetite', 'Physical well-being'), ('Thoracic and abdominal obesity', 'Respiratory muscle fatigue'), ('Cardiovascular diseases', 'Fear of engaging in physical activity'), ('Socio-economic status', 'Mental well-being'), ('Unhealthy weight control practices', 'Obesity'), ('Exercise', 'Blood pressure'), ('Sodium retention', 'Blood pressure'), ('Short sleep duration', 'Pro-inflammatory cytokines'), ('Medications', 'Obesity'), ('Short sleep duration', 'Appetite'), ('Balance', 'Ability to engage in physical activity'), ('Short sleep duration', 'Cortisol'), ('Airway resistance', 'Asthma'), ('Short sleep duration', 'Blood pressure'), ('Medical perspective that thin is good', 'Cultural norms around thinness'), ('Healthy eating', 'Blood glucose level'), ('Mental well-being', 'Anticonvulsants'), ('Fatty acids in the artery walls', 'Atherosclerosis'), ('Dyslipidemia', 'Insulin resistance'), ('Blood glucose level', 'Fatty acids in the artery walls'), ('Respiratory diseases', 'Ability to engage in physical activity'), ('Blood saturated fatty acid level', 'Secretion of inflammatory molecules by adipose cells'), ('Dysfunctional adipose tissue', 'Inflammation'), ('Weight bias', 'Mental well-being'), ('Coordination', 'Ability to engage in physical activity'), ('Cultural norms around thinness', 'Cultural norms around thinness'), ('Cultural norms around thinness', 'Poor body image'), ('Obesity', 'Short sleep duration'), ('Inflammation', 'Asthma'), ('Healthy eating', 'Sodium intake'), ('Cultural norms around thinness', 'Eating disorders'), ('Poor body image', 'Sexual difficulties'), ('Fear of engaging in physical activity', 'Physical activity'), ('Short sleep duration', 'Healthy eating'), ('Coronary heart diseases', 'Dyspnea'), ('Stress', 'Inflammation'), ('Weight bias', 'Stress'), ('Unhealthy weight control practices', 'Eating disorders'), ('Tiredness', 'Ability to engage in physical activity'), ('Short sleep duration', 'Heart rate'), ('Prevalence of bike trails', 'Quality of the sport infrastructure'), ('Exercise', 'Blood fatty acid level'), ('Mental well-being', 'Emotional eating'), ('Poor body image', 'Poor body image'), ('Blood fatty acid level', 'Blood glucose level'), ('Cardiovascular diseases', 'Depression'), ('Pro-inflammatory cytokines', 'Inflammation'), ('Prevalence of green fields', 'Quality of the sport infrastructure'), ('Mental well-being', 'Antipsychotics'), ('Socio-economic status', 'Control'), ('Weight bias', 'Poor body image'), ('Positive experience of sports', 'Recreational physical activity'), ('Public support and demand for healthy products', 'Cost of healthy foods'), ('Socio-economic status', 'Availability of healthy foods'), ('Cardiovascular diseases', 'Physical well-being'), ('Respiratory muscle fatigue', 'Dyspnea'), ('Heart rate', 'Coronary heart diseases'), ('Pressure to be thin', 'Poor body image'), ('Medications', 'Coordination'), ('Beta blockers', 'Ability to engage in physical activity'), ('Antipsychotics', 'Appetite'), ('Sodium intake', 'Blood pressure'), ('Pressure to be thin', 'Unhealthy weight control practices'), ('Airway resistance', 'Asthma-like symptoms'), ('Depression', 'Stress'), ('Medications', 'Concentration'), ('Public support and demand for healthy products', 'Marketing of unhealthy foods'), ('Poor body image', 'Eating disorders'), ('Emotional eating', 'Healthy eating'), ('Obesity', 'Access to health professionals'), ('Obesity', 'Mental well-being'), ('Unhealthy foods are more available than healthy ones', 'Supportive food environment'), ('Healthy eating', 'Blood saturated fatty acid level'), ('Presence of a vibrant community', 'Resilience'), ('Cells intake of fatty acids', 'Adipose storage of fatty acids'), ('Physical activity', 'Physical well-being'), ('Appetite', 'Healthy eating'), ('Aesthetics', 'Stress'), ('Chronic conditions', 'Mental well-being'), ('Weight bias', 'Positive experience of sports'), ('Healthy eating', 'Dyslipidemia'), ('Quality of the sport infrastructure', 'Recreational physical activity'), ('Physical pain', 'Ability to engage in physical activity'), ('Prevalence of green fields', 'Aesthetics'), ('Concentration', 'Ability to engage in physical activity'), ('Aesthetics', 'Mental well-being'), ('Poor body image', 'Depression'), ('Chronic conditions', 'Physical well-being'), ('Obesity', 'Release of adipokines'), ('Blood glucose level', 'Sodium retention'), ('Restrictive covenants', 'Availability of healthy foods'), ('Musculoskeletal pain', 'Mental well-being'), ('Weight bias', 'Unhealthy weight control practices'), ('Physical activity', 'Mental well-being'), ('Access to health professionals', 'Ability to engage in physical activity'), ('Stimulants', 'Short sleep duration'), ('Culture of eating that promotes healthy choices', 'Healthy eating'), ('Culture of eating that promotes healthy choices', 'Mental well-being'), ('Weight bias', 'Exercise'), ('Obesity', 'Dysfunctional adipose tissue'), ('Medications', 'Tiredness'), ('Inflammation', 'Insulin resistance'), ('Anticonvulsants', 'Appetite'), ('Inflammation', 'Auto-inflammatory diseases'), ('Accessibility to shops', 'Utilitarian physical activity '), ('Blood fatty acid level', 'Adipose storage of fatty acids'), ('Perceived environmental safety', 'Physical activity'), ('Short sleep duration', 'Physical well-being'), ('Cultural norms around thinness', 'Pressure to be thin'), ('Weight bias', 'Access to health professionals'), ('Public health messaging around thinness', 'Pressure to be thin'), ('Dysfunctional adipose tissue', 'Blood pressure'), ('Dysfunctional adipose tissue', 'Dyslipidemia'), ('Aesthetics', 'Utilitarian physical activity '), ('Obesity', 'Unhealthy weight control practices'), ('Obesity', 'Asthma-like symptoms'), ('Marketing ratio of unhealthy to healthy foods', 'Supportive food environment'), ('Dyslipidemia', 'Atherosclerosis'), ('Physical well-being', 'Mental well-being'), ('Public support and demand for healthy products', 'Cost of unhealthy foods'), ('Musculoskeletal pain', 'Physical well-being'), ('Coronary heart diseases', 'Exercise')]"
4,"[('Socio-economic status', 'Short sleep duration'), ('Pressure to be thin', 'Unhealthy weight control practices'), ('Resilience', 'Concentration'), ('Physical well-being', 'Blood pressure'), ('Mental well-being', 'Ability to engage in physical activity'), ('Control', 'Coordination'), ('Depression', 'Inflammation'), ('Stress', 'Inflammation'), ('Resilience', 'Balance'), ('Public health messaging around thinness', 'Unhealthy weight control practices'), ('Mental well-being', 'Heart rate'), ('Stress', 'Cortisol'), ('Poor body image', 'Unhealthy weight control practices'), ('Physical well-being', 'Ability to engage in physical activity'), ('Depression', 'Pro-inflammatory cytokines'), ('Control', 'Balance'), ('Culture of eating that promotes healthy choices', 'Blood glucose level')]",1,-1,1,1,-1,"[('Culture of eating that promotes healthy choices', 'Physical well-being'), ('Weight bias', 'Socio-economic status'), ('Mental well-being', 'Physical well-being'), ('Socio-economic status', 'Stress'), ('Control', 'Mental well-being'), ('Socio-economic status', 'Physical well-being'), ('Public health messaging around thinness', 'Weight bias'), ('Resilience', 'Mental well-being'), ('Medical perspective that thin is good', 'Public health messaging around thinness'), ('Weight bias', 'Depression'), ('Control', 'Stress'), ('Socio-economic status', 'Mental well-being'), ('Medical perspective that thin is good', 'Cultural norms around thinness'), ('Weight bias', 'Mental well-being'), ('Cultural norms around thinness', 'Cultural norms around thinness'), ('Cultural norms around thinness', 'Poor body image'), ('Weight bias', 'Stress'), ('Poor body image', 'Poor body image'), ('Socio-economic status', 'Control'), ('Weight bias', 'Poor body image'), ('Pressure to be thin', 'Poor body image'), ('Depression', 'Stress'), ('Poor body image', 'Depression'), ('Culture of eating that promotes healthy choices', 'Mental well-being'), ('Cultural norms around thinness', 'Pressure to be thin'), ('Public health messaging around thinness', 'Pressure to be thin'), ('Physical well-being', 'Mental well-being')]","[('Medications', 'Balance'), ('Secretion of inflammatory molecules by adipose cells', 'Insulin resistance'), ('Obesity', 'Obstructive sleep apnea'), ('Dyslipidemia', 'Blood pressure'), ('Obesity', 'Gastro-esophageal reflux disease'), ('Auto-inflammatory diseases', 'Inflammation'), ('Atherosclerosis', 'Coronary heart diseases'), ('Release of adipokines', 'Atherosclerosis'), ('Blood mono-unsaturated fatty acid level', 'Secretion of inflammatory molecules by adipose cells'), ('Insulin resistance', 'Fatty acids in the artery walls'), ('Insulin resistance', 'Cells intake of fatty acids'), ('Adipose storage of fatty acids', 'Inflammation'), ('Thoracic and abdominal obesity', 'Airway resistance'), ('Thoracic and abdominal obesity', 'Respiratory muscle fatigue'), ('Unhealthy weight control practices', 'Obesity'), ('Sodium retention', 'Blood pressure'), ('Short sleep duration', 'Pro-inflammatory cytokines'), ('Medications', 'Obesity'), ('Balance', 'Ability to engage in physical activity'), ('Short sleep duration', 'Cortisol'), ('Airway resistance', 'Asthma'), ('Short sleep duration', 'Blood pressure'), ('Fatty acids in the artery walls', 'Atherosclerosis'), ('Dyslipidemia', 'Insulin resistance'), ('Blood glucose level', 'Fatty acids in the artery walls'), ('Respiratory diseases', 'Ability to engage in physical activity'), ('Blood saturated fatty acid level', 'Secretion of inflammatory molecules by adipose cells'), ('Dysfunctional adipose tissue', 'Inflammation'), ('Coordination', 'Ability to engage in physical activity'), ('Obesity', 'Short sleep duration'), ('Inflammation', 'Asthma'), ('Coronary heart diseases', 'Dyspnea'), ('Tiredness', 'Ability to engage in physical activity'), ('Short sleep duration', 'Heart rate'), ('Blood fatty acid level', 'Blood glucose level'), ('Pro-inflammatory cytokines', 'Inflammation'), ('Respiratory muscle fatigue', 'Dyspnea'), ('Heart rate', 'Coronary heart diseases'), ('Medications', 'Coordination'), ('Beta blockers', 'Ability to engage in physical activity'), ('Sodium intake', 'Blood pressure'), ('Airway resistance', 'Asthma-like symptoms'), ('Medications', 'Concentration'), ('Cells intake of fatty acids', 'Adipose storage of fatty acids'), ('Physical pain', 'Ability to engage in physical activity'), ('Concentration', 'Ability to engage in physical activity'), ('Obesity', 'Release of adipokines'), ('Blood glucose level', 'Sodium retention'), ('Stimulants', 'Short sleep duration'), ('Obesity', 'Dysfunctional adipose tissue'), ('Medications', 'Tiredness'), ('Inflammation', 'Insulin resistance'), ('Inflammation', 'Auto-inflammatory diseases'), ('Blood fatty acid level', 'Adipose storage of fatty acids'), ('Dysfunctional adipose tissue', 'Blood pressure'), ('Dysfunctional adipose tissue', 'Dyslipidemia'), ('Obesity', 'Unhealthy weight control practices'), ('Obesity', 'Asthma-like symptoms'), ('Dyslipidemia', 'Atherosclerosis')]","[('Prevalence of walking trails', 'Quality of the sport infrastructure'), ('Medications', 'Balance'), ('Culture of eating that promotes healthy choices', 'Physical well-being'), ('Secretion of inflammatory molecules by adipose cells', 'Insulin resistance'), ('Presence of a vibrant community', 'Control'), ('Obesity', 'Weight bias'), ('Healthy eating', 'Blood mono-unsaturated fatty acid level'), ('Exercise', 'Heart rate'), ('Available time', 'Recreational physical activity'), ('Chronic conditions', 'Depression'), ('Exercise', 'Insulin resistance'), ('Weight bias', 'Socio-economic status'), ('Mental well-being', 'Physical well-being'), ('Obesity', 'Obstructive sleep apnea'), ('Eating disorders', 'Healthy eating'), ('Consumer demand for regulations', 'Marketing of healthy foods'), ('Dyslipidemia', 'Blood pressure'), ('Obesity', 'Gastro-esophageal reflux disease'), ('Perceived environmental safety', 'Mental well-being'), ('Late night TV watching', 'Short sleep duration'), ('Auto-inflammatory diseases', 'Inflammation'), ('Depression', 'Healthy eating'), ('Socio-economic status', 'Stress'), ('Exercise', 'Blood glucose level'), ('Public support and demand for healthy products', 'Marketing of healthy foods'), ('Unhealthy foods are cheaper than healthy ones', 'Supportive food environment'), ('Control', 'Mental well-being'), ('Atherosclerosis', 'Coronary heart diseases'), ('Socio-economic status', 'Physical well-being'), ('Ability to engage in physical activity', 'Physical activity'), ('Public health messaging around thinness', 'Weight bias'), ('Public support and demand for healthy products', 'Availability of healthy foods'), ('Release of adipokines', 'Atherosclerosis'), ('Consumer demand for regulations', 'Marketing of unhealthy foods'), ('Resilience', 'Mental well-being'), ('Blood mono-unsaturated fatty acid level', 'Secretion of inflammatory molecules by adipose cells'), ('Medical perspective that thin is good', 'Public health messaging around thinness'), ('Mental well-being', 'Medications'), ('Sexual difficulties', 'Mental well-being'), ('Insulin resistance', 'Fatty acids in the artery walls'), ('Insulin resistance', 'Cells intake of fatty acids'), ('Sidewalk prevalence and maintenance', 'Utilitarian physical activity '), ('Adipose storage of fatty acids', 'Inflammation'), ('Socio-economic status', 'Exercise'), ('Thoracic and abdominal obesity', 'Airway resistance'), ('Healthy eating', 'Short sleep duration'), ('Perceived environmental safety', 'Physical well-being'), ('Weight bias', 'Depression'), ('Emotional eating', 'Mental well-being'), ('Late night TV watching', 'Healthy eating'), ('Control', 'Stress'), ('Aesthetics', 'Physical well-being'), ('Economic incentives to produce unhealthy food products', 'Cost of unhealthy foods'), ('Supportive food environment', 'Healthy eating'), ('Appetite', 'Physical well-being'), ('Thoracic and abdominal obesity', 'Respiratory muscle fatigue'), ('Cardiovascular diseases', 'Fear of engaging in physical activity'), ('Socio-economic status', 'Mental well-being'), ('Unhealthy weight control practices', 'Obesity'), ('Exercise', 'Blood pressure'), ('Sodium retention', 'Blood pressure'), ('Short sleep duration', 'Pro-inflammatory cytokines'), ('Medications', 'Obesity'), ('Short sleep duration', 'Appetite'), ('Balance', 'Ability to engage in physical activity'), ('Short sleep duration', 'Cortisol'), ('Airway resistance', 'Asthma'), ('Short sleep duration', 'Blood pressure'), ('Medical perspective that thin is good', 'Cultural norms around thinness'), ('Healthy eating', 'Blood glucose level'), ('Mental well-being', 'Anticonvulsants'), ('Fatty acids in the artery walls', 'Atherosclerosis'), ('Dyslipidemia', 'Insulin resistance'), ('Blood glucose level', 'Fatty acids in the artery walls'), ('Respiratory diseases', 'Ability to engage in physical activity'), ('Blood saturated fatty acid level', 'Secretion of inflammatory molecules by adipose cells'), ('Dysfunctional adipose tissue', 'Inflammation'), ('Weight bias', 'Mental well-being'), ('Coordination', 'Ability to engage in physical activity'), ('Cultural norms around thinness', 'Cultural norms around thinness'), ('Cultural norms around thinness', 'Poor body image'), ('Obesity', 'Short sleep duration'), ('Inflammation', 'Asthma'), ('Healthy eating', 'Sodium intake'), ('Cultural norms around thinness', 'Eating disorders'), ('Poor body image', 'Sexual difficulties'), ('Fear of engaging in physical activity', 'Physical activity'), ('Short sleep duration', 'Healthy eating'), ('Coronary heart diseases', 'Dyspnea'), ('Stress', 'Inflammation'), ('Weight bias', 'Stress'), ('Unhealthy weight control practices', 'Eating disorders'), ('Tiredness', 'Ability to engage in physical activity'), ('Short sleep duration', 'Heart rate'), ('Prevalence of bike trails', 'Quality of the sport infrastructure'), ('Exercise', 'Blood fatty acid level'), ('Mental well-being', 'Emotional eating'), ('Poor body image', 'Poor body image'), ('Blood fatty acid level', 'Blood glucose level'), ('Cardiovascular diseases', 'Depression'), ('Pro-inflammatory cytokines', 'Inflammation'), ('Prevalence of green fields', 'Quality of the sport infrastructure'), ('Mental well-being', 'Antipsychotics'), ('Socio-economic status', 'Control'), ('Weight bias', 'Poor body image'), ('Positive experience of sports', 'Recreational physical activity'), ('Public support and demand for healthy products', 'Cost of healthy foods'), ('Socio-economic status', 'Availability of healthy foods'), ('Cardiovascular diseases', 'Physical well-being'), ('Respiratory muscle fatigue', 'Dyspnea'), ('Heart rate', 'Coronary heart diseases'), ('Pressure to be thin', 'Poor body image'), ('Medications', 'Coordination'), ('Beta blockers', 'Ability to engage in physical activity'), ('Antipsychotics', 'Appetite'), ('Sodium intake', 'Blood pressure'), ('Pressure to be thin', 'Unhealthy weight control practices'), ('Airway resistance', 'Asthma-like symptoms'), ('Depression', 'Stress'), ('Medications', 'Concentration'), ('Public support and demand for healthy products', 'Marketing of unhealthy foods'), ('Poor body image', 'Eating disorders'), ('Emotional eating', 'Healthy eating'), ('Obesity', 'Access to health professionals'), ('Obesity', 'Mental well-being'), ('Unhealthy foods are more available than healthy ones', 'Supportive food environment'), ('Healthy eating', 'Blood saturated fatty acid level'), ('Presence of a vibrant community', 'Resilience'), ('Cells intake of fatty acids', 'Adipose storage of fatty acids'), ('Physical activity', 'Physical well-being'), ('Appetite', 'Healthy eating'), ('Aesthetics', 'Stress'), ('Chronic conditions', 'Mental well-being'), ('Weight bias', 'Positive experience of sports'), ('Healthy eating', 'Dyslipidemia'), ('Quality of the sport infrastructure', 'Recreational physical activity'), ('Physical pain', 'Ability to engage in physical activity'), ('Prevalence of green fields', 'Aesthetics'), ('Concentration', 'Ability to engage in physical activity'), ('Aesthetics', 'Mental well-being'), ('Poor body image', 'Depression'), ('Chronic conditions', 'Physical well-being'), ('Obesity', 'Release of adipokines'), ('Blood glucose level', 'Sodium retention'), ('Restrictive covenants', 'Availability of healthy foods'), ('Musculoskeletal pain', 'Mental well-being'), ('Weight bias', 'Unhealthy weight control practices'), ('Physical activity', 'Mental well-being'), ('Access to health professionals', 'Ability to engage in physical activity'), ('Stimulants', 'Short sleep duration'), ('Culture of eating that promotes healthy choices', 'Healthy eating'), ('Culture of eating that promotes healthy choices', 'Mental well-being'), ('Weight bias', 'Exercise'), ('Obesity', 'Dysfunctional adipose tissue'), ('Medications', 'Tiredness'), ('Inflammation', 'Insulin resistance'), ('Anticonvulsants', 'Appetite'), ('Inflammation', 'Auto-inflammatory diseases'), ('Accessibility to shops', 'Utilitarian physical activity '), ('Blood fatty acid level', 'Adipose storage of fatty acids'), ('Perceived environmental safety', 'Physical activity'), ('Short sleep duration', 'Physical well-being'), ('Cultural norms around thinness', 'Pressure to be thin'), ('Weight bias', 'Access to health professionals'), ('Public health messaging around thinness', 'Pressure to be thin'), ('Dysfunctional adipose tissue', 'Blood pressure'), ('Dysfunctional adipose tissue', 'Dyslipidemia'), ('Aesthetics', 'Utilitarian physical activity '), ('Obesity', 'Unhealthy weight control practices'), ('Obesity', 'Asthma-like symptoms'), ('Marketing ratio of unhealthy to healthy foods', 'Supportive food environment'), ('Dyslipidemia', 'Atherosclerosis'), ('Physical well-being', 'Mental well-being'), ('Public support and demand for healthy products', 'Cost of unhealthy foods'), ('Musculoskeletal pain', 'Physical well-being'), ('Coronary heart diseases', 'Exercise')]"
0,"[('Culture of eating that promotes healthy choices', 'Adipose storage of fatty acids'), ('Physical well-being', 'Inflammation'), ('Depression', 'Cortisol'), ('Medical perspective that thin is good', 'Blood fatty acid level'), ('Pressure to be thin', 'Short sleep duration'), ('Mental well-being', 'Pro-inflammatory cytokines'), ('Resilience', 'Ability to engage in physical activity'), ('Cultural norms around thinness', 'Release of adipokines'), ('Control', 'Blood glucose level'), ('Weight bias', 'Dyslipidemia'), ('Poor body image', 'Unhealthy weight control practices'), ('Stress', 'Blood pressure'), ('Public health messaging around thinness', 'Obesity'), ('Socio-economic status', 'Sodium intake')]",1,-1,1,-1,-1,"[('Culture of eating that promotes healthy choices', 'Physical well-being'), ('Weight bias', 'Socio-economic status'), ('Mental well-being', 'Physical well-being'), ('Socio-economic status', 'Stress'), ('Control', 'Mental well-being'), ('Socio-economic status', 'Physical well-being'), ('Public health messaging around thinness', 'Weight bias'), ('Resilience', 'Mental well-being'), ('Medical perspective that thin is good', 'Public health messaging around thinness'), ('Weight bias', 'Depression'), ('Control', 'Stress'), ('Socio-economic status', 'Mental well-being'), ('Medical perspective that thin is good', 'Cultural norms around thinness'), ('Weight bias', 'Mental well-being'), ('Cultural norms around thinness', 'Cultural norms around thinness'), ('Cultural norms around thinness', 'Poor body image'), ('Weight bias', 'Stress'), ('Poor body image', 'Poor body image'), ('Socio-economic status', 'Control'), ('Weight bias', 'Poor body image'), ('Pressure to be thin', 'Poor body image'), ('Depression', 'Stress'), ('Poor body image', 'Depression'), ('Culture of eating that promotes healthy choices', 'Mental well-being'), ('Cultural norms around thinness', 'Pressure to be thin'), ('Public health messaging around thinness', 'Pressure to be thin'), ('Physical well-being', 'Mental well-being')]","[('Medications', 'Balance'), ('Secretion of inflammatory molecules by adipose cells', 'Insulin resistance'), ('Obesity', 'Obstructive sleep apnea'), ('Dyslipidemia', 'Blood pressure'), ('Obesity', 'Gastro-esophageal reflux disease'), ('Auto-inflammatory diseases', 'Inflammation'), ('Atherosclerosis', 'Coronary heart diseases'), ('Release of adipokines', 'Atherosclerosis'), ('Blood mono-unsaturated fatty acid level', 'Secretion of inflammatory molecules by adipose cells'), ('Insulin resistance', 'Fatty acids in the artery walls'), ('Insulin resistance', 'Cells intake of fatty acids'), ('Adipose storage of fatty acids', 'Inflammation'), ('Thoracic and abdominal obesity', 'Airway resistance'), ('Thoracic and abdominal obesity', 'Respiratory muscle fatigue'), ('Unhealthy weight control practices', 'Obesity'), ('Sodium retention', 'Blood pressure'), ('Short sleep duration', 'Pro-inflammatory cytokines'), ('Medications', 'Obesity'), ('Balance', 'Ability to engage in physical activity'), ('Short sleep duration', 'Cortisol'), ('Airway resistance', 'Asthma'), ('Short sleep duration', 'Blood pressure'), ('Fatty acids in the artery walls', 'Atherosclerosis'), ('Dyslipidemia', 'Insulin resistance'), ('Blood glucose level', 'Fatty acids in the artery walls'), ('Respiratory diseases', 'Ability to engage in physical activity'), ('Blood saturated fatty acid level', 'Secretion of inflammatory molecules by adipose cells'), ('Dysfunctional adipose tissue', 'Inflammation'), ('Coordination', 'Ability to engage in physical activity'), ('Obesity', 'Short sleep duration'), ('Inflammation', 'Asthma'), ('Coronary heart diseases', 'Dyspnea'), ('Tiredness', 'Ability to engage in physical activity'), ('Short sleep duration', 'Heart rate'), ('Blood fatty acid level', 'Blood glucose level'), ('Pro-inflammatory cytokines', 'Inflammation'), ('Respiratory muscle fatigue', 'Dyspnea'), ('Heart rate', 'Coronary heart diseases'), ('Medications', 'Coordination'), ('Beta blockers', 'Ability to engage in physical activity'), ('Sodium intake', 'Blood pressure'), ('Airway resistance', 'Asthma-like symptoms'), ('Medications', 'Concentration'), ('Cells intake of fatty acids', 'Adipose storage of fatty acids'), ('Physical pain', 'Ability to engage in physical activity'), ('Concentration', 'Ability to engage in physical activity'), ('Obesity', 'Release of adipokines'), ('Blood glucose level', 'Sodium retention'), ('Stimulants', 'Short sleep duration'), ('Obesity', 'Dysfunctional adipose tissue'), ('Medications', 'Tiredness'), ('Inflammation', 'Insulin resistance'), ('Inflammation', 'Auto-inflammatory diseases'), ('Blood fatty acid level', 'Adipose storage of fatty acids'), ('Dysfunctional adipose tissue', 'Blood pressure'), ('Dysfunctional adipose tissue', 'Dyslipidemia'), ('Obesity', 'Unhealthy weight control practices'), ('Obesity', 'Asthma-like symptoms'), ('Dyslipidemia', 'Atherosclerosis')]","[('Prevalence of walking trails', 'Quality of the sport infrastructure'), ('Medications', 'Balance'), ('Culture of eating that promotes healthy choices', 'Physical well-being'), ('Secretion of inflammatory molecules by adipose cells', 'Insulin resistance'), ('Presence of a vibrant community', 'Control'), ('Obesity', 'Weight bias'), ('Healthy eating', 'Blood mono-unsaturated fatty acid level'), ('Exercise', 'Heart rate'), ('Available time', 'Recreational physical activity'), ('Chronic conditions', 'Depression'), ('Exercise', 'Insulin resistance'), ('Weight bias', 'Socio-economic status'), ('Mental well-being', 'Physical well-being'), ('Obesity', 'Obstructive sleep apnea'), ('Eating disorders', 'Healthy eating'), ('Consumer demand for regulations', 'Marketing of healthy foods'), ('Dyslipidemia', 'Blood pressure'), ('Obesity', 'Gastro-esophageal reflux disease'), ('Perceived environmental safety', 'Mental well-being'), ('Late night TV watching', 'Short sleep duration'), ('Auto-inflammatory diseases', 'Inflammation'), ('Depression', 'Healthy eating'), ('Socio-economic status', 'Stress'), ('Exercise', 'Blood glucose level'), ('Public support and demand for healthy products', 'Marketing of healthy foods'), ('Unhealthy foods are cheaper than healthy ones', 'Supportive food environment'), ('Control', 'Mental well-being'), ('Atherosclerosis', 'Coronary heart diseases'), ('Socio-economic status', 'Physical well-being'), ('Ability to engage in physical activity', 'Physical activity'), ('Public health messaging around thinness', 'Weight bias'), ('Public support and demand for healthy products', 'Availability of healthy foods'), ('Release of adipokines', 'Atherosclerosis'), ('Consumer demand for regulations', 'Marketing of unhealthy foods'), ('Resilience', 'Mental well-being'), ('Blood mono-unsaturated fatty acid level', 'Secretion of inflammatory molecules by adipose cells'), ('Medical perspective that thin is good', 'Public health messaging around thinness'), ('Mental well-being', 'Medications'), ('Sexual difficulties', 'Mental well-being'), ('Insulin resistance', 'Fatty acids in the artery walls'), ('Insulin resistance', 'Cells intake of fatty acids'), ('Sidewalk prevalence and maintenance', 'Utilitarian physical activity '), ('Adipose storage of fatty acids', 'Inflammation'), ('Socio-economic status', 'Exercise'), ('Thoracic and abdominal obesity', 'Airway resistance'), ('Healthy eating', 'Short sleep duration'), ('Perceived environmental safety', 'Physical well-being'), ('Weight bias', 'Depression'), ('Emotional eating', 'Mental well-being'), ('Late night TV watching', 'Healthy eating'), ('Control', 'Stress'), ('Aesthetics', 'Physical well-being'), ('Economic incentives to produce unhealthy food products', 'Cost of unhealthy foods'), ('Supportive food environment', 'Healthy eating'), ('Appetite', 'Physical well-being'), ('Thoracic and abdominal obesity', 'Respiratory muscle fatigue'), ('Cardiovascular diseases', 'Fear of engaging in physical activity'), ('Socio-economic status', 'Mental well-being'), ('Unhealthy weight control practices', 'Obesity'), ('Exercise', 'Blood pressure'), ('Sodium retention', 'Blood pressure'), ('Short sleep duration', 'Pro-inflammatory cytokines'), ('Medications', 'Obesity'), ('Short sleep duration', 'Appetite'), ('Balance', 'Ability to engage in physical activity'), ('Short sleep duration', 'Cortisol'), ('Airway resistance', 'Asthma'), ('Short sleep duration', 'Blood pressure'), ('Medical perspective that thin is good', 'Cultural norms around thinness'), ('Healthy eating', 'Blood glucose level'), ('Mental well-being', 'Anticonvulsants'), ('Fatty acids in the artery walls', 'Atherosclerosis'), ('Dyslipidemia', 'Insulin resistance'), ('Blood glucose level', 'Fatty acids in the artery walls'), ('Respiratory diseases', 'Ability to engage in physical activity'), ('Blood saturated fatty acid level', 'Secretion of inflammatory molecules by adipose cells'), ('Dysfunctional adipose tissue', 'Inflammation'), ('Weight bias', 'Mental well-being'), ('Coordination', 'Ability to engage in physical activity'), ('Cultural norms around thinness', 'Cultural norms around thinness'), ('Cultural norms around thinness', 'Poor body image'), ('Obesity', 'Short sleep duration'), ('Inflammation', 'Asthma'), ('Healthy eating', 'Sodium intake'), ('Cultural norms around thinness', 'Eating disorders'), ('Poor body image', 'Sexual difficulties'), ('Fear of engaging in physical activity', 'Physical activity'), ('Short sleep duration', 'Healthy eating'), ('Coronary heart diseases', 'Dyspnea'), ('Stress', 'Inflammation'), ('Weight bias', 'Stress'), ('Unhealthy weight control practices', 'Eating disorders'), ('Tiredness', 'Ability to engage in physical activity'), ('Short sleep duration', 'Heart rate'), ('Prevalence of bike trails', 'Quality of the sport infrastructure'), ('Exercise', 'Blood fatty acid level'), ('Mental well-being', 'Emotional eating'), ('Poor body image', 'Poor body image'), ('Blood fatty acid level', 'Blood glucose level'), ('Cardiovascular diseases', 'Depression'), ('Pro-inflammatory cytokines', 'Inflammation'), ('Prevalence of green fields', 'Quality of the sport infrastructure'), ('Mental well-being', 'Antipsychotics'), ('Socio-economic status', 'Control'), ('Weight bias', 'Poor body image'), ('Positive experience of sports', 'Recreational physical activity'), ('Public support and demand for healthy products', 'Cost of healthy foods'), ('Socio-economic status', 'Availability of healthy foods'), ('Cardiovascular diseases', 'Physical well-being'), ('Respiratory muscle fatigue', 'Dyspnea'), ('Heart rate', 'Coronary heart diseases'), ('Pressure to be thin', 'Poor body image'), ('Medications', 'Coordination'), ('Beta blockers', 'Ability to engage in physical activity'), ('Antipsychotics', 'Appetite'), ('Sodium intake', 'Blood pressure'), ('Pressure to be thin', 'Unhealthy weight control practices'), ('Airway resistance', 'Asthma-like symptoms'), ('Depression', 'Stress'), ('Medications', 'Concentration'), ('Public support and demand for healthy products', 'Marketing of unhealthy foods'), ('Poor body image', 'Eating disorders'), ('Emotional eating', 'Healthy eating'), ('Obesity', 'Access to health professionals'), ('Obesity', 'Mental well-being'), ('Unhealthy foods are more available than healthy ones', 'Supportive food environment'), ('Healthy eating', 'Blood saturated fatty acid level'), ('Presence of a vibrant community', 'Resilience'), ('Cells intake of fatty acids', 'Adipose storage of fatty acids'), ('Physical activity', 'Physical well-being'), ('Appetite', 'Healthy eating'), ('Aesthetics', 'Stress'), ('Chronic conditions', 'Mental well-being'), ('Weight bias', 'Positive experience of sports'), ('Healthy eating', 'Dyslipidemia'), ('Quality of the sport infrastructure', 'Recreational physical activity'), ('Physical pain', 'Ability to engage in physical activity'), ('Prevalence of green fields', 'Aesthetics'), ('Concentration', 'Ability to engage in physical activity'), ('Aesthetics', 'Mental well-being'), ('Poor body image', 'Depression'), ('Chronic conditions', 'Physical well-being'), ('Obesity', 'Release of adipokines'), ('Blood glucose level', 'Sodium retention'), ('Restrictive covenants', 'Availability of healthy foods'), ('Musculoskeletal pain', 'Mental well-being'), ('Weight bias', 'Unhealthy weight control practices'), ('Physical activity', 'Mental well-being'), ('Access to health professionals', 'Ability to engage in physical activity'), ('Stimulants', 'Short sleep duration'), ('Culture of eating that promotes healthy choices', 'Healthy eating'), ('Culture of eating that promotes healthy choices', 'Mental well-being'), ('Weight bias', 'Exercise'), ('Obesity', 'Dysfunctional adipose tissue'), ('Medications', 'Tiredness'), ('Inflammation', 'Insulin resistance'), ('Anticonvulsants', 'Appetite'), ('Inflammation', 'Auto-inflammatory diseases'), ('Accessibility to shops', 'Utilitarian physical activity '), ('Blood fatty acid level', 'Adipose storage of fatty acids'), ('Perceived environmental safety', 'Physical activity'), ('Short sleep duration', 'Physical well-being'), ('Cultural norms around thinness', 'Pressure to be thin'), ('Weight bias', 'Access to health professionals'), ('Public health messaging around thinness', 'Pressure to be thin'), ('Dysfunctional adipose tissue', 'Blood pressure'), ('Dysfunctional adipose tissue', 'Dyslipidemia'), ('Aesthetics', 'Utilitarian physical activity '), ('Obesity', 'Unhealthy weight control practices'), ('Obesity', 'Asthma-like symptoms'), ('Marketing ratio of unhealthy to healthy foods', 'Supportive food environment'), ('Dyslipidemia', 'Atherosclerosis'), ('Physical well-being', 'Mental well-being'), ('Public support and demand for healthy products', 'Cost of unhealthy foods'), ('Musculoskeletal pain', 'Physical well-being'), ('Coronary heart diseases', 'Exercise')]"
1,"[('Culture of eating that promotes healthy choices', 'Adipose storage of fatty acids'), ('Physical well-being', 'Inflammation'), ('Depression', 'Cortisol'), ('Medical perspective that thin is good', 'Blood fatty acid level'), ('Pressure to be thin', 'Short sleep duration'), ('Mental well-being', 'Pro-inflammatory cytokines'), ('Resilience', 'Ability to engage in physical activity'), ('Cultural norms around thinness', 'Release of adipokines'), ('Control', 'Blood glucose level'), ('Weight bias', 'Dyslipidemia'), ('Poor body image', 'Unhealthy weight control practices'), ('Stress', 'Blood pressure'), ('Public health messaging around thinness', 'Obesity'), ('Socio-economic status', 'Sodium intake')]",1,-1,1,-1,-1,"[('Culture of eating that promotes healthy choices', 'Physical well-being'), ('Weight bias', 'Socio-economic status'), ('Mental well-being', 'Physical well-being'), ('Socio-economic status', 'Stress'), ('Control', 'Mental well-being'), ('Socio-economic status', 'Physical well-being'), ('Public health messaging around thinness', 'Weight bias'), ('Resilience', 'Mental well-being'), ('Medical perspective that thin is good', 'Public health messaging around thinness'), ('Weight bias', 'Depression'), ('Control', 'Stress'), ('Socio-economic status', 'Mental well-being'), ('Medical perspective that thin is good', 'Cultural norms around thinness'), ('Weight bias', 'Mental well-being'), ('Cultural norms around thinness', 'Cultural norms around thinness'), ('Cultural norms around thinness', 'Poor body image'), ('Weight bias', 'Stress'), ('Poor body image', 'Poor body image'), ('Socio-economic status', 'Control'), ('Weight bias', 'Poor body image'), ('Pressure to be thin', 'Poor body image'), ('Depression', 'Stress'), ('Poor body image', 'Depression'), ('Culture of eating that promotes healthy choices', 'Mental well-being'), ('Cultural norms around thinness', 'Pressure to be thin'), ('Public health messaging around thinness', 'Pressure to be thin'), ('Physical well-being', 'Mental well-being')]","[('Medications', 'Balance'), ('Secretion of inflammatory molecules by adipose cells', 'Insulin resistance'), ('Obesity', 'Obstructive sleep apnea'), ('Dyslipidemia', 'Blood pressure'), ('Obesity', 'Gastro-esophageal reflux disease'), ('Auto-inflammatory diseases', 'Inflammation'), ('Atherosclerosis', 'Coronary heart diseases'), ('Release of adipokines', 'Atherosclerosis'), ('Blood mono-unsaturated fatty acid level', 'Secretion of inflammatory molecules by adipose cells'), ('Insulin resistance', 'Fatty acids in the artery walls'), ('Insulin resistance', 'Cells intake of fatty acids'), ('Adipose storage of fatty acids', 'Inflammation'), ('Thoracic and abdominal obesity', 'Airway resistance'), ('Thoracic and abdominal obesity', 'Respiratory muscle fatigue'), ('Unhealthy weight control practices', 'Obesity'), ('Sodium retention', 'Blood pressure'), ('Short sleep duration', 'Pro-inflammatory cytokines'), ('Medications', 'Obesity'), ('Balance', 'Ability to engage in physical activity'), ('Short sleep duration', 'Cortisol'), ('Airway resistance', 'Asthma'), ('Short sleep duration', 'Blood pressure'), ('Fatty acids in the artery walls', 'Atherosclerosis'), ('Dyslipidemia', 'Insulin resistance'), ('Blood glucose level', 'Fatty acids in the artery walls'), ('Respiratory diseases', 'Ability to engage in physical activity'), ('Blood saturated fatty acid level', 'Secretion of inflammatory molecules by adipose cells'), ('Dysfunctional adipose tissue', 'Inflammation'), ('Coordination', 'Ability to engage in physical activity'), ('Obesity', 'Short sleep duration'), ('Inflammation', 'Asthma'), ('Coronary heart diseases', 'Dyspnea'), ('Tiredness', 'Ability to engage in physical activity'), ('Short sleep duration', 'Heart rate'), ('Blood fatty acid level', 'Blood glucose level'), ('Pro-inflammatory cytokines', 'Inflammation'), ('Respiratory muscle fatigue', 'Dyspnea'), ('Heart rate', 'Coronary heart diseases'), ('Medications', 'Coordination'), ('Beta blockers', 'Ability to engage in physical activity'), ('Sodium intake', 'Blood pressure'), ('Airway resistance', 'Asthma-like symptoms'), ('Medications', 'Concentration'), ('Cells intake of fatty acids', 'Adipose storage of fatty acids'), ('Physical pain', 'Ability to engage in physical activity'), ('Concentration', 'Ability to engage in physical activity'), ('Obesity', 'Release of adipokines'), ('Blood glucose level', 'Sodium retention'), ('Stimulants', 'Short sleep duration'), ('Obesity', 'Dysfunctional adipose tissue'), ('Medications', 'Tiredness'), ('Inflammation', 'Insulin resistance'), ('Inflammation', 'Auto-inflammatory diseases'), ('Blood fatty acid level', 'Adipose storage of fatty acids'), ('Dysfunctional adipose tissue', 'Blood pressure'), ('Dysfunctional adipose tissue', 'Dyslipidemia'), ('Obesity', 'Unhealthy weight control practices'), ('Obesity', 'Asthma-like symptoms'), ('Dyslipidemia', 'Atherosclerosis')]","[('Prevalence of walking trails', 'Quality of the sport infrastructure'), ('Medications', 'Balance'), ('Culture of eating that promotes healthy choices', 'Physical well-being'), ('Secretion of inflammatory molecules by adipose cells', 'Insulin resistance'), ('Presence of a vibrant community', 'Control'), ('Obesity', 'Weight bias'), ('Healthy eating', 'Blood mono-unsaturated fatty acid level'), ('Exercise', 'Heart rate'), ('Available time', 'Recreational physical activity'), ('Chronic conditions', 'Depression'), ('Exercise', 'Insulin resistance'), ('Weight bias', 'Socio-economic status'), ('Mental well-being', 'Physical well-being'), ('Obesity', 'Obstructive sleep apnea'), ('Eating disorders', 'Healthy eating'), ('Consumer demand for regulations', 'Marketing of healthy foods'), ('Dyslipidemia', 'Blood pressure'), ('Obesity', 'Gastro-esophageal reflux disease'), ('Perceived environmental safety', 'Mental well-being'), ('Late night TV watching', 'Short sleep duration'), ('Auto-inflammatory diseases', 'Inflammation'), ('Depression', 'Healthy eating'), ('Socio-economic status', 'Stress'), ('Exercise', 'Blood glucose level'), ('Public support and demand for healthy products', 'Marketing of healthy foods'), ('Unhealthy foods are cheaper than healthy ones', 'Supportive food environment'), ('Control', 'Mental well-being'), ('Atherosclerosis', 'Coronary heart diseases'), ('Socio-economic status', 'Physical well-being'), ('Ability to engage in physical activity', 'Physical activity'), ('Public health messaging around thinness', 'Weight bias'), ('Public support and demand for healthy products', 'Availability of healthy foods'), ('Release of adipokines', 'Atherosclerosis'), ('Consumer demand for regulations', 'Marketing of unhealthy foods'), ('Resilience', 'Mental well-being'), ('Blood mono-unsaturated fatty acid level', 'Secretion of inflammatory molecules by adipose cells'), ('Medical perspective that thin is good', 'Public health messaging around thinness'), ('Mental well-being', 'Medications'), ('Sexual difficulties', 'Mental well-being'), ('Insulin resistance', 'Fatty acids in the artery walls'), ('Insulin resistance', 'Cells intake of fatty acids'), ('Sidewalk prevalence and maintenance', 'Utilitarian physical activity '), ('Adipose storage of fatty acids', 'Inflammation'), ('Socio-economic status', 'Exercise'), ('Thoracic and abdominal obesity', 'Airway resistance'), ('Healthy eating', 'Short sleep duration'), ('Perceived environmental safety', 'Physical well-being'), ('Weight bias', 'Depression'), ('Emotional eating', 'Mental well-being'), ('Late night TV watching', 'Healthy eating'), ('Control', 'Stress'), ('Aesthetics', 'Physical well-being'), ('Economic incentives to produce unhealthy food products', 'Cost of unhealthy foods'), ('Supportive food environment', 'Healthy eating'), ('Appetite', 'Physical well-being'), ('Thoracic and abdominal obesity', 'Respiratory muscle fatigue'), ('Cardiovascular diseases', 'Fear of engaging in physical activity'), ('Socio-economic status', 'Mental well-being'), ('Unhealthy weight control practices', 'Obesity'), ('Exercise', 'Blood pressure'), ('Sodium retention', 'Blood pressure'), ('Short sleep duration', 'Pro-inflammatory cytokines'), ('Medications', 'Obesity'), ('Short sleep duration', 'Appetite'), ('Balance', 'Ability to engage in physical activity'), ('Short sleep duration', 'Cortisol'), ('Airway resistance', 'Asthma'), ('Short sleep duration', 'Blood pressure'), ('Medical perspective that thin is good', 'Cultural norms around thinness'), ('Healthy eating', 'Blood glucose level'), ('Mental well-being', 'Anticonvulsants'), ('Fatty acids in the artery walls', 'Atherosclerosis'), ('Dyslipidemia', 'Insulin resistance'), ('Blood glucose level', 'Fatty acids in the artery walls'), ('Respiratory diseases', 'Ability to engage in physical activity'), ('Blood saturated fatty acid level', 'Secretion of inflammatory molecules by adipose cells'), ('Dysfunctional adipose tissue', 'Inflammation'), ('Weight bias', 'Mental well-being'), ('Coordination', 'Ability to engage in physical activity'), ('Cultural norms around thinness', 'Cultural norms around thinness'), ('Cultural norms around thinness', 'Poor body image'), ('Obesity', 'Short sleep duration'), ('Inflammation', 'Asthma'), ('Healthy eating', 'Sodium intake'), ('Cultural norms around thinness', 'Eating disorders'), ('Poor body image', 'Sexual difficulties'), ('Fear of engaging in physical activity', 'Physical activity'), ('Short sleep duration', 'Healthy eating'), ('Coronary heart diseases', 'Dyspnea'), ('Stress', 'Inflammation'), ('Weight bias', 'Stress'), ('Unhealthy weight control practices', 'Eating disorders'), ('Tiredness', 'Ability to engage in physical activity'), ('Short sleep duration', 'Heart rate'), ('Prevalence of bike trails', 'Quality of the sport infrastructure'), ('Exercise', 'Blood fatty acid level'), ('Mental well-being', 'Emotional eating'), ('Poor body image', 'Poor body image'), ('Blood fatty acid level', 'Blood glucose level'), ('Cardiovascular diseases', 'Depression'), ('Pro-inflammatory cytokines', 'Inflammation'), ('Prevalence of green fields', 'Quality of the sport infrastructure'), ('Mental well-being', 'Antipsychotics'), ('Socio-economic status', 'Control'), ('Weight bias', 'Poor body image'), ('Positive experience of sports', 'Recreational physical activity'), ('Public support and demand for healthy products', 'Cost of healthy foods'), ('Socio-economic status', 'Availability of healthy foods'), ('Cardiovascular diseases', 'Physical well-being'), ('Respiratory muscle fatigue', 'Dyspnea'), ('Heart rate', 'Coronary heart diseases'), ('Pressure to be thin', 'Poor body image'), ('Medications', 'Coordination'), ('Beta blockers', 'Ability to engage in physical activity'), ('Antipsychotics', 'Appetite'), ('Sodium intake', 'Blood pressure'), ('Pressure to be thin', 'Unhealthy weight control practices'), ('Airway resistance', 'Asthma-like symptoms'), ('Depression', 'Stress'), ('Medications', 'Concentration'), ('Public support and demand for healthy products', 'Marketing of unhealthy foods'), ('Poor body image', 'Eating disorders'), ('Emotional eating', 'Healthy eating'), ('Obesity', 'Access to health professionals'), ('Obesity', 'Mental well-being'), ('Unhealthy foods are more available than healthy ones', 'Supportive food environment'), ('Healthy eating', 'Blood saturated fatty acid level'), ('Presence of a vibrant community', 'Resilience'), ('Cells intake of fatty acids', 'Adipose storage of fatty acids'), ('Physical activity', 'Physical well-being'), ('Appetite', 'Healthy eating'), ('Aesthetics', 'Stress'), ('Chronic conditions', 'Mental well-being'), ('Weight bias', 'Positive experience of sports'), ('Healthy eating', 'Dyslipidemia'), ('Quality of the sport infrastructure', 'Recreational physical activity'), ('Physical pain', 'Ability to engage in physical activity'), ('Prevalence of green fields', 'Aesthetics'), ('Concentration', 'Ability to engage in physical activity'), ('Aesthetics', 'Mental well-being'), ('Poor body image', 'Depression'), ('Chronic conditions', 'Physical well-being'), ('Obesity', 'Release of adipokines'), ('Blood glucose level', 'Sodium retention'), ('Restrictive covenants', 'Availability of healthy foods'), ('Musculoskeletal pain', 'Mental well-being'), ('Weight bias', 'Unhealthy weight control practices'), ('Physical activity', 'Mental well-being'), ('Access to health professionals', 'Ability to engage in physical activity'), ('Stimulants', 'Short sleep duration'), ('Culture of eating that promotes healthy choices', 'Healthy eating'), ('Culture of eating that promotes healthy choices', 'Mental well-being'), ('Weight bias', 'Exercise'), ('Obesity', 'Dysfunctional adipose tissue'), ('Medications', 'Tiredness'), ('Inflammation', 'Insulin resistance'), ('Anticonvulsants', 'Appetite'), ('Inflammation', 'Auto-inflammatory diseases'), ('Accessibility to shops', 'Utilitarian physical activity '), ('Blood fatty acid level', 'Adipose storage of fatty acids'), ('Perceived environmental safety', 'Physical activity'), ('Short sleep duration', 'Physical well-being'), ('Cultural norms around thinness', 'Pressure to be thin'), ('Weight bias', 'Access to health professionals'), ('Public health messaging around thinness', 'Pressure to be thin'), ('Dysfunctional adipose tissue', 'Blood pressure'), ('Dysfunctional adipose tissue', 'Dyslipidemia'), ('Aesthetics', 'Utilitarian physical activity '), ('Obesity', 'Unhealthy weight control practices'), ('Obesity', 'Asthma-like symptoms'), ('Marketing ratio of unhealthy to healthy foods', 'Supportive food environment'), ('Dyslipidemia', 'Atherosclerosis'), ('Physical well-being', 'Mental well-being'), ('Public support and demand for healthy products', 'Cost of unhealthy foods'), ('Musculoskeletal pain', 'Physical well-being'), ('Coronary heart diseases', 'Exercise')]"
2,"[('Culture of eating that promotes healthy choices', 'Adipose storage of fatty acids'), ('Physical well-being', 'Inflammation'), ('Depression', 'Cortisol'), ('Medical perspective that thin is good', 'Blood fatty acid level'), ('Pressure to be thin', 'Short sleep duration'), ('Mental well-being', 'Pro-inflammatory cytokines'), ('Resilience', 'Ability to engage in physical activity'), ('Cultural norms around thinness', 'Release of adipokines'), ('Control', 'Blood glucose level'), ('Weight bias', 'Dyslipidemia'), ('Poor body image', 'Unhealthy weight control practices'), ('Stress', 'Blood pressure'), ('Public health messaging around thinness', 'Obesity'), ('Socio-economic status', 'Sodium intake')]",1,-1,1,-1,-1,"[('Culture of eating that promotes healthy choices', 'Physical well-being'), ('Weight bias', 'Socio-economic status'), ('Mental well-being', 'Physical well-being'), ('Socio-economic status', 'Stress'), ('Control', 'Mental well-being'), ('Socio-economic status', 'Physical well-being'), ('Public health messaging around thinness', 'Weight bias'), ('Resilience', 'Mental well-being'), ('Medical perspective that thin is good', 'Public health messaging around thinness'), ('Weight bias', 'Depression'), ('Control', 'Stress'), ('Socio-economic status', 'Mental well-being'), ('Medical perspective that thin is good', 'Cultural norms around thinness'), ('Weight bias', 'Mental well-being'), ('Cultural norms around thinness', 'Cultural norms around thinness'), ('Cultural norms around thinness', 'Poor body image'), ('Weight bias', 'Stress'), ('Poor body image', 'Poor body image'), ('Socio-economic status', 'Control'), ('Weight bias', 'Poor body image'), ('Pressure to be thin', 'Poor body image'), ('Depression', 'Stress'), ('Poor body image', 'Depression'), ('Culture of eating that promotes healthy choices', 'Mental well-being'), ('Cultural norms around thinness', 'Pressure to be thin'), ('Public health messaging around thinness', 'Pressure to be thin'), ('Physical well-being', 'Mental well-being')]","[('Medications', 'Balance'), ('Secretion of inflammatory molecules by adipose cells', 'Insulin resistance'), ('Obesity', 'Obstructive sleep apnea'), ('Dyslipidemia', 'Blood pressure'), ('Obesity', 'Gastro-esophageal reflux disease'), ('Auto-inflammatory diseases', 'Inflammation'), ('Atherosclerosis', 'Coronary heart diseases'), ('Release of adipokines', 'Atherosclerosis'), ('Blood mono-unsaturated fatty acid level', 'Secretion of inflammatory molecules by adipose cells'), ('Insulin resistance', 'Fatty acids in the artery walls'), ('Insulin resistance', 'Cells intake of fatty acids'), ('Adipose storage of fatty acids', 'Inflammation'), ('Thoracic and abdominal obesity', 'Airway resistance'), ('Thoracic and abdominal obesity', 'Respiratory muscle fatigue'), ('Unhealthy weight control practices', 'Obesity'), ('Sodium retention', 'Blood pressure'), ('Short sleep duration', 'Pro-inflammatory cytokines'), ('Medications', 'Obesity'), ('Balance', 'Ability to engage in physical activity'), ('Short sleep duration', 'Cortisol'), ('Airway resistance', 'Asthma'), ('Short sleep duration', 'Blood pressure'), ('Fatty acids in the artery walls', 'Atherosclerosis'), ('Dyslipidemia', 'Insulin resistance'), ('Blood glucose level', 'Fatty acids in the artery walls'), ('Respiratory diseases', 'Ability to engage in physical activity'), ('Blood saturated fatty acid level', 'Secretion of inflammatory molecules by adipose cells'), ('Dysfunctional adipose tissue', 'Inflammation'), ('Coordination', 'Ability to engage in physical activity'), ('Obesity', 'Short sleep duration'), ('Inflammation', 'Asthma'), ('Coronary heart diseases', 'Dyspnea'), ('Tiredness', 'Ability to engage in physical activity'), ('Short sleep duration', 'Heart rate'), ('Blood fatty acid level', 'Blood glucose level'), ('Pro-inflammatory cytokines', 'Inflammation'), ('Respiratory muscle fatigue', 'Dyspnea'), ('Heart rate', 'Coronary heart diseases'), ('Medications', 'Coordination'), ('Beta blockers', 'Ability to engage in physical activity'), ('Sodium intake', 'Blood pressure'), ('Airway resistance', 'Asthma-like symptoms'), ('Medications', 'Concentration'), ('Cells intake of fatty acids', 'Adipose storage of fatty acids'), ('Physical pain', 'Ability to engage in physical activity'), ('Concentration', 'Ability to engage in physical activity'), ('Obesity', 'Release of adipokines'), ('Blood glucose level', 'Sodium retention'), ('Stimulants', 'Short sleep duration'), ('Obesity', 'Dysfunctional adipose tissue'), ('Medications', 'Tiredness'), ('Inflammation', 'Insulin resistance'), ('Inflammation', 'Auto-inflammatory diseases'), ('Blood fatty acid level', 'Adipose storage of fatty acids'), ('Dysfunctional adipose tissue', 'Blood pressure'), ('Dysfunctional adipose tissue', 'Dyslipidemia'), ('Obesity', 'Unhealthy weight control practices'), ('Obesity', 'Asthma-like symptoms'), ('Dyslipidemia', 'Atherosclerosis')]","[('Prevalence of walking trails', 'Quality of the sport infrastructure'), ('Medications', 'Balance'), ('Culture of eating that promotes healthy choices', 'Physical well-being'), ('Secretion of inflammatory molecules by adipose cells', 'Insulin resistance'), ('Presence of a vibrant community', 'Control'), ('Obesity', 'Weight bias'), ('Healthy eating', 'Blood mono-unsaturated fatty acid level'), ('Exercise', 'Heart rate'), ('Available time', 'Recreational physical activity'), ('Chronic conditions', 'Depression'), ('Exercise', 'Insulin resistance'), ('Weight bias', 'Socio-economic status'), ('Mental well-being', 'Physical well-being'), ('Obesity', 'Obstructive sleep apnea'), ('Eating disorders', 'Healthy eating'), ('Consumer demand for regulations', 'Marketing of healthy foods'), ('Dyslipidemia', 'Blood pressure'), ('Obesity', 'Gastro-esophageal reflux disease'), ('Perceived environmental safety', 'Mental well-being'), ('Late night TV watching', 'Short sleep duration'), ('Auto-inflammatory diseases', 'Inflammation'), ('Depression', 'Healthy eating'), ('Socio-economic status', 'Stress'), ('Exercise', 'Blood glucose level'), ('Public support and demand for healthy products', 'Marketing of healthy foods'), ('Unhealthy foods are cheaper than healthy ones', 'Supportive food environment'), ('Control', 'Mental well-being'), ('Atherosclerosis', 'Coronary heart diseases'), ('Socio-economic status', 'Physical well-being'), ('Ability to engage in physical activity', 'Physical activity'), ('Public health messaging around thinness', 'Weight bias'), ('Public support and demand for healthy products', 'Availability of healthy foods'), ('Release of adipokines', 'Atherosclerosis'), ('Consumer demand for regulations', 'Marketing of unhealthy foods'), ('Resilience', 'Mental well-being'), ('Blood mono-unsaturated fatty acid level', 'Secretion of inflammatory molecules by adipose cells'), ('Medical perspective that thin is good', 'Public health messaging around thinness'), ('Mental well-being', 'Medications'), ('Sexual difficulties', 'Mental well-being'), ('Insulin resistance', 'Fatty acids in the artery walls'), ('Insulin resistance', 'Cells intake of fatty acids'), ('Sidewalk prevalence and maintenance', 'Utilitarian physical activity '), ('Adipose storage of fatty acids', 'Inflammation'), ('Socio-economic status', 'Exercise'), ('Thoracic and abdominal obesity', 'Airway resistance'), ('Healthy eating', 'Short sleep duration'), ('Perceived environmental safety', 'Physical well-being'), ('Weight bias', 'Depression'), ('Emotional eating', 'Mental well-being'), ('Late night TV watching', 'Healthy eating'), ('Control', 'Stress'), ('Aesthetics', 'Physical well-being'), ('Economic incentives to produce unhealthy food products', 'Cost of unhealthy foods'), ('Supportive food environment', 'Healthy eating'), ('Appetite', 'Physical well-being'), ('Thoracic and abdominal obesity', 'Respiratory muscle fatigue'), ('Cardiovascular diseases', 'Fear of engaging in physical activity'), ('Socio-economic status', 'Mental well-being'), ('Unhealthy weight control practices', 'Obesity'), ('Exercise', 'Blood pressure'), ('Sodium retention', 'Blood pressure'), ('Short sleep duration', 'Pro-inflammatory cytokines'), ('Medications', 'Obesity'), ('Short sleep duration', 'Appetite'), ('Balance', 'Ability to engage in physical activity'), ('Short sleep duration', 'Cortisol'), ('Airway resistance', 'Asthma'), ('Short sleep duration', 'Blood pressure'), ('Medical perspective that thin is good', 'Cultural norms around thinness'), ('Healthy eating', 'Blood glucose level'), ('Mental well-being', 'Anticonvulsants'), ('Fatty acids in the artery walls', 'Atherosclerosis'), ('Dyslipidemia', 'Insulin resistance'), ('Blood glucose level', 'Fatty acids in the artery walls'), ('Respiratory diseases', 'Ability to engage in physical activity'), ('Blood saturated fatty acid level', 'Secretion of inflammatory molecules by adipose cells'), ('Dysfunctional adipose tissue', 'Inflammation'), ('Weight bias', 'Mental well-being'), ('Coordination', 'Ability to engage in physical activity'), ('Cultural norms around thinness', 'Cultural norms around thinness'), ('Cultural norms around thinness', 'Poor body image'), ('Obesity', 'Short sleep duration'), ('Inflammation', 'Asthma'), ('Healthy eating', 'Sodium intake'), ('Cultural norms around thinness', 'Eating disorders'), ('Poor body image', 'Sexual difficulties'), ('Fear of engaging in physical activity', 'Physical activity'), ('Short sleep duration', 'Healthy eating'), ('Coronary heart diseases', 'Dyspnea'), ('Stress', 'Inflammation'), ('Weight bias', 'Stress'), ('Unhealthy weight control practices', 'Eating disorders'), ('Tiredness', 'Ability to engage in physical activity'), ('Short sleep duration', 'Heart rate'), ('Prevalence of bike trails', 'Quality of the sport infrastructure'), ('Exercise', 'Blood fatty acid level'), ('Mental well-being', 'Emotional eating'), ('Poor body image', 'Poor body image'), ('Blood fatty acid level', 'Blood glucose level'), ('Cardiovascular diseases', 'Depression'), ('Pro-inflammatory cytokines', 'Inflammation'), ('Prevalence of green fields', 'Quality of the sport infrastructure'), ('Mental well-being', 'Antipsychotics'), ('Socio-economic status', 'Control'), ('Weight bias', 'Poor body image'), ('Positive experience of sports', 'Recreational physical activity'), ('Public support and demand for healthy products', 'Cost of healthy foods'), ('Socio-economic status', 'Availability of healthy foods'), ('Cardiovascular diseases', 'Physical well-being'), ('Respiratory muscle fatigue', 'Dyspnea'), ('Heart rate', 'Coronary heart diseases'), ('Pressure to be thin', 'Poor body image'), ('Medications', 'Coordination'), ('Beta blockers', 'Ability to engage in physical activity'), ('Antipsychotics', 'Appetite'), ('Sodium intake', 'Blood pressure'), ('Pressure to be thin', 'Unhealthy weight control practices'), ('Airway resistance', 'Asthma-like symptoms'), ('Depression', 'Stress'), ('Medications', 'Concentration'), ('Public support and demand for healthy products', 'Marketing of unhealthy foods'), ('Poor body image', 'Eating disorders'), ('Emotional eating', 'Healthy eating'), ('Obesity', 'Access to health professionals'), ('Obesity', 'Mental well-being'), ('Unhealthy foods are more available than healthy ones', 'Supportive food environment'), ('Healthy eating', 'Blood saturated fatty acid level'), ('Presence of a vibrant community', 'Resilience'), ('Cells intake of fatty acids', 'Adipose storage of fatty acids'), ('Physical activity', 'Physical well-being'), ('Appetite', 'Healthy eating'), ('Aesthetics', 'Stress'), ('Chronic conditions', 'Mental well-being'), ('Weight bias', 'Positive experience of sports'), ('Healthy eating', 'Dyslipidemia'), ('Quality of the sport infrastructure', 'Recreational physical activity'), ('Physical pain', 'Ability to engage in physical activity'), ('Prevalence of green fields', 'Aesthetics'), ('Concentration', 'Ability to engage in physical activity'), ('Aesthetics', 'Mental well-being'), ('Poor body image', 'Depression'), ('Chronic conditions', 'Physical well-being'), ('Obesity', 'Release of adipokines'), ('Blood glucose level', 'Sodium retention'), ('Restrictive covenants', 'Availability of healthy foods'), ('Musculoskeletal pain', 'Mental well-being'), ('Weight bias', 'Unhealthy weight control practices'), ('Physical activity', 'Mental well-being'), ('Access to health professionals', 'Ability to engage in physical activity'), ('Stimulants', 'Short sleep duration'), ('Culture of eating that promotes healthy choices', 'Healthy eating'), ('Culture of eating that promotes healthy choices', 'Mental well-being'), ('Weight bias', 'Exercise'), ('Obesity', 'Dysfunctional adipose tissue'), ('Medications', 'Tiredness'), ('Inflammation', 'Insulin resistance'), ('Anticonvulsants', 'Appetite'), ('Inflammation', 'Auto-inflammatory diseases'), ('Accessibility to shops', 'Utilitarian physical activity '), ('Blood fatty acid level', 'Adipose storage of fatty acids'), ('Perceived environmental safety', 'Physical activity'), ('Short sleep duration', 'Physical well-being'), ('Cultural norms around thinness', 'Pressure to be thin'), ('Weight bias', 'Access to health professionals'), ('Public health messaging around thinness', 'Pressure to be thin'), ('Dysfunctional adipose tissue', 'Blood pressure'), ('Dysfunctional adipose tissue', 'Dyslipidemia'), ('Aesthetics', 'Utilitarian physical activity '), ('Obesity', 'Unhealthy weight control practices'), ('Obesity', 'Asthma-like symptoms'), ('Marketing ratio of unhealthy to healthy foods', 'Supportive food environment'), ('Dyslipidemia', 'Atherosclerosis'), ('Physical well-being', 'Mental well-being'), ('Public support and demand for healthy products', 'Cost of unhealthy foods'), ('Musculoskeletal pain', 'Physical well-being'), ('Coronary heart diseases', 'Exercise')]"
3,"[('Culture of eating that promotes healthy choices', 'Adipose storage of fatty acids'), ('Physical well-being', 'Inflammation'), ('Depression', 'Cortisol'), ('Medical perspective that thin is good', 'Blood fatty acid level'), ('Pressure to be thin', 'Short sleep duration'), ('Mental well-being', 'Pro-inflammatory cytokines'), ('Resilience', 'Ability to engage in physical activity'), ('Cultural norms around thinness', 'Release of adipokines'), ('Control', 'Blood glucose level'), ('Weight bias', 'Dyslipidemia'), ('Poor body image', 'Unhealthy weight control practices'), ('Stress', 'Blood pressure'), ('Public health messaging around thinness', 'Obesity'), ('Socio-economic status', 'Sodium intake')]",1,-1,1,-1,-1,"[('Culture of eating that promotes healthy choices', 'Physical well-being'), ('Weight bias', 'Socio-economic status'), ('Mental well-being', 'Physical well-being'), ('Socio-economic status', 'Stress'), ('Control', 'Mental well-being'), ('Socio-economic status', 'Physical well-being'), ('Public health messaging around thinness', 'Weight bias'), ('Resilience', 'Mental well-being'), ('Medical perspective that thin is good', 'Public health messaging around thinness'), ('Weight bias', 'Depression'), ('Control', 'Stress'), ('Socio-economic status', 'Mental well-being'), ('Medical perspective that thin is good', 'Cultural norms around thinness'), ('Weight bias', 'Mental well-being'), ('Cultural norms around thinness', 'Cultural norms around thinness'), ('Cultural norms around thinness', 'Poor body image'), ('Weight bias', 'Stress'), ('Poor body image', 'Poor body image'), ('Socio-economic status', 'Control'), ('Weight bias', 'Poor body image'), ('Pressure to be thin', 'Poor body image'), ('Depression', 'Stress'), ('Poor body image', 'Depression'), ('Culture of eating that promotes healthy choices', 'Mental well-being'), ('Cultural norms around thinness', 'Pressure to be thin'), ('Public health messaging around thinness', 'Pressure to be thin'), ('Physical well-being', 'Mental well-being')]","[('Medications', 'Balance'), ('Secretion of inflammatory molecules by adipose cells', 'Insulin resistance'), ('Obesity', 'Obstructive sleep apnea'), ('Dyslipidemia', 'Blood pressure'), ('Obesity', 'Gastro-esophageal reflux disease'), ('Auto-inflammatory diseases', 'Inflammation'), ('Atherosclerosis', 'Coronary heart diseases'), ('Release of adipokines', 'Atherosclerosis'), ('Blood mono-unsaturated fatty acid level', 'Secretion of inflammatory molecules by adipose cells'), ('Insulin resistance', 'Fatty acids in the artery walls'), ('Insulin resistance', 'Cells intake of fatty acids'), ('Adipose storage of fatty acids', 'Inflammation'), ('Thoracic and abdominal obesity', 'Airway resistance'), ('Thoracic and abdominal obesity', 'Respiratory muscle fatigue'), ('Unhealthy weight control practices', 'Obesity'), ('Sodium retention', 'Blood pressure'), ('Short sleep duration', 'Pro-inflammatory cytokines'), ('Medications', 'Obesity'), ('Balance', 'Ability to engage in physical activity'), ('Short sleep duration', 'Cortisol'), ('Airway resistance', 'Asthma'), ('Short sleep duration', 'Blood pressure'), ('Fatty acids in the artery walls', 'Atherosclerosis'), ('Dyslipidemia', 'Insulin resistance'), ('Blood glucose level', 'Fatty acids in the artery walls'), ('Respiratory diseases', 'Ability to engage in physical activity'), ('Blood saturated fatty acid level', 'Secretion of inflammatory molecules by adipose cells'), ('Dysfunctional adipose tissue', 'Inflammation'), ('Coordination', 'Ability to engage in physical activity'), ('Obesity', 'Short sleep duration'), ('Inflammation', 'Asthma'), ('Coronary heart diseases', 'Dyspnea'), ('Tiredness', 'Ability to engage in physical activity'), ('Short sleep duration', 'Heart rate'), ('Blood fatty acid level', 'Blood glucose level'), ('Pro-inflammatory cytokines', 'Inflammation'), ('Respiratory muscle fatigue', 'Dyspnea'), ('Heart rate', 'Coronary heart diseases'), ('Medications', 'Coordination'), ('Beta blockers', 'Ability to engage in physical activity'), ('Sodium intake', 'Blood pressure'), ('Airway resistance', 'Asthma-like symptoms'), ('Medications', 'Concentration'), ('Cells intake of fatty acids', 'Adipose storage of fatty acids'), ('Physical pain', 'Ability to engage in physical activity'), ('Concentration', 'Ability to engage in physical activity'), ('Obesity', 'Release of adipokines'), ('Blood glucose level', 'Sodium retention'), ('Stimulants', 'Short sleep duration'), ('Obesity', 'Dysfunctional adipose tissue'), ('Medications', 'Tiredness'), ('Inflammation', 'Insulin resistance'), ('Inflammation', 'Auto-inflammatory diseases'), ('Blood fatty acid level', 'Adipose storage of fatty acids'), ('Dysfunctional adipose tissue', 'Blood pressure'), ('Dysfunctional adipose tissue', 'Dyslipidemia'), ('Obesity', 'Unhealthy weight control practices'), ('Obesity', 'Asthma-like symptoms'), ('Dyslipidemia', 'Atherosclerosis')]","[('Prevalence of walking trails', 'Quality of the sport infrastructure'), ('Medications', 'Balance'), ('Culture of eating that promotes healthy choices', 'Physical well-being'), ('Secretion of inflammatory molecules by adipose cells', 'Insulin resistance'), ('Presence of a vibrant community', 'Control'), ('Obesity', 'Weight bias'), ('Healthy eating', 'Blood mono-unsaturated fatty acid level'), ('Exercise', 'Heart rate'), ('Available time', 'Recreational physical activity'), ('Chronic conditions', 'Depression'), ('Exercise', 'Insulin resistance'), ('Weight bias', 'Socio-economic status'), ('Mental well-being', 'Physical well-being'), ('Obesity', 'Obstructive sleep apnea'), ('Eating disorders', 'Healthy eating'), ('Consumer demand for regulations', 'Marketing of healthy foods'), ('Dyslipidemia', 'Blood pressure'), ('Obesity', 'Gastro-esophageal reflux disease'), ('Perceived environmental safety', 'Mental well-being'), ('Late night TV watching', 'Short sleep duration'), ('Auto-inflammatory diseases', 'Inflammation'), ('Depression', 'Healthy eating'), ('Socio-economic status', 'Stress'), ('Exercise', 'Blood glucose level'), ('Public support and demand for healthy products', 'Marketing of healthy foods'), ('Unhealthy foods are cheaper than healthy ones', 'Supportive food environment'), ('Control', 'Mental well-being'), ('Atherosclerosis', 'Coronary heart diseases'), ('Socio-economic status', 'Physical well-being'), ('Ability to engage in physical activity', 'Physical activity'), ('Public health messaging around thinness', 'Weight bias'), ('Public support and demand for healthy products', 'Availability of healthy foods'), ('Release of adipokines', 'Atherosclerosis'), ('Consumer demand for regulations', 'Marketing of unhealthy foods'), ('Resilience', 'Mental well-being'), ('Blood mono-unsaturated fatty acid level', 'Secretion of inflammatory molecules by adipose cells'), ('Medical perspective that thin is good', 'Public health messaging around thinness'), ('Mental well-being', 'Medications'), ('Sexual difficulties', 'Mental well-being'), ('Insulin resistance', 'Fatty acids in the artery walls'), ('Insulin resistance', 'Cells intake of fatty acids'), ('Sidewalk prevalence and maintenance', 'Utilitarian physical activity '), ('Adipose storage of fatty acids', 'Inflammation'), ('Socio-economic status', 'Exercise'), ('Thoracic and abdominal obesity', 'Airway resistance'), ('Healthy eating', 'Short sleep duration'), ('Perceived environmental safety', 'Physical well-being'), ('Weight bias', 'Depression'), ('Emotional eating', 'Mental well-being'), ('Late night TV watching', 'Healthy eating'), ('Control', 'Stress'), ('Aesthetics', 'Physical well-being'), ('Economic incentives to produce unhealthy food products', 'Cost of unhealthy foods'), ('Supportive food environment', 'Healthy eating'), ('Appetite', 'Physical well-being'), ('Thoracic and abdominal obesity', 'Respiratory muscle fatigue'), ('Cardiovascular diseases', 'Fear of engaging in physical activity'), ('Socio-economic status', 'Mental well-being'), ('Unhealthy weight control practices', 'Obesity'), ('Exercise', 'Blood pressure'), ('Sodium retention', 'Blood pressure'), ('Short sleep duration', 'Pro-inflammatory cytokines'), ('Medications', 'Obesity'), ('Short sleep duration', 'Appetite'), ('Balance', 'Ability to engage in physical activity'), ('Short sleep duration', 'Cortisol'), ('Airway resistance', 'Asthma'), ('Short sleep duration', 'Blood pressure'), ('Medical perspective that thin is good', 'Cultural norms around thinness'), ('Healthy eating', 'Blood glucose level'), ('Mental well-being', 'Anticonvulsants'), ('Fatty acids in the artery walls', 'Atherosclerosis'), ('Dyslipidemia', 'Insulin resistance'), ('Blood glucose level', 'Fatty acids in the artery walls'), ('Respiratory diseases', 'Ability to engage in physical activity'), ('Blood saturated fatty acid level', 'Secretion of inflammatory molecules by adipose cells'), ('Dysfunctional adipose tissue', 'Inflammation'), ('Weight bias', 'Mental well-being'), ('Coordination', 'Ability to engage in physical activity'), ('Cultural norms around thinness', 'Cultural norms around thinness'), ('Cultural norms around thinness', 'Poor body image'), ('Obesity', 'Short sleep duration'), ('Inflammation', 'Asthma'), ('Healthy eating', 'Sodium intake'), ('Cultural norms around thinness', 'Eating disorders'), ('Poor body image', 'Sexual difficulties'), ('Fear of engaging in physical activity', 'Physical activity'), ('Short sleep duration', 'Healthy eating'), ('Coronary heart diseases', 'Dyspnea'), ('Stress', 'Inflammation'), ('Weight bias', 'Stress'), ('Unhealthy weight control practices', 'Eating disorders'), ('Tiredness', 'Ability to engage in physical activity'), ('Short sleep duration', 'Heart rate'), ('Prevalence of bike trails', 'Quality of the sport infrastructure'), ('Exercise', 'Blood fatty acid level'), ('Mental well-being', 'Emotional eating'), ('Poor body image', 'Poor body image'), ('Blood fatty acid level', 'Blood glucose level'), ('Cardiovascular diseases', 'Depression'), ('Pro-inflammatory cytokines', 'Inflammation'), ('Prevalence of green fields', 'Quality of the sport infrastructure'), ('Mental well-being', 'Antipsychotics'), ('Socio-economic status', 'Control'), ('Weight bias', 'Poor body image'), ('Positive experience of sports', 'Recreational physical activity'), ('Public support and demand for healthy products', 'Cost of healthy foods'), ('Socio-economic status', 'Availability of healthy foods'), ('Cardiovascular diseases', 'Physical well-being'), ('Respiratory muscle fatigue', 'Dyspnea'), ('Heart rate', 'Coronary heart diseases'), ('Pressure to be thin', 'Poor body image'), ('Medications', 'Coordination'), ('Beta blockers', 'Ability to engage in physical activity'), ('Antipsychotics', 'Appetite'), ('Sodium intake', 'Blood pressure'), ('Pressure to be thin', 'Unhealthy weight control practices'), ('Airway resistance', 'Asthma-like symptoms'), ('Depression', 'Stress'), ('Medications', 'Concentration'), ('Public support and demand for healthy products', 'Marketing of unhealthy foods'), ('Poor body image', 'Eating disorders'), ('Emotional eating', 'Healthy eating'), ('Obesity', 'Access to health professionals'), ('Obesity', 'Mental well-being'), ('Unhealthy foods are more available than healthy ones', 'Supportive food environment'), ('Healthy eating', 'Blood saturated fatty acid level'), ('Presence of a vibrant community', 'Resilience'), ('Cells intake of fatty acids', 'Adipose storage of fatty acids'), ('Physical activity', 'Physical well-being'), ('Appetite', 'Healthy eating'), ('Aesthetics', 'Stress'), ('Chronic conditions', 'Mental well-being'), ('Weight bias', 'Positive experience of sports'), ('Healthy eating', 'Dyslipidemia'), ('Quality of the sport infrastructure', 'Recreational physical activity'), ('Physical pain', 'Ability to engage in physical activity'), ('Prevalence of green fields', 'Aesthetics'), ('Concentration', 'Ability to engage in physical activity'), ('Aesthetics', 'Mental well-being'), ('Poor body image', 'Depression'), ('Chronic conditions', 'Physical well-being'), ('Obesity', 'Release of adipokines'), ('Blood glucose level', 'Sodium retention'), ('Restrictive covenants', 'Availability of healthy foods'), ('Musculoskeletal pain', 'Mental well-being'), ('Weight bias', 'Unhealthy weight control practices'), ('Physical activity', 'Mental well-being'), ('Access to health professionals', 'Ability to engage in physical activity'), ('Stimulants', 'Short sleep duration'), ('Culture of eating that promotes healthy choices', 'Healthy eating'), ('Culture of eating that promotes healthy choices', 'Mental well-being'), ('Weight bias', 'Exercise'), ('Obesity', 'Dysfunctional adipose tissue'), ('Medications', 'Tiredness'), ('Inflammation', 'Insulin resistance'), ('Anticonvulsants', 'Appetite'), ('Inflammation', 'Auto-inflammatory diseases'), ('Accessibility to shops', 'Utilitarian physical activity '), ('Blood fatty acid level', 'Adipose storage of fatty acids'), ('Perceived environmental safety', 'Physical activity'), ('Short sleep duration', 'Physical well-being'), ('Cultural norms around thinness', 'Pressure to be thin'), ('Weight bias', 'Access to health professionals'), ('Public health messaging around thinness', 'Pressure to be thin'), ('Dysfunctional adipose tissue', 'Blood pressure'), ('Dysfunctional adipose tissue', 'Dyslipidemia'), ('Aesthetics', 'Utilitarian physical activity '), ('Obesity', 'Unhealthy weight control practices'), ('Obesity', 'Asthma-like symptoms'), ('Marketing ratio of unhealthy to healthy foods', 'Supportive food environment'), ('Dyslipidemia', 'Atherosclerosis'), ('Physical well-being', 'Mental well-being'), ('Public support and demand for healthy products', 'Cost of unhealthy foods'), ('Musculoskeletal pain', 'Physical well-being'), ('Coronary heart diseases', 'Exercise')]"
4,"[('Culture of eating that promotes healthy choices', 'Adipose storage of fatty acids'), ('Physical well-being', 'Inflammation'), ('Depression', 'Cortisol'), ('Medical perspective that thin is good', 'Blood fatty acid level'), ('Pressure to be thin', 'Short sleep duration'), ('Mental well-being', 'Pro-inflammatory cytokines'), ('Resilience', 'Ability to engage in physical activity'), ('Cultural norms around thinness', 'Release of adipokines'), ('Control', 'Blood glucose level'), ('Weight bias', 'Dyslipidemia'), ('Poor body image', 'Unhealthy weight control practices'), ('Stress', 'Blood pressure'), ('Public health messaging around thinness', 'Obesity'), ('Socio-economic status', 'Sodium intake')]",1,-1,1,-1,-1,"[('Culture of eating that promotes healthy choices', 'Physical well-being'), ('Weight bias', 'Socio-economic status'), ('Mental well-being', 'Physical well-being'), ('Socio-economic status', 'Stress'), ('Control', 'Mental well-being'), ('Socio-economic status', 'Physical well-being'), ('Public health messaging around thinness', 'Weight bias'), ('Resilience', 'Mental well-being'), ('Medical perspective that thin is good', 'Public health messaging around thinness'), ('Weight bias', 'Depression'), ('Control', 'Stress'), ('Socio-economic status', 'Mental well-being'), ('Medical perspective that thin is good', 'Cultural norms around thinness'), ('Weight bias', 'Mental well-being'), ('Cultural norms around thinness', 'Cultural norms around thinness'), ('Cultural norms around thinness', 'Poor body image'), ('Weight bias', 'Stress'), ('Poor body image', 'Poor body image'), ('Socio-economic status', 'Control'), ('Weight bias', 'Poor body image'), ('Pressure to be thin', 'Poor body image'), ('Depression', 'Stress'), ('Poor body image', 'Depression'), ('Culture of eating that promotes healthy choices', 'Mental well-being'), ('Cultural norms around thinness', 'Pressure to be thin'), ('Public health messaging around thinness', 'Pressure to be thin'), ('Physical well-being', 'Mental well-being')]","[('Medications', 'Balance'), ('Secretion of inflammatory molecules by adipose cells', 'Insulin resistance'), ('Obesity', 'Obstructive sleep apnea'), ('Dyslipidemia', 'Blood pressure'), ('Obesity', 'Gastro-esophageal reflux disease'), ('Auto-inflammatory diseases', 'Inflammation'), ('Atherosclerosis', 'Coronary heart diseases'), ('Release of adipokines', 'Atherosclerosis'), ('Blood mono-unsaturated fatty acid level', 'Secretion of inflammatory molecules by adipose cells'), ('Insulin resistance', 'Fatty acids in the artery walls'), ('Insulin resistance', 'Cells intake of fatty acids'), ('Adipose storage of fatty acids', 'Inflammation'), ('Thoracic and abdominal obesity', 'Airway resistance'), ('Thoracic and abdominal obesity', 'Respiratory muscle fatigue'), ('Unhealthy weight control practices', 'Obesity'), ('Sodium retention', 'Blood pressure'), ('Short sleep duration', 'Pro-inflammatory cytokines'), ('Medications', 'Obesity'), ('Balance', 'Ability to engage in physical activity'), ('Short sleep duration', 'Cortisol'), ('Airway resistance', 'Asthma'), ('Short sleep duration', 'Blood pressure'), ('Fatty acids in the artery walls', 'Atherosclerosis'), ('Dyslipidemia', 'Insulin resistance'), ('Blood glucose level', 'Fatty acids in the artery walls'), ('Respiratory diseases', 'Ability to engage in physical activity'), ('Blood saturated fatty acid level', 'Secretion of inflammatory molecules by adipose cells'), ('Dysfunctional adipose tissue', 'Inflammation'), ('Coordination', 'Ability to engage in physical activity'), ('Obesity', 'Short sleep duration'), ('Inflammation', 'Asthma'), ('Coronary heart diseases', 'Dyspnea'), ('Tiredness', 'Ability to engage in physical activity'), ('Short sleep duration', 'Heart rate'), ('Blood fatty acid level', 'Blood glucose level'), ('Pro-inflammatory cytokines', 'Inflammation'), ('Respiratory muscle fatigue', 'Dyspnea'), ('Heart rate', 'Coronary heart diseases'), ('Medications', 'Coordination'), ('Beta blockers', 'Ability to engage in physical activity'), ('Sodium intake', 'Blood pressure'), ('Airway resistance', 'Asthma-like symptoms'), ('Medications', 'Concentration'), ('Cells intake of fatty acids', 'Adipose storage of fatty acids'), ('Physical pain', 'Ability to engage in physical activity'), ('Concentration', 'Ability to engage in physical activity'), ('Obesity', 'Release of adipokines'), ('Blood glucose level', 'Sodium retention'), ('Stimulants', 'Short sleep duration'), ('Obesity', 'Dysfunctional adipose tissue'), ('Medications', 'Tiredness'), ('Inflammation', 'Insulin resistance'), ('Inflammation', 'Auto-inflammatory diseases'), ('Blood fatty acid level', 'Adipose storage of fatty acids'), ('Dysfunctional adipose tissue', 'Blood pressure'), ('Dysfunctional adipose tissue', 'Dyslipidemia'), ('Obesity', 'Unhealthy weight control practices'), ('Obesity', 'Asthma-like symptoms'), ('Dyslipidemia', 'Atherosclerosis')]","[('Prevalence of walking trails', 'Quality of the sport infrastructure'), ('Medications', 'Balance'), ('Culture of eating that promotes healthy choices', 'Physical well-being'), ('Secretion of inflammatory molecules by adipose cells', 'Insulin resistance'), ('Presence of a vibrant community', 'Control'), ('Obesity', 'Weight bias'), ('Healthy eating', 'Blood mono-unsaturated fatty acid level'), ('Exercise', 'Heart rate'), ('Available time', 'Recreational physical activity'), ('Chronic conditions', 'Depression'), ('Exercise', 'Insulin resistance'), ('Weight bias', 'Socio-economic status'), ('Mental well-being', 'Physical well-being'), ('Obesity', 'Obstructive sleep apnea'), ('Eating disorders', 'Healthy eating'), ('Consumer demand for regulations', 'Marketing of healthy foods'), ('Dyslipidemia', 'Blood pressure'), ('Obesity', 'Gastro-esophageal reflux disease'), ('Perceived environmental safety', 'Mental well-being'), ('Late night TV watching', 'Short sleep duration'), ('Auto-inflammatory diseases', 'Inflammation'), ('Depression', 'Healthy eating'), ('Socio-economic status', 'Stress'), ('Exercise', 'Blood glucose level'), ('Public support and demand for healthy products', 'Marketing of healthy foods'), ('Unhealthy foods are cheaper than healthy ones', 'Supportive food environment'), ('Control', 'Mental well-being'), ('Atherosclerosis', 'Coronary heart diseases'), ('Socio-economic status', 'Physical well-being'), ('Ability to engage in physical activity', 'Physical activity'), ('Public health messaging around thinness', 'Weight bias'), ('Public support and demand for healthy products', 'Availability of healthy foods'), ('Release of adipokines', 'Atherosclerosis'), ('Consumer demand for regulations', 'Marketing of unhealthy foods'), ('Resilience', 'Mental well-being'), ('Blood mono-unsaturated fatty acid level', 'Secretion of inflammatory molecules by adipose cells'), ('Medical perspective that thin is good', 'Public health messaging around thinness'), ('Mental well-being', 'Medications'), ('Sexual difficulties', 'Mental well-being'), ('Insulin resistance', 'Fatty acids in the artery walls'), ('Insulin resistance', 'Cells intake of fatty acids'), ('Sidewalk prevalence and maintenance', 'Utilitarian physical activity '), ('Adipose storage of fatty acids', 'Inflammation'), ('Socio-economic status', 'Exercise'), ('Thoracic and abdominal obesity', 'Airway resistance'), ('Healthy eating', 'Short sleep duration'), ('Perceived environmental safety', 'Physical well-being'), ('Weight bias', 'Depression'), ('Emotional eating', 'Mental well-being'), ('Late night TV watching', 'Healthy eating'), ('Control', 'Stress'), ('Aesthetics', 'Physical well-being'), ('Economic incentives to produce unhealthy food products', 'Cost of unhealthy foods'), ('Supportive food environment', 'Healthy eating'), ('Appetite', 'Physical well-being'), ('Thoracic and abdominal obesity', 'Respiratory muscle fatigue'), ('Cardiovascular diseases', 'Fear of engaging in physical activity'), ('Socio-economic status', 'Mental well-being'), ('Unhealthy weight control practices', 'Obesity'), ('Exercise', 'Blood pressure'), ('Sodium retention', 'Blood pressure'), ('Short sleep duration', 'Pro-inflammatory cytokines'), ('Medications', 'Obesity'), ('Short sleep duration', 'Appetite'), ('Balance', 'Ability to engage in physical activity'), ('Short sleep duration', 'Cortisol'), ('Airway resistance', 'Asthma'), ('Short sleep duration', 'Blood pressure'), ('Medical perspective that thin is good', 'Cultural norms around thinness'), ('Healthy eating', 'Blood glucose level'), ('Mental well-being', 'Anticonvulsants'), ('Fatty acids in the artery walls', 'Atherosclerosis'), ('Dyslipidemia', 'Insulin resistance'), ('Blood glucose level', 'Fatty acids in the artery walls'), ('Respiratory diseases', 'Ability to engage in physical activity'), ('Blood saturated fatty acid level', 'Secretion of inflammatory molecules by adipose cells'), ('Dysfunctional adipose tissue', 'Inflammation'), ('Weight bias', 'Mental well-being'), ('Coordination', 'Ability to engage in physical activity'), ('Cultural norms around thinness', 'Cultural norms around thinness'), ('Cultural norms around thinness', 'Poor body image'), ('Obesity', 'Short sleep duration'), ('Inflammation', 'Asthma'), ('Healthy eating', 'Sodium intake'), ('Cultural norms around thinness', 'Eating disorders'), ('Poor body image', 'Sexual difficulties'), ('Fear of engaging in physical activity', 'Physical activity'), ('Short sleep duration', 'Healthy eating'), ('Coronary heart diseases', 'Dyspnea'), ('Stress', 'Inflammation'), ('Weight bias', 'Stress'), ('Unhealthy weight control practices', 'Eating disorders'), ('Tiredness', 'Ability to engage in physical activity'), ('Short sleep duration', 'Heart rate'), ('Prevalence of bike trails', 'Quality of the sport infrastructure'), ('Exercise', 'Blood fatty acid level'), ('Mental well-being', 'Emotional eating'), ('Poor body image', 'Poor body image'), ('Blood fatty acid level', 'Blood glucose level'), ('Cardiovascular diseases', 'Depression'), ('Pro-inflammatory cytokines', 'Inflammation'), ('Prevalence of green fields', 'Quality of the sport infrastructure'), ('Mental well-being', 'Antipsychotics'), ('Socio-economic status', 'Control'), ('Weight bias', 'Poor body image'), ('Positive experience of sports', 'Recreational physical activity'), ('Public support and demand for healthy products', 'Cost of healthy foods'), ('Socio-economic status', 'Availability of healthy foods'), ('Cardiovascular diseases', 'Physical well-being'), ('Respiratory muscle fatigue', 'Dyspnea'), ('Heart rate', 'Coronary heart diseases'), ('Pressure to be thin', 'Poor body image'), ('Medications', 'Coordination'), ('Beta blockers', 'Ability to engage in physical activity'), ('Antipsychotics', 'Appetite'), ('Sodium intake', 'Blood pressure'), ('Pressure to be thin', 'Unhealthy weight control practices'), ('Airway resistance', 'Asthma-like symptoms'), ('Depression', 'Stress'), ('Medications', 'Concentration'), ('Public support and demand for healthy products', 'Marketing of unhealthy foods'), ('Poor body image', 'Eating disorders'), ('Emotional eating', 'Healthy eating'), ('Obesity', 'Access to health professionals'), ('Obesity', 'Mental well-being'), ('Unhealthy foods are more available than healthy ones', 'Supportive food environment'), ('Healthy eating', 'Blood saturated fatty acid level'), ('Presence of a vibrant community', 'Resilience'), ('Cells intake of fatty acids', 'Adipose storage of fatty acids'), ('Physical activity', 'Physical well-being'), ('Appetite', 'Healthy eating'), ('Aesthetics', 'Stress'), ('Chronic conditions', 'Mental well-being'), ('Weight bias', 'Positive experience of sports'), ('Healthy eating', 'Dyslipidemia'), ('Quality of the sport infrastructure', 'Recreational physical activity'), ('Physical pain', 'Ability to engage in physical activity'), ('Prevalence of green fields', 'Aesthetics'), ('Concentration', 'Ability to engage in physical activity'), ('Aesthetics', 'Mental well-being'), ('Poor body image', 'Depression'), ('Chronic conditions', 'Physical well-being'), ('Obesity', 'Release of adipokines'), ('Blood glucose level', 'Sodium retention'), ('Restrictive covenants', 'Availability of healthy foods'), ('Musculoskeletal pain', 'Mental well-being'), ('Weight bias', 'Unhealthy weight control practices'), ('Physical activity', 'Mental well-being'), ('Access to health professionals', 'Ability to engage in physical activity'), ('Stimulants', 'Short sleep duration'), ('Culture of eating that promotes healthy choices', 'Healthy eating'), ('Culture of eating that promotes healthy choices', 'Mental well-being'), ('Weight bias', 'Exercise'), ('Obesity', 'Dysfunctional adipose tissue'), ('Medications', 'Tiredness'), ('Inflammation', 'Insulin resistance'), ('Anticonvulsants', 'Appetite'), ('Inflammation', 'Auto-inflammatory diseases'), ('Accessibility to shops', 'Utilitarian physical activity '), ('Blood fatty acid level', 'Adipose storage of fatty acids'), ('Perceived environmental safety', 'Physical activity'), ('Short sleep duration', 'Physical well-being'), ('Cultural norms around thinness', 'Pressure to be thin'), ('Weight bias', 'Access to health professionals'), ('Public health messaging around thinness', 'Pressure to be thin'), ('Dysfunctional adipose tissue', 'Blood pressure'), ('Dysfunctional adipose tissue', 'Dyslipidemia'), ('Aesthetics', 'Utilitarian physical activity '), ('Obesity', 'Unhealthy weight control practices'), ('Obesity', 'Asthma-like symptoms'), ('Marketing ratio of unhealthy to healthy foods', 'Supportive food environment'), ('Dyslipidemia', 'Atherosclerosis'), ('Physical well-being', 'Mental well-being'), ('Public support and demand for healthy products', 'Cost of unhealthy foods'), ('Musculoskeletal pain', 'Physical well-being'), ('Coronary heart diseases', 'Exercise')]"
0,"[('Poor body image', 'Unhealthy weight control practices'), ('Resilience', 'Ability to engage in physical activity'), ('Cultural norms around thinness', 'Obesity'), ('Pressure to be thin', 'Unhealthy weight control practices'), ('Control', 'Blood pressure'), ('Stress', 'Cortisol'), ('Socio-economic status', 'Obesity'), ('Weight bias', 'Obesity'), ('Mental well-being', 'Ability to engage in physical activity'), ('Physical well-being', 'Ability to engage in physical activity'), ('Depression', 'Inflammation')]",1,1,-1,1,1,"[('Culture of eating that promotes healthy choices', 'Physical well-being'), ('Weight bias', 'Socio-economic status'), ('Mental well-being', 'Physical well-being'), ('Socio-economic status', 'Stress'), ('Control', 'Mental well-being'), ('Socio-economic status', 'Physical well-being'), ('Public health messaging around thinness', 'Weight bias'), ('Resilience', 'Mental well-being'), ('Medical perspective that thin is good', 'Public health messaging around thinness'), ('Weight bias', 'Depression'), ('Control', 'Stress'), ('Socio-economic status', 'Mental well-being'), ('Medical perspective that thin is good', 'Cultural norms around thinness'), ('Weight bias', 'Mental well-being'), ('Cultural norms around thinness', 'Cultural norms around thinness'), ('Cultural norms around thinness', 'Poor body image'), ('Weight bias', 'Stress'), ('Poor body image', 'Poor body image'), ('Socio-economic status', 'Control'), ('Weight bias', 'Poor body image'), ('Pressure to be thin', 'Poor body image'), ('Depression', 'Stress'), ('Poor body image', 'Depression'), ('Culture of eating that promotes healthy choices', 'Mental well-being'), ('Cultural norms around thinness', 'Pressure to be thin'), ('Public health messaging around thinness', 'Pressure to be thin'), ('Physical well-being', 'Mental well-being')]","[('Medications', 'Balance'), ('Secretion of inflammatory molecules by adipose cells', 'Insulin resistance'), ('Obesity', 'Obstructive sleep apnea'), ('Dyslipidemia', 'Blood pressure'), ('Obesity', 'Gastro-esophageal reflux disease'), ('Auto-inflammatory diseases', 'Inflammation'), ('Atherosclerosis', 'Coronary heart diseases'), ('Release of adipokines', 'Atherosclerosis'), ('Blood mono-unsaturated fatty acid level', 'Secretion of inflammatory molecules by adipose cells'), ('Insulin resistance', 'Fatty acids in the artery walls'), ('Insulin resistance', 'Cells intake of fatty acids'), ('Adipose storage of fatty acids', 'Inflammation'), ('Thoracic and abdominal obesity', 'Airway resistance'), ('Thoracic and abdominal obesity', 'Respiratory muscle fatigue'), ('Unhealthy weight control practices', 'Obesity'), ('Sodium retention', 'Blood pressure'), ('Short sleep duration', 'Pro-inflammatory cytokines'), ('Medications', 'Obesity'), ('Balance', 'Ability to engage in physical activity'), ('Short sleep duration', 'Cortisol'), ('Airway resistance', 'Asthma'), ('Short sleep duration', 'Blood pressure'), ('Fatty acids in the artery walls', 'Atherosclerosis'), ('Dyslipidemia', 'Insulin resistance'), ('Blood glucose level', 'Fatty acids in the artery walls'), ('Respiratory diseases', 'Ability to engage in physical activity'), ('Blood saturated fatty acid level', 'Secretion of inflammatory molecules by adipose cells'), ('Dysfunctional adipose tissue', 'Inflammation'), ('Coordination', 'Ability to engage in physical activity'), ('Obesity', 'Short sleep duration'), ('Inflammation', 'Asthma'), ('Coronary heart diseases', 'Dyspnea'), ('Tiredness', 'Ability to engage in physical activity'), ('Short sleep duration', 'Heart rate'), ('Blood fatty acid level', 'Blood glucose level'), ('Pro-inflammatory cytokines', 'Inflammation'), ('Respiratory muscle fatigue', 'Dyspnea'), ('Heart rate', 'Coronary heart diseases'), ('Medications', 'Coordination'), ('Beta blockers', 'Ability to engage in physical activity'), ('Sodium intake', 'Blood pressure'), ('Airway resistance', 'Asthma-like symptoms'), ('Medications', 'Concentration'), ('Cells intake of fatty acids', 'Adipose storage of fatty acids'), ('Physical pain', 'Ability to engage in physical activity'), ('Concentration', 'Ability to engage in physical activity'), ('Obesity', 'Release of adipokines'), ('Blood glucose level', 'Sodium retention'), ('Stimulants', 'Short sleep duration'), ('Obesity', 'Dysfunctional adipose tissue'), ('Medications', 'Tiredness'), ('Inflammation', 'Insulin resistance'), ('Inflammation', 'Auto-inflammatory diseases'), ('Blood fatty acid level', 'Adipose storage of fatty acids'), ('Dysfunctional adipose tissue', 'Blood pressure'), ('Dysfunctional adipose tissue', 'Dyslipidemia'), ('Obesity', 'Unhealthy weight control practices'), ('Obesity', 'Asthma-like symptoms'), ('Dyslipidemia', 'Atherosclerosis')]","[('Prevalence of walking trails', 'Quality of the sport infrastructure'), ('Medications', 'Balance'), ('Culture of eating that promotes healthy choices', 'Physical well-being'), ('Secretion of inflammatory molecules by adipose cells', 'Insulin resistance'), ('Presence of a vibrant community', 'Control'), ('Obesity', 'Weight bias'), ('Healthy eating', 'Blood mono-unsaturated fatty acid level'), ('Exercise', 'Heart rate'), ('Available time', 'Recreational physical activity'), ('Chronic conditions', 'Depression'), ('Exercise', 'Insulin resistance'), ('Weight bias', 'Socio-economic status'), ('Mental well-being', 'Physical well-being'), ('Obesity', 'Obstructive sleep apnea'), ('Eating disorders', 'Healthy eating'), ('Consumer demand for regulations', 'Marketing of healthy foods'), ('Dyslipidemia', 'Blood pressure'), ('Obesity', 'Gastro-esophageal reflux disease'), ('Perceived environmental safety', 'Mental well-being'), ('Late night TV watching', 'Short sleep duration'), ('Auto-inflammatory diseases', 'Inflammation'), ('Depression', 'Healthy eating'), ('Socio-economic status', 'Stress'), ('Exercise', 'Blood glucose level'), ('Public support and demand for healthy products', 'Marketing of healthy foods'), ('Unhealthy foods are cheaper than healthy ones', 'Supportive food environment'), ('Control', 'Mental well-being'), ('Atherosclerosis', 'Coronary heart diseases'), ('Socio-economic status', 'Physical well-being'), ('Ability to engage in physical activity', 'Physical activity'), ('Public health messaging around thinness', 'Weight bias'), ('Public support and demand for healthy products', 'Availability of healthy foods'), ('Release of adipokines', 'Atherosclerosis'), ('Consumer demand for regulations', 'Marketing of unhealthy foods'), ('Resilience', 'Mental well-being'), ('Blood mono-unsaturated fatty acid level', 'Secretion of inflammatory molecules by adipose cells'), ('Medical perspective that thin is good', 'Public health messaging around thinness'), ('Mental well-being', 'Medications'), ('Sexual difficulties', 'Mental well-being'), ('Insulin resistance', 'Fatty acids in the artery walls'), ('Insulin resistance', 'Cells intake of fatty acids'), ('Sidewalk prevalence and maintenance', 'Utilitarian physical activity '), ('Adipose storage of fatty acids', 'Inflammation'), ('Socio-economic status', 'Exercise'), ('Thoracic and abdominal obesity', 'Airway resistance'), ('Healthy eating', 'Short sleep duration'), ('Perceived environmental safety', 'Physical well-being'), ('Weight bias', 'Depression'), ('Emotional eating', 'Mental well-being'), ('Late night TV watching', 'Healthy eating'), ('Control', 'Stress'), ('Aesthetics', 'Physical well-being'), ('Economic incentives to produce unhealthy food products', 'Cost of unhealthy foods'), ('Supportive food environment', 'Healthy eating'), ('Appetite', 'Physical well-being'), ('Thoracic and abdominal obesity', 'Respiratory muscle fatigue'), ('Cardiovascular diseases', 'Fear of engaging in physical activity'), ('Socio-economic status', 'Mental well-being'), ('Unhealthy weight control practices', 'Obesity'), ('Exercise', 'Blood pressure'), ('Sodium retention', 'Blood pressure'), ('Short sleep duration', 'Pro-inflammatory cytokines'), ('Medications', 'Obesity'), ('Short sleep duration', 'Appetite'), ('Balance', 'Ability to engage in physical activity'), ('Short sleep duration', 'Cortisol'), ('Airway resistance', 'Asthma'), ('Short sleep duration', 'Blood pressure'), ('Medical perspective that thin is good', 'Cultural norms around thinness'), ('Healthy eating', 'Blood glucose level'), ('Mental well-being', 'Anticonvulsants'), ('Fatty acids in the artery walls', 'Atherosclerosis'), ('Dyslipidemia', 'Insulin resistance'), ('Blood glucose level', 'Fatty acids in the artery walls'), ('Respiratory diseases', 'Ability to engage in physical activity'), ('Blood saturated fatty acid level', 'Secretion of inflammatory molecules by adipose cells'), ('Dysfunctional adipose tissue', 'Inflammation'), ('Weight bias', 'Mental well-being'), ('Coordination', 'Ability to engage in physical activity'), ('Cultural norms around thinness', 'Cultural norms around thinness'), ('Cultural norms around thinness', 'Poor body image'), ('Obesity', 'Short sleep duration'), ('Inflammation', 'Asthma'), ('Healthy eating', 'Sodium intake'), ('Cultural norms around thinness', 'Eating disorders'), ('Poor body image', 'Sexual difficulties'), ('Fear of engaging in physical activity', 'Physical activity'), ('Short sleep duration', 'Healthy eating'), ('Coronary heart diseases', 'Dyspnea'), ('Stress', 'Inflammation'), ('Weight bias', 'Stress'), ('Unhealthy weight control practices', 'Eating disorders'), ('Tiredness', 'Ability to engage in physical activity'), ('Short sleep duration', 'Heart rate'), ('Prevalence of bike trails', 'Quality of the sport infrastructure'), ('Exercise', 'Blood fatty acid level'), ('Mental well-being', 'Emotional eating'), ('Poor body image', 'Poor body image'), ('Blood fatty acid level', 'Blood glucose level'), ('Cardiovascular diseases', 'Depression'), ('Pro-inflammatory cytokines', 'Inflammation'), ('Prevalence of green fields', 'Quality of the sport infrastructure'), ('Mental well-being', 'Antipsychotics'), ('Socio-economic status', 'Control'), ('Weight bias', 'Poor body image'), ('Positive experience of sports', 'Recreational physical activity'), ('Public support and demand for healthy products', 'Cost of healthy foods'), ('Socio-economic status', 'Availability of healthy foods'), ('Cardiovascular diseases', 'Physical well-being'), ('Respiratory muscle fatigue', 'Dyspnea'), ('Heart rate', 'Coronary heart diseases'), ('Pressure to be thin', 'Poor body image'), ('Medications', 'Coordination'), ('Beta blockers', 'Ability to engage in physical activity'), ('Antipsychotics', 'Appetite'), ('Sodium intake', 'Blood pressure'), ('Pressure to be thin', 'Unhealthy weight control practices'), ('Airway resistance', 'Asthma-like symptoms'), ('Depression', 'Stress'), ('Medications', 'Concentration'), ('Public support and demand for healthy products', 'Marketing of unhealthy foods'), ('Poor body image', 'Eating disorders'), ('Emotional eating', 'Healthy eating'), ('Obesity', 'Access to health professionals'), ('Obesity', 'Mental well-being'), ('Unhealthy foods are more available than healthy ones', 'Supportive food environment'), ('Healthy eating', 'Blood saturated fatty acid level'), ('Presence of a vibrant community', 'Resilience'), ('Cells intake of fatty acids', 'Adipose storage of fatty acids'), ('Physical activity', 'Physical well-being'), ('Appetite', 'Healthy eating'), ('Aesthetics', 'Stress'), ('Chronic conditions', 'Mental well-being'), ('Weight bias', 'Positive experience of sports'), ('Healthy eating', 'Dyslipidemia'), ('Quality of the sport infrastructure', 'Recreational physical activity'), ('Physical pain', 'Ability to engage in physical activity'), ('Prevalence of green fields', 'Aesthetics'), ('Concentration', 'Ability to engage in physical activity'), ('Aesthetics', 'Mental well-being'), ('Poor body image', 'Depression'), ('Chronic conditions', 'Physical well-being'), ('Obesity', 'Release of adipokines'), ('Blood glucose level', 'Sodium retention'), ('Restrictive covenants', 'Availability of healthy foods'), ('Musculoskeletal pain', 'Mental well-being'), ('Weight bias', 'Unhealthy weight control practices'), ('Physical activity', 'Mental well-being'), ('Access to health professionals', 'Ability to engage in physical activity'), ('Stimulants', 'Short sleep duration'), ('Culture of eating that promotes healthy choices', 'Healthy eating'), ('Culture of eating that promotes healthy choices', 'Mental well-being'), ('Weight bias', 'Exercise'), ('Obesity', 'Dysfunctional adipose tissue'), ('Medications', 'Tiredness'), ('Inflammation', 'Insulin resistance'), ('Anticonvulsants', 'Appetite'), ('Inflammation', 'Auto-inflammatory diseases'), ('Accessibility to shops', 'Utilitarian physical activity '), ('Blood fatty acid level', 'Adipose storage of fatty acids'), ('Perceived environmental safety', 'Physical activity'), ('Short sleep duration', 'Physical well-being'), ('Cultural norms around thinness', 'Pressure to be thin'), ('Weight bias', 'Access to health professionals'), ('Public health messaging around thinness', 'Pressure to be thin'), ('Dysfunctional adipose tissue', 'Blood pressure'), ('Dysfunctional adipose tissue', 'Dyslipidemia'), ('Aesthetics', 'Utilitarian physical activity '), ('Obesity', 'Unhealthy weight control practices'), ('Obesity', 'Asthma-like symptoms'), ('Marketing ratio of unhealthy to healthy foods', 'Supportive food environment'), ('Dyslipidemia', 'Atherosclerosis'), ('Physical well-being', 'Mental well-being'), ('Public support and demand for healthy products', 'Cost of unhealthy foods'), ('Musculoskeletal pain', 'Physical well-being'), ('Coronary heart diseases', 'Exercise')]"
1,"[('Poor body image', 'Unhealthy weight control practices'), ('Resilience', 'Ability to engage in physical activity'), ('Cultural norms around thinness', 'Obesity'), ('Pressure to be thin', 'Unhealthy weight control practices'), ('Control', 'Blood pressure'), ('Stress', 'Cortisol'), ('Socio-economic status', 'Obesity'), ('Weight bias', 'Obesity'), ('Mental well-being', 'Ability to engage in physical activity'), ('Physical well-being', 'Ability to engage in physical activity'), ('Depression', 'Inflammation')]",1,1,-1,1,1,"[('Culture of eating that promotes healthy choices', 'Physical well-being'), ('Weight bias', 'Socio-economic status'), ('Mental well-being', 'Physical well-being'), ('Socio-economic status', 'Stress'), ('Control', 'Mental well-being'), ('Socio-economic status', 'Physical well-being'), ('Public health messaging around thinness', 'Weight bias'), ('Resilience', 'Mental well-being'), ('Medical perspective that thin is good', 'Public health messaging around thinness'), ('Weight bias', 'Depression'), ('Control', 'Stress'), ('Socio-economic status', 'Mental well-being'), ('Medical perspective that thin is good', 'Cultural norms around thinness'), ('Weight bias', 'Mental well-being'), ('Cultural norms around thinness', 'Cultural norms around thinness'), ('Cultural norms around thinness', 'Poor body image'), ('Weight bias', 'Stress'), ('Poor body image', 'Poor body image'), ('Socio-economic status', 'Control'), ('Weight bias', 'Poor body image'), ('Pressure to be thin', 'Poor body image'), ('Depression', 'Stress'), ('Poor body image', 'Depression'), ('Culture of eating that promotes healthy choices', 'Mental well-being'), ('Cultural norms around thinness', 'Pressure to be thin'), ('Public health messaging around thinness', 'Pressure to be thin'), ('Physical well-being', 'Mental well-being')]","[('Medications', 'Balance'), ('Secretion of inflammatory molecules by adipose cells', 'Insulin resistance'), ('Obesity', 'Obstructive sleep apnea'), ('Dyslipidemia', 'Blood pressure'), ('Obesity', 'Gastro-esophageal reflux disease'), ('Auto-inflammatory diseases', 'Inflammation'), ('Atherosclerosis', 'Coronary heart diseases'), ('Release of adipokines', 'Atherosclerosis'), ('Blood mono-unsaturated fatty acid level', 'Secretion of inflammatory molecules by adipose cells'), ('Insulin resistance', 'Fatty acids in the artery walls'), ('Insulin resistance', 'Cells intake of fatty acids'), ('Adipose storage of fatty acids', 'Inflammation'), ('Thoracic and abdominal obesity', 'Airway resistance'), ('Thoracic and abdominal obesity', 'Respiratory muscle fatigue'), ('Unhealthy weight control practices', 'Obesity'), ('Sodium retention', 'Blood pressure'), ('Short sleep duration', 'Pro-inflammatory cytokines'), ('Medications', 'Obesity'), ('Balance', 'Ability to engage in physical activity'), ('Short sleep duration', 'Cortisol'), ('Airway resistance', 'Asthma'), ('Short sleep duration', 'Blood pressure'), ('Fatty acids in the artery walls', 'Atherosclerosis'), ('Dyslipidemia', 'Insulin resistance'), ('Blood glucose level', 'Fatty acids in the artery walls'), ('Respiratory diseases', 'Ability to engage in physical activity'), ('Blood saturated fatty acid level', 'Secretion of inflammatory molecules by adipose cells'), ('Dysfunctional adipose tissue', 'Inflammation'), ('Coordination', 'Ability to engage in physical activity'), ('Obesity', 'Short sleep duration'), ('Inflammation', 'Asthma'), ('Coronary heart diseases', 'Dyspnea'), ('Tiredness', 'Ability to engage in physical activity'), ('Short sleep duration', 'Heart rate'), ('Blood fatty acid level', 'Blood glucose level'), ('Pro-inflammatory cytokines', 'Inflammation'), ('Respiratory muscle fatigue', 'Dyspnea'), ('Heart rate', 'Coronary heart diseases'), ('Medications', 'Coordination'), ('Beta blockers', 'Ability to engage in physical activity'), ('Sodium intake', 'Blood pressure'), ('Airway resistance', 'Asthma-like symptoms'), ('Medications', 'Concentration'), ('Cells intake of fatty acids', 'Adipose storage of fatty acids'), ('Physical pain', 'Ability to engage in physical activity'), ('Concentration', 'Ability to engage in physical activity'), ('Obesity', 'Release of adipokines'), ('Blood glucose level', 'Sodium retention'), ('Stimulants', 'Short sleep duration'), ('Obesity', 'Dysfunctional adipose tissue'), ('Medications', 'Tiredness'), ('Inflammation', 'Insulin resistance'), ('Inflammation', 'Auto-inflammatory diseases'), ('Blood fatty acid level', 'Adipose storage of fatty acids'), ('Dysfunctional adipose tissue', 'Blood pressure'), ('Dysfunctional adipose tissue', 'Dyslipidemia'), ('Obesity', 'Unhealthy weight control practices'), ('Obesity', 'Asthma-like symptoms'), ('Dyslipidemia', 'Atherosclerosis')]","[('Prevalence of walking trails', 'Quality of the sport infrastructure'), ('Medications', 'Balance'), ('Culture of eating that promotes healthy choices', 'Physical well-being'), ('Secretion of inflammatory molecules by adipose cells', 'Insulin resistance'), ('Presence of a vibrant community', 'Control'), ('Obesity', 'Weight bias'), ('Healthy eating', 'Blood mono-unsaturated fatty acid level'), ('Exercise', 'Heart rate'), ('Available time', 'Recreational physical activity'), ('Chronic conditions', 'Depression'), ('Exercise', 'Insulin resistance'), ('Weight bias', 'Socio-economic status'), ('Mental well-being', 'Physical well-being'), ('Obesity', 'Obstructive sleep apnea'), ('Eating disorders', 'Healthy eating'), ('Consumer demand for regulations', 'Marketing of healthy foods'), ('Dyslipidemia', 'Blood pressure'), ('Obesity', 'Gastro-esophageal reflux disease'), ('Perceived environmental safety', 'Mental well-being'), ('Late night TV watching', 'Short sleep duration'), ('Auto-inflammatory diseases', 'Inflammation'), ('Depression', 'Healthy eating'), ('Socio-economic status', 'Stress'), ('Exercise', 'Blood glucose level'), ('Public support and demand for healthy products', 'Marketing of healthy foods'), ('Unhealthy foods are cheaper than healthy ones', 'Supportive food environment'), ('Control', 'Mental well-being'), ('Atherosclerosis', 'Coronary heart diseases'), ('Socio-economic status', 'Physical well-being'), ('Ability to engage in physical activity', 'Physical activity'), ('Public health messaging around thinness', 'Weight bias'), ('Public support and demand for healthy products', 'Availability of healthy foods'), ('Release of adipokines', 'Atherosclerosis'), ('Consumer demand for regulations', 'Marketing of unhealthy foods'), ('Resilience', 'Mental well-being'), ('Blood mono-unsaturated fatty acid level', 'Secretion of inflammatory molecules by adipose cells'), ('Medical perspective that thin is good', 'Public health messaging around thinness'), ('Mental well-being', 'Medications'), ('Sexual difficulties', 'Mental well-being'), ('Insulin resistance', 'Fatty acids in the artery walls'), ('Insulin resistance', 'Cells intake of fatty acids'), ('Sidewalk prevalence and maintenance', 'Utilitarian physical activity '), ('Adipose storage of fatty acids', 'Inflammation'), ('Socio-economic status', 'Exercise'), ('Thoracic and abdominal obesity', 'Airway resistance'), ('Healthy eating', 'Short sleep duration'), ('Perceived environmental safety', 'Physical well-being'), ('Weight bias', 'Depression'), ('Emotional eating', 'Mental well-being'), ('Late night TV watching', 'Healthy eating'), ('Control', 'Stress'), ('Aesthetics', 'Physical well-being'), ('Economic incentives to produce unhealthy food products', 'Cost of unhealthy foods'), ('Supportive food environment', 'Healthy eating'), ('Appetite', 'Physical well-being'), ('Thoracic and abdominal obesity', 'Respiratory muscle fatigue'), ('Cardiovascular diseases', 'Fear of engaging in physical activity'), ('Socio-economic status', 'Mental well-being'), ('Unhealthy weight control practices', 'Obesity'), ('Exercise', 'Blood pressure'), ('Sodium retention', 'Blood pressure'), ('Short sleep duration', 'Pro-inflammatory cytokines'), ('Medications', 'Obesity'), ('Short sleep duration', 'Appetite'), ('Balance', 'Ability to engage in physical activity'), ('Short sleep duration', 'Cortisol'), ('Airway resistance', 'Asthma'), ('Short sleep duration', 'Blood pressure'), ('Medical perspective that thin is good', 'Cultural norms around thinness'), ('Healthy eating', 'Blood glucose level'), ('Mental well-being', 'Anticonvulsants'), ('Fatty acids in the artery walls', 'Atherosclerosis'), ('Dyslipidemia', 'Insulin resistance'), ('Blood glucose level', 'Fatty acids in the artery walls'), ('Respiratory diseases', 'Ability to engage in physical activity'), ('Blood saturated fatty acid level', 'Secretion of inflammatory molecules by adipose cells'), ('Dysfunctional adipose tissue', 'Inflammation'), ('Weight bias', 'Mental well-being'), ('Coordination', 'Ability to engage in physical activity'), ('Cultural norms around thinness', 'Cultural norms around thinness'), ('Cultural norms around thinness', 'Poor body image'), ('Obesity', 'Short sleep duration'), ('Inflammation', 'Asthma'), ('Healthy eating', 'Sodium intake'), ('Cultural norms around thinness', 'Eating disorders'), ('Poor body image', 'Sexual difficulties'), ('Fear of engaging in physical activity', 'Physical activity'), ('Short sleep duration', 'Healthy eating'), ('Coronary heart diseases', 'Dyspnea'), ('Stress', 'Inflammation'), ('Weight bias', 'Stress'), ('Unhealthy weight control practices', 'Eating disorders'), ('Tiredness', 'Ability to engage in physical activity'), ('Short sleep duration', 'Heart rate'), ('Prevalence of bike trails', 'Quality of the sport infrastructure'), ('Exercise', 'Blood fatty acid level'), ('Mental well-being', 'Emotional eating'), ('Poor body image', 'Poor body image'), ('Blood fatty acid level', 'Blood glucose level'), ('Cardiovascular diseases', 'Depression'), ('Pro-inflammatory cytokines', 'Inflammation'), ('Prevalence of green fields', 'Quality of the sport infrastructure'), ('Mental well-being', 'Antipsychotics'), ('Socio-economic status', 'Control'), ('Weight bias', 'Poor body image'), ('Positive experience of sports', 'Recreational physical activity'), ('Public support and demand for healthy products', 'Cost of healthy foods'), ('Socio-economic status', 'Availability of healthy foods'), ('Cardiovascular diseases', 'Physical well-being'), ('Respiratory muscle fatigue', 'Dyspnea'), ('Heart rate', 'Coronary heart diseases'), ('Pressure to be thin', 'Poor body image'), ('Medications', 'Coordination'), ('Beta blockers', 'Ability to engage in physical activity'), ('Antipsychotics', 'Appetite'), ('Sodium intake', 'Blood pressure'), ('Pressure to be thin', 'Unhealthy weight control practices'), ('Airway resistance', 'Asthma-like symptoms'), ('Depression', 'Stress'), ('Medications', 'Concentration'), ('Public support and demand for healthy products', 'Marketing of unhealthy foods'), ('Poor body image', 'Eating disorders'), ('Emotional eating', 'Healthy eating'), ('Obesity', 'Access to health professionals'), ('Obesity', 'Mental well-being'), ('Unhealthy foods are more available than healthy ones', 'Supportive food environment'), ('Healthy eating', 'Blood saturated fatty acid level'), ('Presence of a vibrant community', 'Resilience'), ('Cells intake of fatty acids', 'Adipose storage of fatty acids'), ('Physical activity', 'Physical well-being'), ('Appetite', 'Healthy eating'), ('Aesthetics', 'Stress'), ('Chronic conditions', 'Mental well-being'), ('Weight bias', 'Positive experience of sports'), ('Healthy eating', 'Dyslipidemia'), ('Quality of the sport infrastructure', 'Recreational physical activity'), ('Physical pain', 'Ability to engage in physical activity'), ('Prevalence of green fields', 'Aesthetics'), ('Concentration', 'Ability to engage in physical activity'), ('Aesthetics', 'Mental well-being'), ('Poor body image', 'Depression'), ('Chronic conditions', 'Physical well-being'), ('Obesity', 'Release of adipokines'), ('Blood glucose level', 'Sodium retention'), ('Restrictive covenants', 'Availability of healthy foods'), ('Musculoskeletal pain', 'Mental well-being'), ('Weight bias', 'Unhealthy weight control practices'), ('Physical activity', 'Mental well-being'), ('Access to health professionals', 'Ability to engage in physical activity'), ('Stimulants', 'Short sleep duration'), ('Culture of eating that promotes healthy choices', 'Healthy eating'), ('Culture of eating that promotes healthy choices', 'Mental well-being'), ('Weight bias', 'Exercise'), ('Obesity', 'Dysfunctional adipose tissue'), ('Medications', 'Tiredness'), ('Inflammation', 'Insulin resistance'), ('Anticonvulsants', 'Appetite'), ('Inflammation', 'Auto-inflammatory diseases'), ('Accessibility to shops', 'Utilitarian physical activity '), ('Blood fatty acid level', 'Adipose storage of fatty acids'), ('Perceived environmental safety', 'Physical activity'), ('Short sleep duration', 'Physical well-being'), ('Cultural norms around thinness', 'Pressure to be thin'), ('Weight bias', 'Access to health professionals'), ('Public health messaging around thinness', 'Pressure to be thin'), ('Dysfunctional adipose tissue', 'Blood pressure'), ('Dysfunctional adipose tissue', 'Dyslipidemia'), ('Aesthetics', 'Utilitarian physical activity '), ('Obesity', 'Unhealthy weight control practices'), ('Obesity', 'Asthma-like symptoms'), ('Marketing ratio of unhealthy to healthy foods', 'Supportive food environment'), ('Dyslipidemia', 'Atherosclerosis'), ('Physical well-being', 'Mental well-being'), ('Public support and demand for healthy products', 'Cost of unhealthy foods'), ('Musculoskeletal pain', 'Physical well-being'), ('Coronary heart diseases', 'Exercise')]"
2,"[('Poor body image', 'Unhealthy weight control practices'), ('Resilience', 'Ability to engage in physical activity'), ('Cultural norms around thinness', 'Obesity'), ('Pressure to be thin', 'Unhealthy weight control practices'), ('Control', 'Blood pressure'), ('Stress', 'Cortisol'), ('Socio-economic status', 'Obesity'), ('Weight bias', 'Obesity'), ('Mental well-being', 'Ability to engage in physical activity'), ('Physical well-being', 'Ability to engage in physical activity'), ('Depression', 'Inflammation')]",1,1,-1,1,1,"[('Culture of eating that promotes healthy choices', 'Physical well-being'), ('Weight bias', 'Socio-economic status'), ('Mental well-being', 'Physical well-being'), ('Socio-economic status', 'Stress'), ('Control', 'Mental well-being'), ('Socio-economic status', 'Physical well-being'), ('Public health messaging around thinness', 'Weight bias'), ('Resilience', 'Mental well-being'), ('Medical perspective that thin is good', 'Public health messaging around thinness'), ('Weight bias', 'Depression'), ('Control', 'Stress'), ('Socio-economic status', 'Mental well-being'), ('Medical perspective that thin is good', 'Cultural norms around thinness'), ('Weight bias', 'Mental well-being'), ('Cultural norms around thinness', 'Cultural norms around thinness'), ('Cultural norms around thinness', 'Poor body image'), ('Weight bias', 'Stress'), ('Poor body image', 'Poor body image'), ('Socio-economic status', 'Control'), ('Weight bias', 'Poor body image'), ('Pressure to be thin', 'Poor body image'), ('Depression', 'Stress'), ('Poor body image', 'Depression'), ('Culture of eating that promotes healthy choices', 'Mental well-being'), ('Cultural norms around thinness', 'Pressure to be thin'), ('Public health messaging around thinness', 'Pressure to be thin'), ('Physical well-being', 'Mental well-being')]","[('Medications', 'Balance'), ('Secretion of inflammatory molecules by adipose cells', 'Insulin resistance'), ('Obesity', 'Obstructive sleep apnea'), ('Dyslipidemia', 'Blood pressure'), ('Obesity', 'Gastro-esophageal reflux disease'), ('Auto-inflammatory diseases', 'Inflammation'), ('Atherosclerosis', 'Coronary heart diseases'), ('Release of adipokines', 'Atherosclerosis'), ('Blood mono-unsaturated fatty acid level', 'Secretion of inflammatory molecules by adipose cells'), ('Insulin resistance', 'Fatty acids in the artery walls'), ('Insulin resistance', 'Cells intake of fatty acids'), ('Adipose storage of fatty acids', 'Inflammation'), ('Thoracic and abdominal obesity', 'Airway resistance'), ('Thoracic and abdominal obesity', 'Respiratory muscle fatigue'), ('Unhealthy weight control practices', 'Obesity'), ('Sodium retention', 'Blood pressure'), ('Short sleep duration', 'Pro-inflammatory cytokines'), ('Medications', 'Obesity'), ('Balance', 'Ability to engage in physical activity'), ('Short sleep duration', 'Cortisol'), ('Airway resistance', 'Asthma'), ('Short sleep duration', 'Blood pressure'), ('Fatty acids in the artery walls', 'Atherosclerosis'), ('Dyslipidemia', 'Insulin resistance'), ('Blood glucose level', 'Fatty acids in the artery walls'), ('Respiratory diseases', 'Ability to engage in physical activity'), ('Blood saturated fatty acid level', 'Secretion of inflammatory molecules by adipose cells'), ('Dysfunctional adipose tissue', 'Inflammation'), ('Coordination', 'Ability to engage in physical activity'), ('Obesity', 'Short sleep duration'), ('Inflammation', 'Asthma'), ('Coronary heart diseases', 'Dyspnea'), ('Tiredness', 'Ability to engage in physical activity'), ('Short sleep duration', 'Heart rate'), ('Blood fatty acid level', 'Blood glucose level'), ('Pro-inflammatory cytokines', 'Inflammation'), ('Respiratory muscle fatigue', 'Dyspnea'), ('Heart rate', 'Coronary heart diseases'), ('Medications', 'Coordination'), ('Beta blockers', 'Ability to engage in physical activity'), ('Sodium intake', 'Blood pressure'), ('Airway resistance', 'Asthma-like symptoms'), ('Medications', 'Concentration'), ('Cells intake of fatty acids', 'Adipose storage of fatty acids'), ('Physical pain', 'Ability to engage in physical activity'), ('Concentration', 'Ability to engage in physical activity'), ('Obesity', 'Release of adipokines'), ('Blood glucose level', 'Sodium retention'), ('Stimulants', 'Short sleep duration'), ('Obesity', 'Dysfunctional adipose tissue'), ('Medications', 'Tiredness'), ('Inflammation', 'Insulin resistance'), ('Inflammation', 'Auto-inflammatory diseases'), ('Blood fatty acid level', 'Adipose storage of fatty acids'), ('Dysfunctional adipose tissue', 'Blood pressure'), ('Dysfunctional adipose tissue', 'Dyslipidemia'), ('Obesity', 'Unhealthy weight control practices'), ('Obesity', 'Asthma-like symptoms'), ('Dyslipidemia', 'Atherosclerosis')]","[('Prevalence of walking trails', 'Quality of the sport infrastructure'), ('Medications', 'Balance'), ('Culture of eating that promotes healthy choices', 'Physical well-being'), ('Secretion of inflammatory molecules by adipose cells', 'Insulin resistance'), ('Presence of a vibrant community', 'Control'), ('Obesity', 'Weight bias'), ('Healthy eating', 'Blood mono-unsaturated fatty acid level'), ('Exercise', 'Heart rate'), ('Available time', 'Recreational physical activity'), ('Chronic conditions', 'Depression'), ('Exercise', 'Insulin resistance'), ('Weight bias', 'Socio-economic status'), ('Mental well-being', 'Physical well-being'), ('Obesity', 'Obstructive sleep apnea'), ('Eating disorders', 'Healthy eating'), ('Consumer demand for regulations', 'Marketing of healthy foods'), ('Dyslipidemia', 'Blood pressure'), ('Obesity', 'Gastro-esophageal reflux disease'), ('Perceived environmental safety', 'Mental well-being'), ('Late night TV watching', 'Short sleep duration'), ('Auto-inflammatory diseases', 'Inflammation'), ('Depression', 'Healthy eating'), ('Socio-economic status', 'Stress'), ('Exercise', 'Blood glucose level'), ('Public support and demand for healthy products', 'Marketing of healthy foods'), ('Unhealthy foods are cheaper than healthy ones', 'Supportive food environment'), ('Control', 'Mental well-being'), ('Atherosclerosis', 'Coronary heart diseases'), ('Socio-economic status', 'Physical well-being'), ('Ability to engage in physical activity', 'Physical activity'), ('Public health messaging around thinness', 'Weight bias'), ('Public support and demand for healthy products', 'Availability of healthy foods'), ('Release of adipokines', 'Atherosclerosis'), ('Consumer demand for regulations', 'Marketing of unhealthy foods'), ('Resilience', 'Mental well-being'), ('Blood mono-unsaturated fatty acid level', 'Secretion of inflammatory molecules by adipose cells'), ('Medical perspective that thin is good', 'Public health messaging around thinness'), ('Mental well-being', 'Medications'), ('Sexual difficulties', 'Mental well-being'), ('Insulin resistance', 'Fatty acids in the artery walls'), ('Insulin resistance', 'Cells intake of fatty acids'), ('Sidewalk prevalence and maintenance', 'Utilitarian physical activity '), ('Adipose storage of fatty acids', 'Inflammation'), ('Socio-economic status', 'Exercise'), ('Thoracic and abdominal obesity', 'Airway resistance'), ('Healthy eating', 'Short sleep duration'), ('Perceived environmental safety', 'Physical well-being'), ('Weight bias', 'Depression'), ('Emotional eating', 'Mental well-being'), ('Late night TV watching', 'Healthy eating'), ('Control', 'Stress'), ('Aesthetics', 'Physical well-being'), ('Economic incentives to produce unhealthy food products', 'Cost of unhealthy foods'), ('Supportive food environment', 'Healthy eating'), ('Appetite', 'Physical well-being'), ('Thoracic and abdominal obesity', 'Respiratory muscle fatigue'), ('Cardiovascular diseases', 'Fear of engaging in physical activity'), ('Socio-economic status', 'Mental well-being'), ('Unhealthy weight control practices', 'Obesity'), ('Exercise', 'Blood pressure'), ('Sodium retention', 'Blood pressure'), ('Short sleep duration', 'Pro-inflammatory cytokines'), ('Medications', 'Obesity'), ('Short sleep duration', 'Appetite'), ('Balance', 'Ability to engage in physical activity'), ('Short sleep duration', 'Cortisol'), ('Airway resistance', 'Asthma'), ('Short sleep duration', 'Blood pressure'), ('Medical perspective that thin is good', 'Cultural norms around thinness'), ('Healthy eating', 'Blood glucose level'), ('Mental well-being', 'Anticonvulsants'), ('Fatty acids in the artery walls', 'Atherosclerosis'), ('Dyslipidemia', 'Insulin resistance'), ('Blood glucose level', 'Fatty acids in the artery walls'), ('Respiratory diseases', 'Ability to engage in physical activity'), ('Blood saturated fatty acid level', 'Secretion of inflammatory molecules by adipose cells'), ('Dysfunctional adipose tissue', 'Inflammation'), ('Weight bias', 'Mental well-being'), ('Coordination', 'Ability to engage in physical activity'), ('Cultural norms around thinness', 'Cultural norms around thinness'), ('Cultural norms around thinness', 'Poor body image'), ('Obesity', 'Short sleep duration'), ('Inflammation', 'Asthma'), ('Healthy eating', 'Sodium intake'), ('Cultural norms around thinness', 'Eating disorders'), ('Poor body image', 'Sexual difficulties'), ('Fear of engaging in physical activity', 'Physical activity'), ('Short sleep duration', 'Healthy eating'), ('Coronary heart diseases', 'Dyspnea'), ('Stress', 'Inflammation'), ('Weight bias', 'Stress'), ('Unhealthy weight control practices', 'Eating disorders'), ('Tiredness', 'Ability to engage in physical activity'), ('Short sleep duration', 'Heart rate'), ('Prevalence of bike trails', 'Quality of the sport infrastructure'), ('Exercise', 'Blood fatty acid level'), ('Mental well-being', 'Emotional eating'), ('Poor body image', 'Poor body image'), ('Blood fatty acid level', 'Blood glucose level'), ('Cardiovascular diseases', 'Depression'), ('Pro-inflammatory cytokines', 'Inflammation'), ('Prevalence of green fields', 'Quality of the sport infrastructure'), ('Mental well-being', 'Antipsychotics'), ('Socio-economic status', 'Control'), ('Weight bias', 'Poor body image'), ('Positive experience of sports', 'Recreational physical activity'), ('Public support and demand for healthy products', 'Cost of healthy foods'), ('Socio-economic status', 'Availability of healthy foods'), ('Cardiovascular diseases', 'Physical well-being'), ('Respiratory muscle fatigue', 'Dyspnea'), ('Heart rate', 'Coronary heart diseases'), ('Pressure to be thin', 'Poor body image'), ('Medications', 'Coordination'), ('Beta blockers', 'Ability to engage in physical activity'), ('Antipsychotics', 'Appetite'), ('Sodium intake', 'Blood pressure'), ('Pressure to be thin', 'Unhealthy weight control practices'), ('Airway resistance', 'Asthma-like symptoms'), ('Depression', 'Stress'), ('Medications', 'Concentration'), ('Public support and demand for healthy products', 'Marketing of unhealthy foods'), ('Poor body image', 'Eating disorders'), ('Emotional eating', 'Healthy eating'), ('Obesity', 'Access to health professionals'), ('Obesity', 'Mental well-being'), ('Unhealthy foods are more available than healthy ones', 'Supportive food environment'), ('Healthy eating', 'Blood saturated fatty acid level'), ('Presence of a vibrant community', 'Resilience'), ('Cells intake of fatty acids', 'Adipose storage of fatty acids'), ('Physical activity', 'Physical well-being'), ('Appetite', 'Healthy eating'), ('Aesthetics', 'Stress'), ('Chronic conditions', 'Mental well-being'), ('Weight bias', 'Positive experience of sports'), ('Healthy eating', 'Dyslipidemia'), ('Quality of the sport infrastructure', 'Recreational physical activity'), ('Physical pain', 'Ability to engage in physical activity'), ('Prevalence of green fields', 'Aesthetics'), ('Concentration', 'Ability to engage in physical activity'), ('Aesthetics', 'Mental well-being'), ('Poor body image', 'Depression'), ('Chronic conditions', 'Physical well-being'), ('Obesity', 'Release of adipokines'), ('Blood glucose level', 'Sodium retention'), ('Restrictive covenants', 'Availability of healthy foods'), ('Musculoskeletal pain', 'Mental well-being'), ('Weight bias', 'Unhealthy weight control practices'), ('Physical activity', 'Mental well-being'), ('Access to health professionals', 'Ability to engage in physical activity'), ('Stimulants', 'Short sleep duration'), ('Culture of eating that promotes healthy choices', 'Healthy eating'), ('Culture of eating that promotes healthy choices', 'Mental well-being'), ('Weight bias', 'Exercise'), ('Obesity', 'Dysfunctional adipose tissue'), ('Medications', 'Tiredness'), ('Inflammation', 'Insulin resistance'), ('Anticonvulsants', 'Appetite'), ('Inflammation', 'Auto-inflammatory diseases'), ('Accessibility to shops', 'Utilitarian physical activity '), ('Blood fatty acid level', 'Adipose storage of fatty acids'), ('Perceived environmental safety', 'Physical activity'), ('Short sleep duration', 'Physical well-being'), ('Cultural norms around thinness', 'Pressure to be thin'), ('Weight bias', 'Access to health professionals'), ('Public health messaging around thinness', 'Pressure to be thin'), ('Dysfunctional adipose tissue', 'Blood pressure'), ('Dysfunctional adipose tissue', 'Dyslipidemia'), ('Aesthetics', 'Utilitarian physical activity '), ('Obesity', 'Unhealthy weight control practices'), ('Obesity', 'Asthma-like symptoms'), ('Marketing ratio of unhealthy to healthy foods', 'Supportive food environment'), ('Dyslipidemia', 'Atherosclerosis'), ('Physical well-being', 'Mental well-being'), ('Public support and demand for healthy products', 'Cost of unhealthy foods'), ('Musculoskeletal pain', 'Physical well-being'), ('Coronary heart diseases', 'Exercise')]"
3,"[('Poor body image', 'Unhealthy weight control practices'), ('Resilience', 'Ability to engage in physical activity'), ('Cultural norms around thinness', 'Obesity'), ('Pressure to be thin', 'Unhealthy weight control practices'), ('Control', 'Blood pressure'), ('Stress', 'Cortisol'), ('Socio-economic status', 'Obesity'), ('Weight bias', 'Obesity'), ('Mental well-being', 'Ability to engage in physical activity'), ('Physical well-being', 'Ability to engage in physical activity'), ('Depression', 'Inflammation')]",1,1,-1,1,1,"[('Culture of eating that promotes healthy choices', 'Physical well-being'), ('Weight bias', 'Socio-economic status'), ('Mental well-being', 'Physical well-being'), ('Socio-economic status', 'Stress'), ('Control', 'Mental well-being'), ('Socio-economic status', 'Physical well-being'), ('Public health messaging around thinness', 'Weight bias'), ('Resilience', 'Mental well-being'), ('Medical perspective that thin is good', 'Public health messaging around thinness'), ('Weight bias', 'Depression'), ('Control', 'Stress'), ('Socio-economic status', 'Mental well-being'), ('Medical perspective that thin is good', 'Cultural norms around thinness'), ('Weight bias', 'Mental well-being'), ('Cultural norms around thinness', 'Cultural norms around thinness'), ('Cultural norms around thinness', 'Poor body image'), ('Weight bias', 'Stress'), ('Poor body image', 'Poor body image'), ('Socio-economic status', 'Control'), ('Weight bias', 'Poor body image'), ('Pressure to be thin', 'Poor body image'), ('Depression', 'Stress'), ('Poor body image', 'Depression'), ('Culture of eating that promotes healthy choices', 'Mental well-being'), ('Cultural norms around thinness', 'Pressure to be thin'), ('Public health messaging around thinness', 'Pressure to be thin'), ('Physical well-being', 'Mental well-being')]","[('Medications', 'Balance'), ('Secretion of inflammatory molecules by adipose cells', 'Insulin resistance'), ('Obesity', 'Obstructive sleep apnea'), ('Dyslipidemia', 'Blood pressure'), ('Obesity', 'Gastro-esophageal reflux disease'), ('Auto-inflammatory diseases', 'Inflammation'), ('Atherosclerosis', 'Coronary heart diseases'), ('Release of adipokines', 'Atherosclerosis'), ('Blood mono-unsaturated fatty acid level', 'Secretion of inflammatory molecules by adipose cells'), ('Insulin resistance', 'Fatty acids in the artery walls'), ('Insulin resistance', 'Cells intake of fatty acids'), ('Adipose storage of fatty acids', 'Inflammation'), ('Thoracic and abdominal obesity', 'Airway resistance'), ('Thoracic and abdominal obesity', 'Respiratory muscle fatigue'), ('Unhealthy weight control practices', 'Obesity'), ('Sodium retention', 'Blood pressure'), ('Short sleep duration', 'Pro-inflammatory cytokines'), ('Medications', 'Obesity'), ('Balance', 'Ability to engage in physical activity'), ('Short sleep duration', 'Cortisol'), ('Airway resistance', 'Asthma'), ('Short sleep duration', 'Blood pressure'), ('Fatty acids in the artery walls', 'Atherosclerosis'), ('Dyslipidemia', 'Insulin resistance'), ('Blood glucose level', 'Fatty acids in the artery walls'), ('Respiratory diseases', 'Ability to engage in physical activity'), ('Blood saturated fatty acid level', 'Secretion of inflammatory molecules by adipose cells'), ('Dysfunctional adipose tissue', 'Inflammation'), ('Coordination', 'Ability to engage in physical activity'), ('Obesity', 'Short sleep duration'), ('Inflammation', 'Asthma'), ('Coronary heart diseases', 'Dyspnea'), ('Tiredness', 'Ability to engage in physical activity'), ('Short sleep duration', 'Heart rate'), ('Blood fatty acid level', 'Blood glucose level'), ('Pro-inflammatory cytokines', 'Inflammation'), ('Respiratory muscle fatigue', 'Dyspnea'), ('Heart rate', 'Coronary heart diseases'), ('Medications', 'Coordination'), ('Beta blockers', 'Ability to engage in physical activity'), ('Sodium intake', 'Blood pressure'), ('Airway resistance', 'Asthma-like symptoms'), ('Medications', 'Concentration'), ('Cells intake of fatty acids', 'Adipose storage of fatty acids'), ('Physical pain', 'Ability to engage in physical activity'), ('Concentration', 'Ability to engage in physical activity'), ('Obesity', 'Release of adipokines'), ('Blood glucose level', 'Sodium retention'), ('Stimulants', 'Short sleep duration'), ('Obesity', 'Dysfunctional adipose tissue'), ('Medications', 'Tiredness'), ('Inflammation', 'Insulin resistance'), ('Inflammation', 'Auto-inflammatory diseases'), ('Blood fatty acid level', 'Adipose storage of fatty acids'), ('Dysfunctional adipose tissue', 'Blood pressure'), ('Dysfunctional adipose tissue', 'Dyslipidemia'), ('Obesity', 'Unhealthy weight control practices'), ('Obesity', 'Asthma-like symptoms'), ('Dyslipidemia', 'Atherosclerosis')]","[('Prevalence of walking trails', 'Quality of the sport infrastructure'), ('Medications', 'Balance'), ('Culture of eating that promotes healthy choices', 'Physical well-being'), ('Secretion of inflammatory molecules by adipose cells', 'Insulin resistance'), ('Presence of a vibrant community', 'Control'), ('Obesity', 'Weight bias'), ('Healthy eating', 'Blood mono-unsaturated fatty acid level'), ('Exercise', 'Heart rate'), ('Available time', 'Recreational physical activity'), ('Chronic conditions', 'Depression'), ('Exercise', 'Insulin resistance'), ('Weight bias', 'Socio-economic status'), ('Mental well-being', 'Physical well-being'), ('Obesity', 'Obstructive sleep apnea'), ('Eating disorders', 'Healthy eating'), ('Consumer demand for regulations', 'Marketing of healthy foods'), ('Dyslipidemia', 'Blood pressure'), ('Obesity', 'Gastro-esophageal reflux disease'), ('Perceived environmental safety', 'Mental well-being'), ('Late night TV watching', 'Short sleep duration'), ('Auto-inflammatory diseases', 'Inflammation'), ('Depression', 'Healthy eating'), ('Socio-economic status', 'Stress'), ('Exercise', 'Blood glucose level'), ('Public support and demand for healthy products', 'Marketing of healthy foods'), ('Unhealthy foods are cheaper than healthy ones', 'Supportive food environment'), ('Control', 'Mental well-being'), ('Atherosclerosis', 'Coronary heart diseases'), ('Socio-economic status', 'Physical well-being'), ('Ability to engage in physical activity', 'Physical activity'), ('Public health messaging around thinness', 'Weight bias'), ('Public support and demand for healthy products', 'Availability of healthy foods'), ('Release of adipokines', 'Atherosclerosis'), ('Consumer demand for regulations', 'Marketing of unhealthy foods'), ('Resilience', 'Mental well-being'), ('Blood mono-unsaturated fatty acid level', 'Secretion of inflammatory molecules by adipose cells'), ('Medical perspective that thin is good', 'Public health messaging around thinness'), ('Mental well-being', 'Medications'), ('Sexual difficulties', 'Mental well-being'), ('Insulin resistance', 'Fatty acids in the artery walls'), ('Insulin resistance', 'Cells intake of fatty acids'), ('Sidewalk prevalence and maintenance', 'Utilitarian physical activity '), ('Adipose storage of fatty acids', 'Inflammation'), ('Socio-economic status', 'Exercise'), ('Thoracic and abdominal obesity', 'Airway resistance'), ('Healthy eating', 'Short sleep duration'), ('Perceived environmental safety', 'Physical well-being'), ('Weight bias', 'Depression'), ('Emotional eating', 'Mental well-being'), ('Late night TV watching', 'Healthy eating'), ('Control', 'Stress'), ('Aesthetics', 'Physical well-being'), ('Economic incentives to produce unhealthy food products', 'Cost of unhealthy foods'), ('Supportive food environment', 'Healthy eating'), ('Appetite', 'Physical well-being'), ('Thoracic and abdominal obesity', 'Respiratory muscle fatigue'), ('Cardiovascular diseases', 'Fear of engaging in physical activity'), ('Socio-economic status', 'Mental well-being'), ('Unhealthy weight control practices', 'Obesity'), ('Exercise', 'Blood pressure'), ('Sodium retention', 'Blood pressure'), ('Short sleep duration', 'Pro-inflammatory cytokines'), ('Medications', 'Obesity'), ('Short sleep duration', 'Appetite'), ('Balance', 'Ability to engage in physical activity'), ('Short sleep duration', 'Cortisol'), ('Airway resistance', 'Asthma'), ('Short sleep duration', 'Blood pressure'), ('Medical perspective that thin is good', 'Cultural norms around thinness'), ('Healthy eating', 'Blood glucose level'), ('Mental well-being', 'Anticonvulsants'), ('Fatty acids in the artery walls', 'Atherosclerosis'), ('Dyslipidemia', 'Insulin resistance'), ('Blood glucose level', 'Fatty acids in the artery walls'), ('Respiratory diseases', 'Ability to engage in physical activity'), ('Blood saturated fatty acid level', 'Secretion of inflammatory molecules by adipose cells'), ('Dysfunctional adipose tissue', 'Inflammation'), ('Weight bias', 'Mental well-being'), ('Coordination', 'Ability to engage in physical activity'), ('Cultural norms around thinness', 'Cultural norms around thinness'), ('Cultural norms around thinness', 'Poor body image'), ('Obesity', 'Short sleep duration'), ('Inflammation', 'Asthma'), ('Healthy eating', 'Sodium intake'), ('Cultural norms around thinness', 'Eating disorders'), ('Poor body image', 'Sexual difficulties'), ('Fear of engaging in physical activity', 'Physical activity'), ('Short sleep duration', 'Healthy eating'), ('Coronary heart diseases', 'Dyspnea'), ('Stress', 'Inflammation'), ('Weight bias', 'Stress'), ('Unhealthy weight control practices', 'Eating disorders'), ('Tiredness', 'Ability to engage in physical activity'), ('Short sleep duration', 'Heart rate'), ('Prevalence of bike trails', 'Quality of the sport infrastructure'), ('Exercise', 'Blood fatty acid level'), ('Mental well-being', 'Emotional eating'), ('Poor body image', 'Poor body image'), ('Blood fatty acid level', 'Blood glucose level'), ('Cardiovascular diseases', 'Depression'), ('Pro-inflammatory cytokines', 'Inflammation'), ('Prevalence of green fields', 'Quality of the sport infrastructure'), ('Mental well-being', 'Antipsychotics'), ('Socio-economic status', 'Control'), ('Weight bias', 'Poor body image'), ('Positive experience of sports', 'Recreational physical activity'), ('Public support and demand for healthy products', 'Cost of healthy foods'), ('Socio-economic status', 'Availability of healthy foods'), ('Cardiovascular diseases', 'Physical well-being'), ('Respiratory muscle fatigue', 'Dyspnea'), ('Heart rate', 'Coronary heart diseases'), ('Pressure to be thin', 'Poor body image'), ('Medications', 'Coordination'), ('Beta blockers', 'Ability to engage in physical activity'), ('Antipsychotics', 'Appetite'), ('Sodium intake', 'Blood pressure'), ('Pressure to be thin', 'Unhealthy weight control practices'), ('Airway resistance', 'Asthma-like symptoms'), ('Depression', 'Stress'), ('Medications', 'Concentration'), ('Public support and demand for healthy products', 'Marketing of unhealthy foods'), ('Poor body image', 'Eating disorders'), ('Emotional eating', 'Healthy eating'), ('Obesity', 'Access to health professionals'), ('Obesity', 'Mental well-being'), ('Unhealthy foods are more available than healthy ones', 'Supportive food environment'), ('Healthy eating', 'Blood saturated fatty acid level'), ('Presence of a vibrant community', 'Resilience'), ('Cells intake of fatty acids', 'Adipose storage of fatty acids'), ('Physical activity', 'Physical well-being'), ('Appetite', 'Healthy eating'), ('Aesthetics', 'Stress'), ('Chronic conditions', 'Mental well-being'), ('Weight bias', 'Positive experience of sports'), ('Healthy eating', 'Dyslipidemia'), ('Quality of the sport infrastructure', 'Recreational physical activity'), ('Physical pain', 'Ability to engage in physical activity'), ('Prevalence of green fields', 'Aesthetics'), ('Concentration', 'Ability to engage in physical activity'), ('Aesthetics', 'Mental well-being'), ('Poor body image', 'Depression'), ('Chronic conditions', 'Physical well-being'), ('Obesity', 'Release of adipokines'), ('Blood glucose level', 'Sodium retention'), ('Restrictive covenants', 'Availability of healthy foods'), ('Musculoskeletal pain', 'Mental well-being'), ('Weight bias', 'Unhealthy weight control practices'), ('Physical activity', 'Mental well-being'), ('Access to health professionals', 'Ability to engage in physical activity'), ('Stimulants', 'Short sleep duration'), ('Culture of eating that promotes healthy choices', 'Healthy eating'), ('Culture of eating that promotes healthy choices', 'Mental well-being'), ('Weight bias', 'Exercise'), ('Obesity', 'Dysfunctional adipose tissue'), ('Medications', 'Tiredness'), ('Inflammation', 'Insulin resistance'), ('Anticonvulsants', 'Appetite'), ('Inflammation', 'Auto-inflammatory diseases'), ('Accessibility to shops', 'Utilitarian physical activity '), ('Blood fatty acid level', 'Adipose storage of fatty acids'), ('Perceived environmental safety', 'Physical activity'), ('Short sleep duration', 'Physical well-being'), ('Cultural norms around thinness', 'Pressure to be thin'), ('Weight bias', 'Access to health professionals'), ('Public health messaging around thinness', 'Pressure to be thin'), ('Dysfunctional adipose tissue', 'Blood pressure'), ('Dysfunctional adipose tissue', 'Dyslipidemia'), ('Aesthetics', 'Utilitarian physical activity '), ('Obesity', 'Unhealthy weight control practices'), ('Obesity', 'Asthma-like symptoms'), ('Marketing ratio of unhealthy to healthy foods', 'Supportive food environment'), ('Dyslipidemia', 'Atherosclerosis'), ('Physical well-being', 'Mental well-being'), ('Public support and demand for healthy products', 'Cost of unhealthy foods'), ('Musculoskeletal pain', 'Physical well-being'), ('Coronary heart diseases', 'Exercise')]"
4,"[('Poor body image', 'Unhealthy weight control practices'), ('Resilience', 'Ability to engage in physical activity'), ('Cultural norms around thinness', 'Obesity'), ('Pressure to be thin', 'Unhealthy weight control practices'), ('Control', 'Blood pressure'), ('Stress', 'Cortisol'), ('Socio-economic status', 'Obesity'), ('Weight bias', 'Obesity'), ('Mental well-being', 'Ability to engage in physical activity'), ('Physical well-being', 'Ability to engage in physical activity'), ('Depression', 'Inflammation')]",1,1,-1,1,1,"[('Culture of eating that promotes healthy choices', 'Physical well-being'), ('Weight bias', 'Socio-economic status'), ('Mental well-being', 'Physical well-being'), ('Socio-economic status', 'Stress'), ('Control', 'Mental well-being'), ('Socio-economic status', 'Physical well-being'), ('Public health messaging around thinness', 'Weight bias'), ('Resilience', 'Mental well-being'), ('Medical perspective that thin is good', 'Public health messaging around thinness'), ('Weight bias', 'Depression'), ('Control', 'Stress'), ('Socio-economic status', 'Mental well-being'), ('Medical perspective that thin is good', 'Cultural norms around thinness'), ('Weight bias', 'Mental well-being'), ('Cultural norms around thinness', 'Cultural norms around thinness'), ('Cultural norms around thinness', 'Poor body image'), ('Weight bias', 'Stress'), ('Poor body image', 'Poor body image'), ('Socio-economic status', 'Control'), ('Weight bias', 'Poor body image'), ('Pressure to be thin', 'Poor body image'), ('Depression', 'Stress'), ('Poor body image', 'Depression'), ('Culture of eating that promotes healthy choices', 'Mental well-being'), ('Cultural norms around thinness', 'Pressure to be thin'), ('Public health messaging around thinness', 'Pressure to be thin'), ('Physical well-being', 'Mental well-being')]","[('Medications', 'Balance'), ('Secretion of inflammatory molecules by adipose cells', 'Insulin resistance'), ('Obesity', 'Obstructive sleep apnea'), ('Dyslipidemia', 'Blood pressure'), ('Obesity', 'Gastro-esophageal reflux disease'), ('Auto-inflammatory diseases', 'Inflammation'), ('Atherosclerosis', 'Coronary heart diseases'), ('Release of adipokines', 'Atherosclerosis'), ('Blood mono-unsaturated fatty acid level', 'Secretion of inflammatory molecules by adipose cells'), ('Insulin resistance', 'Fatty acids in the artery walls'), ('Insulin resistance', 'Cells intake of fatty acids'), ('Adipose storage of fatty acids', 'Inflammation'), ('Thoracic and abdominal obesity', 'Airway resistance'), ('Thoracic and abdominal obesity', 'Respiratory muscle fatigue'), ('Unhealthy weight control practices', 'Obesity'), ('Sodium retention', 'Blood pressure'), ('Short sleep duration', 'Pro-inflammatory cytokines'), ('Medications', 'Obesity'), ('Balance', 'Ability to engage in physical activity'), ('Short sleep duration', 'Cortisol'), ('Airway resistance', 'Asthma'), ('Short sleep duration', 'Blood pressure'), ('Fatty acids in the artery walls', 'Atherosclerosis'), ('Dyslipidemia', 'Insulin resistance'), ('Blood glucose level', 'Fatty acids in the artery walls'), ('Respiratory diseases', 'Ability to engage in physical activity'), ('Blood saturated fatty acid level', 'Secretion of inflammatory molecules by adipose cells'), ('Dysfunctional adipose tissue', 'Inflammation'), ('Coordination', 'Ability to engage in physical activity'), ('Obesity', 'Short sleep duration'), ('Inflammation', 'Asthma'), ('Coronary heart diseases', 'Dyspnea'), ('Tiredness', 'Ability to engage in physical activity'), ('Short sleep duration', 'Heart rate'), ('Blood fatty acid level', 'Blood glucose level'), ('Pro-inflammatory cytokines', 'Inflammation'), ('Respiratory muscle fatigue', 'Dyspnea'), ('Heart rate', 'Coronary heart diseases'), ('Medications', 'Coordination'), ('Beta blockers', 'Ability to engage in physical activity'), ('Sodium intake', 'Blood pressure'), ('Airway resistance', 'Asthma-like symptoms'), ('Medications', 'Concentration'), ('Cells intake of fatty acids', 'Adipose storage of fatty acids'), ('Physical pain', 'Ability to engage in physical activity'), ('Concentration', 'Ability to engage in physical activity'), ('Obesity', 'Release of adipokines'), ('Blood glucose level', 'Sodium retention'), ('Stimulants', 'Short sleep duration'), ('Obesity', 'Dysfunctional adipose tissue'), ('Medications', 'Tiredness'), ('Inflammation', 'Insulin resistance'), ('Inflammation', 'Auto-inflammatory diseases'), ('Blood fatty acid level', 'Adipose storage of fatty acids'), ('Dysfunctional adipose tissue', 'Blood pressure'), ('Dysfunctional adipose tissue', 'Dyslipidemia'), ('Obesity', 'Unhealthy weight control practices'), ('Obesity', 'Asthma-like symptoms'), ('Dyslipidemia', 'Atherosclerosis')]","[('Prevalence of walking trails', 'Quality of the sport infrastructure'), ('Medications', 'Balance'), ('Culture of eating that promotes healthy choices', 'Physical well-being'), ('Secretion of inflammatory molecules by adipose cells', 'Insulin resistance'), ('Presence of a vibrant community', 'Control'), ('Obesity', 'Weight bias'), ('Healthy eating', 'Blood mono-unsaturated fatty acid level'), ('Exercise', 'Heart rate'), ('Available time', 'Recreational physical activity'), ('Chronic conditions', 'Depression'), ('Exercise', 'Insulin resistance'), ('Weight bias', 'Socio-economic status'), ('Mental well-being', 'Physical well-being'), ('Obesity', 'Obstructive sleep apnea'), ('Eating disorders', 'Healthy eating'), ('Consumer demand for regulations', 'Marketing of healthy foods'), ('Dyslipidemia', 'Blood pressure'), ('Obesity', 'Gastro-esophageal reflux disease'), ('Perceived environmental safety', 'Mental well-being'), ('Late night TV watching', 'Short sleep duration'), ('Auto-inflammatory diseases', 'Inflammation'), ('Depression', 'Healthy eating'), ('Socio-economic status', 'Stress'), ('Exercise', 'Blood glucose level'), ('Public support and demand for healthy products', 'Marketing of healthy foods'), ('Unhealthy foods are cheaper than healthy ones', 'Supportive food environment'), ('Control', 'Mental well-being'), ('Atherosclerosis', 'Coronary heart diseases'), ('Socio-economic status', 'Physical well-being'), ('Ability to engage in physical activity', 'Physical activity'), ('Public health messaging around thinness', 'Weight bias'), ('Public support and demand for healthy products', 'Availability of healthy foods'), ('Release of adipokines', 'Atherosclerosis'), ('Consumer demand for regulations', 'Marketing of unhealthy foods'), ('Resilience', 'Mental well-being'), ('Blood mono-unsaturated fatty acid level', 'Secretion of inflammatory molecules by adipose cells'), ('Medical perspective that thin is good', 'Public health messaging around thinness'), ('Mental well-being', 'Medications'), ('Sexual difficulties', 'Mental well-being'), ('Insulin resistance', 'Fatty acids in the artery walls'), ('Insulin resistance', 'Cells intake of fatty acids'), ('Sidewalk prevalence and maintenance', 'Utilitarian physical activity '), ('Adipose storage of fatty acids', 'Inflammation'), ('Socio-economic status', 'Exercise'), ('Thoracic and abdominal obesity', 'Airway resistance'), ('Healthy eating', 'Short sleep duration'), ('Perceived environmental safety', 'Physical well-being'), ('Weight bias', 'Depression'), ('Emotional eating', 'Mental well-being'), ('Late night TV watching', 'Healthy eating'), ('Control', 'Stress'), ('Aesthetics', 'Physical well-being'), ('Economic incentives to produce unhealthy food products', 'Cost of unhealthy foods'), ('Supportive food environment', 'Healthy eating'), ('Appetite', 'Physical well-being'), ('Thoracic and abdominal obesity', 'Respiratory muscle fatigue'), ('Cardiovascular diseases', 'Fear of engaging in physical activity'), ('Socio-economic status', 'Mental well-being'), ('Unhealthy weight control practices', 'Obesity'), ('Exercise', 'Blood pressure'), ('Sodium retention', 'Blood pressure'), ('Short sleep duration', 'Pro-inflammatory cytokines'), ('Medications', 'Obesity'), ('Short sleep duration', 'Appetite'), ('Balance', 'Ability to engage in physical activity'), ('Short sleep duration', 'Cortisol'), ('Airway resistance', 'Asthma'), ('Short sleep duration', 'Blood pressure'), ('Medical perspective that thin is good', 'Cultural norms around thinness'), ('Healthy eating', 'Blood glucose level'), ('Mental well-being', 'Anticonvulsants'), ('Fatty acids in the artery walls', 'Atherosclerosis'), ('Dyslipidemia', 'Insulin resistance'), ('Blood glucose level', 'Fatty acids in the artery walls'), ('Respiratory diseases', 'Ability to engage in physical activity'), ('Blood saturated fatty acid level', 'Secretion of inflammatory molecules by adipose cells'), ('Dysfunctional adipose tissue', 'Inflammation'), ('Weight bias', 'Mental well-being'), ('Coordination', 'Ability to engage in physical activity'), ('Cultural norms around thinness', 'Cultural norms around thinness'), ('Cultural norms around thinness', 'Poor body image'), ('Obesity', 'Short sleep duration'), ('Inflammation', 'Asthma'), ('Healthy eating', 'Sodium intake'), ('Cultural norms around thinness', 'Eating disorders'), ('Poor body image', 'Sexual difficulties'), ('Fear of engaging in physical activity', 'Physical activity'), ('Short sleep duration', 'Healthy eating'), ('Coronary heart diseases', 'Dyspnea'), ('Stress', 'Inflammation'), ('Weight bias', 'Stress'), ('Unhealthy weight control practices', 'Eating disorders'), ('Tiredness', 'Ability to engage in physical activity'), ('Short sleep duration', 'Heart rate'), ('Prevalence of bike trails', 'Quality of the sport infrastructure'), ('Exercise', 'Blood fatty acid level'), ('Mental well-being', 'Emotional eating'), ('Poor body image', 'Poor body image'), ('Blood fatty acid level', 'Blood glucose level'), ('Cardiovascular diseases', 'Depression'), ('Pro-inflammatory cytokines', 'Inflammation'), ('Prevalence of green fields', 'Quality of the sport infrastructure'), ('Mental well-being', 'Antipsychotics'), ('Socio-economic status', 'Control'), ('Weight bias', 'Poor body image'), ('Positive experience of sports', 'Recreational physical activity'), ('Public support and demand for healthy products', 'Cost of healthy foods'), ('Socio-economic status', 'Availability of healthy foods'), ('Cardiovascular diseases', 'Physical well-being'), ('Respiratory muscle fatigue', 'Dyspnea'), ('Heart rate', 'Coronary heart diseases'), ('Pressure to be thin', 'Poor body image'), ('Medications', 'Coordination'), ('Beta blockers', 'Ability to engage in physical activity'), ('Antipsychotics', 'Appetite'), ('Sodium intake', 'Blood pressure'), ('Pressure to be thin', 'Unhealthy weight control practices'), ('Airway resistance', 'Asthma-like symptoms'), ('Depression', 'Stress'), ('Medications', 'Concentration'), ('Public support and demand for healthy products', 'Marketing of unhealthy foods'), ('Poor body image', 'Eating disorders'), ('Emotional eating', 'Healthy eating'), ('Obesity', 'Access to health professionals'), ('Obesity', 'Mental well-being'), ('Unhealthy foods are more available than healthy ones', 'Supportive food environment'), ('Healthy eating', 'Blood saturated fatty acid level'), ('Presence of a vibrant community', 'Resilience'), ('Cells intake of fatty acids', 'Adipose storage of fatty acids'), ('Physical activity', 'Physical well-being'), ('Appetite', 'Healthy eating'), ('Aesthetics', 'Stress'), ('Chronic conditions', 'Mental well-being'), ('Weight bias', 'Positive experience of sports'), ('Healthy eating', 'Dyslipidemia'), ('Quality of the sport infrastructure', 'Recreational physical activity'), ('Physical pain', 'Ability to engage in physical activity'), ('Prevalence of green fields', 'Aesthetics'), ('Concentration', 'Ability to engage in physical activity'), ('Aesthetics', 'Mental well-being'), ('Poor body image', 'Depression'), ('Chronic conditions', 'Physical well-being'), ('Obesity', 'Release of adipokines'), ('Blood glucose level', 'Sodium retention'), ('Restrictive covenants', 'Availability of healthy foods'), ('Musculoskeletal pain', 'Mental well-being'), ('Weight bias', 'Unhealthy weight control practices'), ('Physical activity', 'Mental well-being'), ('Access to health professionals', 'Ability to engage in physical activity'), ('Stimulants', 'Short sleep duration'), ('Culture of eating that promotes healthy choices', 'Healthy eating'), ('Culture of eating that promotes healthy choices', 'Mental well-being'), ('Weight bias', 'Exercise'), ('Obesity', 'Dysfunctional adipose tissue'), ('Medications', 'Tiredness'), ('Inflammation', 'Insulin resistance'), ('Anticonvulsants', 'Appetite'), ('Inflammation', 'Auto-inflammatory diseases'), ('Accessibility to shops', 'Utilitarian physical activity '), ('Blood fatty acid level', 'Adipose storage of fatty acids'), ('Perceived environmental safety', 'Physical activity'), ('Short sleep duration', 'Physical well-being'), ('Cultural norms around thinness', 'Pressure to be thin'), ('Weight bias', 'Access to health professionals'), ('Public health messaging around thinness', 'Pressure to be thin'), ('Dysfunctional adipose tissue', 'Blood pressure'), ('Dysfunctional adipose tissue', 'Dyslipidemia'), ('Aesthetics', 'Utilitarian physical activity '), ('Obesity', 'Unhealthy weight control practices'), ('Obesity', 'Asthma-like symptoms'), ('Marketing ratio of unhealthy to healthy foods', 'Supportive food environment'), ('Dyslipidemia', 'Atherosclerosis'), ('Physical well-being', 'Mental well-being'), ('Public support and demand for healthy products', 'Cost of unhealthy foods'), ('Musculoskeletal pain', 'Physical well-being'), ('Coronary heart diseases', 'Exercise')]"
0,"[('Resilience', 'Cortisol'), ('Pressure to be thin', 'Dysfunctional adipose tissue'), ('Mental well-being', 'Short sleep duration'), ('Stress', 'Inflammation'), ('Poor body image', 'Unhealthy weight control practices'), ('Weight bias', 'Obesity'), ('Physical well-being', 'Ability to engage in physical activity'), ('Culture of eating that promotes healthy choices', 'Blood glucose level'), ('Cultural norms around thinness', 'Blood fatty acid level'), ('Depression', 'Pro-inflammatory cytokines'), ('Socio-economic status', 'Sodium intake')]",1,1,-1,-1,1,"[('Culture of eating that promotes healthy choices', 'Physical well-being'), ('Weight bias', 'Socio-economic status'), ('Mental well-being', 'Physical well-being'), ('Socio-economic status', 'Stress'), ('Control', 'Mental well-being'), ('Socio-economic status', 'Physical well-being'), ('Public health messaging around thinness', 'Weight bias'), ('Resilience', 'Mental well-being'), ('Medical perspective that thin is good', 'Public health messaging around thinness'), ('Weight bias', 'Depression'), ('Control', 'Stress'), ('Socio-economic status', 'Mental well-being'), ('Medical perspective that thin is good', 'Cultural norms around thinness'), ('Weight bias', 'Mental well-being'), ('Cultural norms around thinness', 'Cultural norms around thinness'), ('Cultural norms around thinness', 'Poor body image'), ('Weight bias', 'Stress'), ('Poor body image', 'Poor body image'), ('Socio-economic status', 'Control'), ('Weight bias', 'Poor body image'), ('Pressure to be thin', 'Poor body image'), ('Depression', 'Stress'), ('Poor body image', 'Depression'), ('Culture of eating that promotes healthy choices', 'Mental well-being'), ('Cultural norms around thinness', 'Pressure to be thin'), ('Public health messaging around thinness', 'Pressure to be thin'), ('Physical well-being', 'Mental well-being')]","[('Medications', 'Balance'), ('Secretion of inflammatory molecules by adipose cells', 'Insulin resistance'), ('Obesity', 'Obstructive sleep apnea'), ('Dyslipidemia', 'Blood pressure'), ('Obesity', 'Gastro-esophageal reflux disease'), ('Auto-inflammatory diseases', 'Inflammation'), ('Atherosclerosis', 'Coronary heart diseases'), ('Release of adipokines', 'Atherosclerosis'), ('Blood mono-unsaturated fatty acid level', 'Secretion of inflammatory molecules by adipose cells'), ('Insulin resistance', 'Fatty acids in the artery walls'), ('Insulin resistance', 'Cells intake of fatty acids'), ('Adipose storage of fatty acids', 'Inflammation'), ('Thoracic and abdominal obesity', 'Airway resistance'), ('Thoracic and abdominal obesity', 'Respiratory muscle fatigue'), ('Unhealthy weight control practices', 'Obesity'), ('Sodium retention', 'Blood pressure'), ('Short sleep duration', 'Pro-inflammatory cytokines'), ('Medications', 'Obesity'), ('Balance', 'Ability to engage in physical activity'), ('Short sleep duration', 'Cortisol'), ('Airway resistance', 'Asthma'), ('Short sleep duration', 'Blood pressure'), ('Fatty acids in the artery walls', 'Atherosclerosis'), ('Dyslipidemia', 'Insulin resistance'), ('Blood glucose level', 'Fatty acids in the artery walls'), ('Respiratory diseases', 'Ability to engage in physical activity'), ('Blood saturated fatty acid level', 'Secretion of inflammatory molecules by adipose cells'), ('Dysfunctional adipose tissue', 'Inflammation'), ('Coordination', 'Ability to engage in physical activity'), ('Obesity', 'Short sleep duration'), ('Inflammation', 'Asthma'), ('Coronary heart diseases', 'Dyspnea'), ('Tiredness', 'Ability to engage in physical activity'), ('Short sleep duration', 'Heart rate'), ('Blood fatty acid level', 'Blood glucose level'), ('Pro-inflammatory cytokines', 'Inflammation'), ('Respiratory muscle fatigue', 'Dyspnea'), ('Heart rate', 'Coronary heart diseases'), ('Medications', 'Coordination'), ('Beta blockers', 'Ability to engage in physical activity'), ('Sodium intake', 'Blood pressure'), ('Airway resistance', 'Asthma-like symptoms'), ('Medications', 'Concentration'), ('Cells intake of fatty acids', 'Adipose storage of fatty acids'), ('Physical pain', 'Ability to engage in physical activity'), ('Concentration', 'Ability to engage in physical activity'), ('Obesity', 'Release of adipokines'), ('Blood glucose level', 'Sodium retention'), ('Stimulants', 'Short sleep duration'), ('Obesity', 'Dysfunctional adipose tissue'), ('Medications', 'Tiredness'), ('Inflammation', 'Insulin resistance'), ('Inflammation', 'Auto-inflammatory diseases'), ('Blood fatty acid level', 'Adipose storage of fatty acids'), ('Dysfunctional adipose tissue', 'Blood pressure'), ('Dysfunctional adipose tissue', 'Dyslipidemia'), ('Obesity', 'Unhealthy weight control practices'), ('Obesity', 'Asthma-like symptoms'), ('Dyslipidemia', 'Atherosclerosis')]","[('Prevalence of walking trails', 'Quality of the sport infrastructure'), ('Medications', 'Balance'), ('Culture of eating that promotes healthy choices', 'Physical well-being'), ('Secretion of inflammatory molecules by adipose cells', 'Insulin resistance'), ('Presence of a vibrant community', 'Control'), ('Obesity', 'Weight bias'), ('Healthy eating', 'Blood mono-unsaturated fatty acid level'), ('Exercise', 'Heart rate'), ('Available time', 'Recreational physical activity'), ('Chronic conditions', 'Depression'), ('Exercise', 'Insulin resistance'), ('Weight bias', 'Socio-economic status'), ('Mental well-being', 'Physical well-being'), ('Obesity', 'Obstructive sleep apnea'), ('Eating disorders', 'Healthy eating'), ('Consumer demand for regulations', 'Marketing of healthy foods'), ('Dyslipidemia', 'Blood pressure'), ('Obesity', 'Gastro-esophageal reflux disease'), ('Perceived environmental safety', 'Mental well-being'), ('Late night TV watching', 'Short sleep duration'), ('Auto-inflammatory diseases', 'Inflammation'), ('Depression', 'Healthy eating'), ('Socio-economic status', 'Stress'), ('Exercise', 'Blood glucose level'), ('Public support and demand for healthy products', 'Marketing of healthy foods'), ('Unhealthy foods are cheaper than healthy ones', 'Supportive food environment'), ('Control', 'Mental well-being'), ('Atherosclerosis', 'Coronary heart diseases'), ('Socio-economic status', 'Physical well-being'), ('Ability to engage in physical activity', 'Physical activity'), ('Public health messaging around thinness', 'Weight bias'), ('Public support and demand for healthy products', 'Availability of healthy foods'), ('Release of adipokines', 'Atherosclerosis'), ('Consumer demand for regulations', 'Marketing of unhealthy foods'), ('Resilience', 'Mental well-being'), ('Blood mono-unsaturated fatty acid level', 'Secretion of inflammatory molecules by adipose cells'), ('Medical perspective that thin is good', 'Public health messaging around thinness'), ('Mental well-being', 'Medications'), ('Sexual difficulties', 'Mental well-being'), ('Insulin resistance', 'Fatty acids in the artery walls'), ('Insulin resistance', 'Cells intake of fatty acids'), ('Sidewalk prevalence and maintenance', 'Utilitarian physical activity '), ('Adipose storage of fatty acids', 'Inflammation'), ('Socio-economic status', 'Exercise'), ('Thoracic and abdominal obesity', 'Airway resistance'), ('Healthy eating', 'Short sleep duration'), ('Perceived environmental safety', 'Physical well-being'), ('Weight bias', 'Depression'), ('Emotional eating', 'Mental well-being'), ('Late night TV watching', 'Healthy eating'), ('Control', 'Stress'), ('Aesthetics', 'Physical well-being'), ('Economic incentives to produce unhealthy food products', 'Cost of unhealthy foods'), ('Supportive food environment', 'Healthy eating'), ('Appetite', 'Physical well-being'), ('Thoracic and abdominal obesity', 'Respiratory muscle fatigue'), ('Cardiovascular diseases', 'Fear of engaging in physical activity'), ('Socio-economic status', 'Mental well-being'), ('Unhealthy weight control practices', 'Obesity'), ('Exercise', 'Blood pressure'), ('Sodium retention', 'Blood pressure'), ('Short sleep duration', 'Pro-inflammatory cytokines'), ('Medications', 'Obesity'), ('Short sleep duration', 'Appetite'), ('Balance', 'Ability to engage in physical activity'), ('Short sleep duration', 'Cortisol'), ('Airway resistance', 'Asthma'), ('Short sleep duration', 'Blood pressure'), ('Medical perspective that thin is good', 'Cultural norms around thinness'), ('Healthy eating', 'Blood glucose level'), ('Mental well-being', 'Anticonvulsants'), ('Fatty acids in the artery walls', 'Atherosclerosis'), ('Dyslipidemia', 'Insulin resistance'), ('Blood glucose level', 'Fatty acids in the artery walls'), ('Respiratory diseases', 'Ability to engage in physical activity'), ('Blood saturated fatty acid level', 'Secretion of inflammatory molecules by adipose cells'), ('Dysfunctional adipose tissue', 'Inflammation'), ('Weight bias', 'Mental well-being'), ('Coordination', 'Ability to engage in physical activity'), ('Cultural norms around thinness', 'Cultural norms around thinness'), ('Cultural norms around thinness', 'Poor body image'), ('Obesity', 'Short sleep duration'), ('Inflammation', 'Asthma'), ('Healthy eating', 'Sodium intake'), ('Cultural norms around thinness', 'Eating disorders'), ('Poor body image', 'Sexual difficulties'), ('Fear of engaging in physical activity', 'Physical activity'), ('Short sleep duration', 'Healthy eating'), ('Coronary heart diseases', 'Dyspnea'), ('Stress', 'Inflammation'), ('Weight bias', 'Stress'), ('Unhealthy weight control practices', 'Eating disorders'), ('Tiredness', 'Ability to engage in physical activity'), ('Short sleep duration', 'Heart rate'), ('Prevalence of bike trails', 'Quality of the sport infrastructure'), ('Exercise', 'Blood fatty acid level'), ('Mental well-being', 'Emotional eating'), ('Poor body image', 'Poor body image'), ('Blood fatty acid level', 'Blood glucose level'), ('Cardiovascular diseases', 'Depression'), ('Pro-inflammatory cytokines', 'Inflammation'), ('Prevalence of green fields', 'Quality of the sport infrastructure'), ('Mental well-being', 'Antipsychotics'), ('Socio-economic status', 'Control'), ('Weight bias', 'Poor body image'), ('Positive experience of sports', 'Recreational physical activity'), ('Public support and demand for healthy products', 'Cost of healthy foods'), ('Socio-economic status', 'Availability of healthy foods'), ('Cardiovascular diseases', 'Physical well-being'), ('Respiratory muscle fatigue', 'Dyspnea'), ('Heart rate', 'Coronary heart diseases'), ('Pressure to be thin', 'Poor body image'), ('Medications', 'Coordination'), ('Beta blockers', 'Ability to engage in physical activity'), ('Antipsychotics', 'Appetite'), ('Sodium intake', 'Blood pressure'), ('Pressure to be thin', 'Unhealthy weight control practices'), ('Airway resistance', 'Asthma-like symptoms'), ('Depression', 'Stress'), ('Medications', 'Concentration'), ('Public support and demand for healthy products', 'Marketing of unhealthy foods'), ('Poor body image', 'Eating disorders'), ('Emotional eating', 'Healthy eating'), ('Obesity', 'Access to health professionals'), ('Obesity', 'Mental well-being'), ('Unhealthy foods are more available than healthy ones', 'Supportive food environment'), ('Healthy eating', 'Blood saturated fatty acid level'), ('Presence of a vibrant community', 'Resilience'), ('Cells intake of fatty acids', 'Adipose storage of fatty acids'), ('Physical activity', 'Physical well-being'), ('Appetite', 'Healthy eating'), ('Aesthetics', 'Stress'), ('Chronic conditions', 'Mental well-being'), ('Weight bias', 'Positive experience of sports'), ('Healthy eating', 'Dyslipidemia'), ('Quality of the sport infrastructure', 'Recreational physical activity'), ('Physical pain', 'Ability to engage in physical activity'), ('Prevalence of green fields', 'Aesthetics'), ('Concentration', 'Ability to engage in physical activity'), ('Aesthetics', 'Mental well-being'), ('Poor body image', 'Depression'), ('Chronic conditions', 'Physical well-being'), ('Obesity', 'Release of adipokines'), ('Blood glucose level', 'Sodium retention'), ('Restrictive covenants', 'Availability of healthy foods'), ('Musculoskeletal pain', 'Mental well-being'), ('Weight bias', 'Unhealthy weight control practices'), ('Physical activity', 'Mental well-being'), ('Access to health professionals', 'Ability to engage in physical activity'), ('Stimulants', 'Short sleep duration'), ('Culture of eating that promotes healthy choices', 'Healthy eating'), ('Culture of eating that promotes healthy choices', 'Mental well-being'), ('Weight bias', 'Exercise'), ('Obesity', 'Dysfunctional adipose tissue'), ('Medications', 'Tiredness'), ('Inflammation', 'Insulin resistance'), ('Anticonvulsants', 'Appetite'), ('Inflammation', 'Auto-inflammatory diseases'), ('Accessibility to shops', 'Utilitarian physical activity '), ('Blood fatty acid level', 'Adipose storage of fatty acids'), ('Perceived environmental safety', 'Physical activity'), ('Short sleep duration', 'Physical well-being'), ('Cultural norms around thinness', 'Pressure to be thin'), ('Weight bias', 'Access to health professionals'), ('Public health messaging around thinness', 'Pressure to be thin'), ('Dysfunctional adipose tissue', 'Blood pressure'), ('Dysfunctional adipose tissue', 'Dyslipidemia'), ('Aesthetics', 'Utilitarian physical activity '), ('Obesity', 'Unhealthy weight control practices'), ('Obesity', 'Asthma-like symptoms'), ('Marketing ratio of unhealthy to healthy foods', 'Supportive food environment'), ('Dyslipidemia', 'Atherosclerosis'), ('Physical well-being', 'Mental well-being'), ('Public support and demand for healthy products', 'Cost of unhealthy foods'), ('Musculoskeletal pain', 'Physical well-being'), ('Coronary heart diseases', 'Exercise')]"
1,"[('Resilience', 'Cortisol'), ('Pressure to be thin', 'Dysfunctional adipose tissue'), ('Mental well-being', 'Short sleep duration'), ('Stress', 'Inflammation'), ('Poor body image', 'Unhealthy weight control practices'), ('Weight bias', 'Obesity'), ('Physical well-being', 'Ability to engage in physical activity'), ('Culture of eating that promotes healthy choices', 'Blood glucose level'), ('Cultural norms around thinness', 'Blood fatty acid level'), ('Depression', 'Pro-inflammatory cytokines'), ('Socio-economic status', 'Sodium intake')]",1,1,-1,-1,1,"[('Culture of eating that promotes healthy choices', 'Physical well-being'), ('Weight bias', 'Socio-economic status'), ('Mental well-being', 'Physical well-being'), ('Socio-economic status', 'Stress'), ('Control', 'Mental well-being'), ('Socio-economic status', 'Physical well-being'), ('Public health messaging around thinness', 'Weight bias'), ('Resilience', 'Mental well-being'), ('Medical perspective that thin is good', 'Public health messaging around thinness'), ('Weight bias', 'Depression'), ('Control', 'Stress'), ('Socio-economic status', 'Mental well-being'), ('Medical perspective that thin is good', 'Cultural norms around thinness'), ('Weight bias', 'Mental well-being'), ('Cultural norms around thinness', 'Cultural norms around thinness'), ('Cultural norms around thinness', 'Poor body image'), ('Weight bias', 'Stress'), ('Poor body image', 'Poor body image'), ('Socio-economic status', 'Control'), ('Weight bias', 'Poor body image'), ('Pressure to be thin', 'Poor body image'), ('Depression', 'Stress'), ('Poor body image', 'Depression'), ('Culture of eating that promotes healthy choices', 'Mental well-being'), ('Cultural norms around thinness', 'Pressure to be thin'), ('Public health messaging around thinness', 'Pressure to be thin'), ('Physical well-being', 'Mental well-being')]","[('Medications', 'Balance'), ('Secretion of inflammatory molecules by adipose cells', 'Insulin resistance'), ('Obesity', 'Obstructive sleep apnea'), ('Dyslipidemia', 'Blood pressure'), ('Obesity', 'Gastro-esophageal reflux disease'), ('Auto-inflammatory diseases', 'Inflammation'), ('Atherosclerosis', 'Coronary heart diseases'), ('Release of adipokines', 'Atherosclerosis'), ('Blood mono-unsaturated fatty acid level', 'Secretion of inflammatory molecules by adipose cells'), ('Insulin resistance', 'Fatty acids in the artery walls'), ('Insulin resistance', 'Cells intake of fatty acids'), ('Adipose storage of fatty acids', 'Inflammation'), ('Thoracic and abdominal obesity', 'Airway resistance'), ('Thoracic and abdominal obesity', 'Respiratory muscle fatigue'), ('Unhealthy weight control practices', 'Obesity'), ('Sodium retention', 'Blood pressure'), ('Short sleep duration', 'Pro-inflammatory cytokines'), ('Medications', 'Obesity'), ('Balance', 'Ability to engage in physical activity'), ('Short sleep duration', 'Cortisol'), ('Airway resistance', 'Asthma'), ('Short sleep duration', 'Blood pressure'), ('Fatty acids in the artery walls', 'Atherosclerosis'), ('Dyslipidemia', 'Insulin resistance'), ('Blood glucose level', 'Fatty acids in the artery walls'), ('Respiratory diseases', 'Ability to engage in physical activity'), ('Blood saturated fatty acid level', 'Secretion of inflammatory molecules by adipose cells'), ('Dysfunctional adipose tissue', 'Inflammation'), ('Coordination', 'Ability to engage in physical activity'), ('Obesity', 'Short sleep duration'), ('Inflammation', 'Asthma'), ('Coronary heart diseases', 'Dyspnea'), ('Tiredness', 'Ability to engage in physical activity'), ('Short sleep duration', 'Heart rate'), ('Blood fatty acid level', 'Blood glucose level'), ('Pro-inflammatory cytokines', 'Inflammation'), ('Respiratory muscle fatigue', 'Dyspnea'), ('Heart rate', 'Coronary heart diseases'), ('Medications', 'Coordination'), ('Beta blockers', 'Ability to engage in physical activity'), ('Sodium intake', 'Blood pressure'), ('Airway resistance', 'Asthma-like symptoms'), ('Medications', 'Concentration'), ('Cells intake of fatty acids', 'Adipose storage of fatty acids'), ('Physical pain', 'Ability to engage in physical activity'), ('Concentration', 'Ability to engage in physical activity'), ('Obesity', 'Release of adipokines'), ('Blood glucose level', 'Sodium retention'), ('Stimulants', 'Short sleep duration'), ('Obesity', 'Dysfunctional adipose tissue'), ('Medications', 'Tiredness'), ('Inflammation', 'Insulin resistance'), ('Inflammation', 'Auto-inflammatory diseases'), ('Blood fatty acid level', 'Adipose storage of fatty acids'), ('Dysfunctional adipose tissue', 'Blood pressure'), ('Dysfunctional adipose tissue', 'Dyslipidemia'), ('Obesity', 'Unhealthy weight control practices'), ('Obesity', 'Asthma-like symptoms'), ('Dyslipidemia', 'Atherosclerosis')]","[('Prevalence of walking trails', 'Quality of the sport infrastructure'), ('Medications', 'Balance'), ('Culture of eating that promotes healthy choices', 'Physical well-being'), ('Secretion of inflammatory molecules by adipose cells', 'Insulin resistance'), ('Presence of a vibrant community', 'Control'), ('Obesity', 'Weight bias'), ('Healthy eating', 'Blood mono-unsaturated fatty acid level'), ('Exercise', 'Heart rate'), ('Available time', 'Recreational physical activity'), ('Chronic conditions', 'Depression'), ('Exercise', 'Insulin resistance'), ('Weight bias', 'Socio-economic status'), ('Mental well-being', 'Physical well-being'), ('Obesity', 'Obstructive sleep apnea'), ('Eating disorders', 'Healthy eating'), ('Consumer demand for regulations', 'Marketing of healthy foods'), ('Dyslipidemia', 'Blood pressure'), ('Obesity', 'Gastro-esophageal reflux disease'), ('Perceived environmental safety', 'Mental well-being'), ('Late night TV watching', 'Short sleep duration'), ('Auto-inflammatory diseases', 'Inflammation'), ('Depression', 'Healthy eating'), ('Socio-economic status', 'Stress'), ('Exercise', 'Blood glucose level'), ('Public support and demand for healthy products', 'Marketing of healthy foods'), ('Unhealthy foods are cheaper than healthy ones', 'Supportive food environment'), ('Control', 'Mental well-being'), ('Atherosclerosis', 'Coronary heart diseases'), ('Socio-economic status', 'Physical well-being'), ('Ability to engage in physical activity', 'Physical activity'), ('Public health messaging around thinness', 'Weight bias'), ('Public support and demand for healthy products', 'Availability of healthy foods'), ('Release of adipokines', 'Atherosclerosis'), ('Consumer demand for regulations', 'Marketing of unhealthy foods'), ('Resilience', 'Mental well-being'), ('Blood mono-unsaturated fatty acid level', 'Secretion of inflammatory molecules by adipose cells'), ('Medical perspective that thin is good', 'Public health messaging around thinness'), ('Mental well-being', 'Medications'), ('Sexual difficulties', 'Mental well-being'), ('Insulin resistance', 'Fatty acids in the artery walls'), ('Insulin resistance', 'Cells intake of fatty acids'), ('Sidewalk prevalence and maintenance', 'Utilitarian physical activity '), ('Adipose storage of fatty acids', 'Inflammation'), ('Socio-economic status', 'Exercise'), ('Thoracic and abdominal obesity', 'Airway resistance'), ('Healthy eating', 'Short sleep duration'), ('Perceived environmental safety', 'Physical well-being'), ('Weight bias', 'Depression'), ('Emotional eating', 'Mental well-being'), ('Late night TV watching', 'Healthy eating'), ('Control', 'Stress'), ('Aesthetics', 'Physical well-being'), ('Economic incentives to produce unhealthy food products', 'Cost of unhealthy foods'), ('Supportive food environment', 'Healthy eating'), ('Appetite', 'Physical well-being'), ('Thoracic and abdominal obesity', 'Respiratory muscle fatigue'), ('Cardiovascular diseases', 'Fear of engaging in physical activity'), ('Socio-economic status', 'Mental well-being'), ('Unhealthy weight control practices', 'Obesity'), ('Exercise', 'Blood pressure'), ('Sodium retention', 'Blood pressure'), ('Short sleep duration', 'Pro-inflammatory cytokines'), ('Medications', 'Obesity'), ('Short sleep duration', 'Appetite'), ('Balance', 'Ability to engage in physical activity'), ('Short sleep duration', 'Cortisol'), ('Airway resistance', 'Asthma'), ('Short sleep duration', 'Blood pressure'), ('Medical perspective that thin is good', 'Cultural norms around thinness'), ('Healthy eating', 'Blood glucose level'), ('Mental well-being', 'Anticonvulsants'), ('Fatty acids in the artery walls', 'Atherosclerosis'), ('Dyslipidemia', 'Insulin resistance'), ('Blood glucose level', 'Fatty acids in the artery walls'), ('Respiratory diseases', 'Ability to engage in physical activity'), ('Blood saturated fatty acid level', 'Secretion of inflammatory molecules by adipose cells'), ('Dysfunctional adipose tissue', 'Inflammation'), ('Weight bias', 'Mental well-being'), ('Coordination', 'Ability to engage in physical activity'), ('Cultural norms around thinness', 'Cultural norms around thinness'), ('Cultural norms around thinness', 'Poor body image'), ('Obesity', 'Short sleep duration'), ('Inflammation', 'Asthma'), ('Healthy eating', 'Sodium intake'), ('Cultural norms around thinness', 'Eating disorders'), ('Poor body image', 'Sexual difficulties'), ('Fear of engaging in physical activity', 'Physical activity'), ('Short sleep duration', 'Healthy eating'), ('Coronary heart diseases', 'Dyspnea'), ('Stress', 'Inflammation'), ('Weight bias', 'Stress'), ('Unhealthy weight control practices', 'Eating disorders'), ('Tiredness', 'Ability to engage in physical activity'), ('Short sleep duration', 'Heart rate'), ('Prevalence of bike trails', 'Quality of the sport infrastructure'), ('Exercise', 'Blood fatty acid level'), ('Mental well-being', 'Emotional eating'), ('Poor body image', 'Poor body image'), ('Blood fatty acid level', 'Blood glucose level'), ('Cardiovascular diseases', 'Depression'), ('Pro-inflammatory cytokines', 'Inflammation'), ('Prevalence of green fields', 'Quality of the sport infrastructure'), ('Mental well-being', 'Antipsychotics'), ('Socio-economic status', 'Control'), ('Weight bias', 'Poor body image'), ('Positive experience of sports', 'Recreational physical activity'), ('Public support and demand for healthy products', 'Cost of healthy foods'), ('Socio-economic status', 'Availability of healthy foods'), ('Cardiovascular diseases', 'Physical well-being'), ('Respiratory muscle fatigue', 'Dyspnea'), ('Heart rate', 'Coronary heart diseases'), ('Pressure to be thin', 'Poor body image'), ('Medications', 'Coordination'), ('Beta blockers', 'Ability to engage in physical activity'), ('Antipsychotics', 'Appetite'), ('Sodium intake', 'Blood pressure'), ('Pressure to be thin', 'Unhealthy weight control practices'), ('Airway resistance', 'Asthma-like symptoms'), ('Depression', 'Stress'), ('Medications', 'Concentration'), ('Public support and demand for healthy products', 'Marketing of unhealthy foods'), ('Poor body image', 'Eating disorders'), ('Emotional eating', 'Healthy eating'), ('Obesity', 'Access to health professionals'), ('Obesity', 'Mental well-being'), ('Unhealthy foods are more available than healthy ones', 'Supportive food environment'), ('Healthy eating', 'Blood saturated fatty acid level'), ('Presence of a vibrant community', 'Resilience'), ('Cells intake of fatty acids', 'Adipose storage of fatty acids'), ('Physical activity', 'Physical well-being'), ('Appetite', 'Healthy eating'), ('Aesthetics', 'Stress'), ('Chronic conditions', 'Mental well-being'), ('Weight bias', 'Positive experience of sports'), ('Healthy eating', 'Dyslipidemia'), ('Quality of the sport infrastructure', 'Recreational physical activity'), ('Physical pain', 'Ability to engage in physical activity'), ('Prevalence of green fields', 'Aesthetics'), ('Concentration', 'Ability to engage in physical activity'), ('Aesthetics', 'Mental well-being'), ('Poor body image', 'Depression'), ('Chronic conditions', 'Physical well-being'), ('Obesity', 'Release of adipokines'), ('Blood glucose level', 'Sodium retention'), ('Restrictive covenants', 'Availability of healthy foods'), ('Musculoskeletal pain', 'Mental well-being'), ('Weight bias', 'Unhealthy weight control practices'), ('Physical activity', 'Mental well-being'), ('Access to health professionals', 'Ability to engage in physical activity'), ('Stimulants', 'Short sleep duration'), ('Culture of eating that promotes healthy choices', 'Healthy eating'), ('Culture of eating that promotes healthy choices', 'Mental well-being'), ('Weight bias', 'Exercise'), ('Obesity', 'Dysfunctional adipose tissue'), ('Medications', 'Tiredness'), ('Inflammation', 'Insulin resistance'), ('Anticonvulsants', 'Appetite'), ('Inflammation', 'Auto-inflammatory diseases'), ('Accessibility to shops', 'Utilitarian physical activity '), ('Blood fatty acid level', 'Adipose storage of fatty acids'), ('Perceived environmental safety', 'Physical activity'), ('Short sleep duration', 'Physical well-being'), ('Cultural norms around thinness', 'Pressure to be thin'), ('Weight bias', 'Access to health professionals'), ('Public health messaging around thinness', 'Pressure to be thin'), ('Dysfunctional adipose tissue', 'Blood pressure'), ('Dysfunctional adipose tissue', 'Dyslipidemia'), ('Aesthetics', 'Utilitarian physical activity '), ('Obesity', 'Unhealthy weight control practices'), ('Obesity', 'Asthma-like symptoms'), ('Marketing ratio of unhealthy to healthy foods', 'Supportive food environment'), ('Dyslipidemia', 'Atherosclerosis'), ('Physical well-being', 'Mental well-being'), ('Public support and demand for healthy products', 'Cost of unhealthy foods'), ('Musculoskeletal pain', 'Physical well-being'), ('Coronary heart diseases', 'Exercise')]"
2,"[('Resilience', 'Cortisol'), ('Pressure to be thin', 'Dysfunctional adipose tissue'), ('Mental well-being', 'Short sleep duration'), ('Stress', 'Inflammation'), ('Poor body image', 'Unhealthy weight control practices'), ('Weight bias', 'Obesity'), ('Physical well-being', 'Ability to engage in physical activity'), ('Culture of eating that promotes healthy choices', 'Blood glucose level'), ('Cultural norms around thinness', 'Blood fatty acid level'), ('Depression', 'Pro-inflammatory cytokines'), ('Socio-economic status', 'Sodium intake')]",1,1,-1,-1,1,"[('Culture of eating that promotes healthy choices', 'Physical well-being'), ('Weight bias', 'Socio-economic status'), ('Mental well-being', 'Physical well-being'), ('Socio-economic status', 'Stress'), ('Control', 'Mental well-being'), ('Socio-economic status', 'Physical well-being'), ('Public health messaging around thinness', 'Weight bias'), ('Resilience', 'Mental well-being'), ('Medical perspective that thin is good', 'Public health messaging around thinness'), ('Weight bias', 'Depression'), ('Control', 'Stress'), ('Socio-economic status', 'Mental well-being'), ('Medical perspective that thin is good', 'Cultural norms around thinness'), ('Weight bias', 'Mental well-being'), ('Cultural norms around thinness', 'Cultural norms around thinness'), ('Cultural norms around thinness', 'Poor body image'), ('Weight bias', 'Stress'), ('Poor body image', 'Poor body image'), ('Socio-economic status', 'Control'), ('Weight bias', 'Poor body image'), ('Pressure to be thin', 'Poor body image'), ('Depression', 'Stress'), ('Poor body image', 'Depression'), ('Culture of eating that promotes healthy choices', 'Mental well-being'), ('Cultural norms around thinness', 'Pressure to be thin'), ('Public health messaging around thinness', 'Pressure to be thin'), ('Physical well-being', 'Mental well-being')]","[('Medications', 'Balance'), ('Secretion of inflammatory molecules by adipose cells', 'Insulin resistance'), ('Obesity', 'Obstructive sleep apnea'), ('Dyslipidemia', 'Blood pressure'), ('Obesity', 'Gastro-esophageal reflux disease'), ('Auto-inflammatory diseases', 'Inflammation'), ('Atherosclerosis', 'Coronary heart diseases'), ('Release of adipokines', 'Atherosclerosis'), ('Blood mono-unsaturated fatty acid level', 'Secretion of inflammatory molecules by adipose cells'), ('Insulin resistance', 'Fatty acids in the artery walls'), ('Insulin resistance', 'Cells intake of fatty acids'), ('Adipose storage of fatty acids', 'Inflammation'), ('Thoracic and abdominal obesity', 'Airway resistance'), ('Thoracic and abdominal obesity', 'Respiratory muscle fatigue'), ('Unhealthy weight control practices', 'Obesity'), ('Sodium retention', 'Blood pressure'), ('Short sleep duration', 'Pro-inflammatory cytokines'), ('Medications', 'Obesity'), ('Balance', 'Ability to engage in physical activity'), ('Short sleep duration', 'Cortisol'), ('Airway resistance', 'Asthma'), ('Short sleep duration', 'Blood pressure'), ('Fatty acids in the artery walls', 'Atherosclerosis'), ('Dyslipidemia', 'Insulin resistance'), ('Blood glucose level', 'Fatty acids in the artery walls'), ('Respiratory diseases', 'Ability to engage in physical activity'), ('Blood saturated fatty acid level', 'Secretion of inflammatory molecules by adipose cells'), ('Dysfunctional adipose tissue', 'Inflammation'), ('Coordination', 'Ability to engage in physical activity'), ('Obesity', 'Short sleep duration'), ('Inflammation', 'Asthma'), ('Coronary heart diseases', 'Dyspnea'), ('Tiredness', 'Ability to engage in physical activity'), ('Short sleep duration', 'Heart rate'), ('Blood fatty acid level', 'Blood glucose level'), ('Pro-inflammatory cytokines', 'Inflammation'), ('Respiratory muscle fatigue', 'Dyspnea'), ('Heart rate', 'Coronary heart diseases'), ('Medications', 'Coordination'), ('Beta blockers', 'Ability to engage in physical activity'), ('Sodium intake', 'Blood pressure'), ('Airway resistance', 'Asthma-like symptoms'), ('Medications', 'Concentration'), ('Cells intake of fatty acids', 'Adipose storage of fatty acids'), ('Physical pain', 'Ability to engage in physical activity'), ('Concentration', 'Ability to engage in physical activity'), ('Obesity', 'Release of adipokines'), ('Blood glucose level', 'Sodium retention'), ('Stimulants', 'Short sleep duration'), ('Obesity', 'Dysfunctional adipose tissue'), ('Medications', 'Tiredness'), ('Inflammation', 'Insulin resistance'), ('Inflammation', 'Auto-inflammatory diseases'), ('Blood fatty acid level', 'Adipose storage of fatty acids'), ('Dysfunctional adipose tissue', 'Blood pressure'), ('Dysfunctional adipose tissue', 'Dyslipidemia'), ('Obesity', 'Unhealthy weight control practices'), ('Obesity', 'Asthma-like symptoms'), ('Dyslipidemia', 'Atherosclerosis')]","[('Prevalence of walking trails', 'Quality of the sport infrastructure'), ('Medications', 'Balance'), ('Culture of eating that promotes healthy choices', 'Physical well-being'), ('Secretion of inflammatory molecules by adipose cells', 'Insulin resistance'), ('Presence of a vibrant community', 'Control'), ('Obesity', 'Weight bias'), ('Healthy eating', 'Blood mono-unsaturated fatty acid level'), ('Exercise', 'Heart rate'), ('Available time', 'Recreational physical activity'), ('Chronic conditions', 'Depression'), ('Exercise', 'Insulin resistance'), ('Weight bias', 'Socio-economic status'), ('Mental well-being', 'Physical well-being'), ('Obesity', 'Obstructive sleep apnea'), ('Eating disorders', 'Healthy eating'), ('Consumer demand for regulations', 'Marketing of healthy foods'), ('Dyslipidemia', 'Blood pressure'), ('Obesity', 'Gastro-esophageal reflux disease'), ('Perceived environmental safety', 'Mental well-being'), ('Late night TV watching', 'Short sleep duration'), ('Auto-inflammatory diseases', 'Inflammation'), ('Depression', 'Healthy eating'), ('Socio-economic status', 'Stress'), ('Exercise', 'Blood glucose level'), ('Public support and demand for healthy products', 'Marketing of healthy foods'), ('Unhealthy foods are cheaper than healthy ones', 'Supportive food environment'), ('Control', 'Mental well-being'), ('Atherosclerosis', 'Coronary heart diseases'), ('Socio-economic status', 'Physical well-being'), ('Ability to engage in physical activity', 'Physical activity'), ('Public health messaging around thinness', 'Weight bias'), ('Public support and demand for healthy products', 'Availability of healthy foods'), ('Release of adipokines', 'Atherosclerosis'), ('Consumer demand for regulations', 'Marketing of unhealthy foods'), ('Resilience', 'Mental well-being'), ('Blood mono-unsaturated fatty acid level', 'Secretion of inflammatory molecules by adipose cells'), ('Medical perspective that thin is good', 'Public health messaging around thinness'), ('Mental well-being', 'Medications'), ('Sexual difficulties', 'Mental well-being'), ('Insulin resistance', 'Fatty acids in the artery walls'), ('Insulin resistance', 'Cells intake of fatty acids'), ('Sidewalk prevalence and maintenance', 'Utilitarian physical activity '), ('Adipose storage of fatty acids', 'Inflammation'), ('Socio-economic status', 'Exercise'), ('Thoracic and abdominal obesity', 'Airway resistance'), ('Healthy eating', 'Short sleep duration'), ('Perceived environmental safety', 'Physical well-being'), ('Weight bias', 'Depression'), ('Emotional eating', 'Mental well-being'), ('Late night TV watching', 'Healthy eating'), ('Control', 'Stress'), ('Aesthetics', 'Physical well-being'), ('Economic incentives to produce unhealthy food products', 'Cost of unhealthy foods'), ('Supportive food environment', 'Healthy eating'), ('Appetite', 'Physical well-being'), ('Thoracic and abdominal obesity', 'Respiratory muscle fatigue'), ('Cardiovascular diseases', 'Fear of engaging in physical activity'), ('Socio-economic status', 'Mental well-being'), ('Unhealthy weight control practices', 'Obesity'), ('Exercise', 'Blood pressure'), ('Sodium retention', 'Blood pressure'), ('Short sleep duration', 'Pro-inflammatory cytokines'), ('Medications', 'Obesity'), ('Short sleep duration', 'Appetite'), ('Balance', 'Ability to engage in physical activity'), ('Short sleep duration', 'Cortisol'), ('Airway resistance', 'Asthma'), ('Short sleep duration', 'Blood pressure'), ('Medical perspective that thin is good', 'Cultural norms around thinness'), ('Healthy eating', 'Blood glucose level'), ('Mental well-being', 'Anticonvulsants'), ('Fatty acids in the artery walls', 'Atherosclerosis'), ('Dyslipidemia', 'Insulin resistance'), ('Blood glucose level', 'Fatty acids in the artery walls'), ('Respiratory diseases', 'Ability to engage in physical activity'), ('Blood saturated fatty acid level', 'Secretion of inflammatory molecules by adipose cells'), ('Dysfunctional adipose tissue', 'Inflammation'), ('Weight bias', 'Mental well-being'), ('Coordination', 'Ability to engage in physical activity'), ('Cultural norms around thinness', 'Cultural norms around thinness'), ('Cultural norms around thinness', 'Poor body image'), ('Obesity', 'Short sleep duration'), ('Inflammation', 'Asthma'), ('Healthy eating', 'Sodium intake'), ('Cultural norms around thinness', 'Eating disorders'), ('Poor body image', 'Sexual difficulties'), ('Fear of engaging in physical activity', 'Physical activity'), ('Short sleep duration', 'Healthy eating'), ('Coronary heart diseases', 'Dyspnea'), ('Stress', 'Inflammation'), ('Weight bias', 'Stress'), ('Unhealthy weight control practices', 'Eating disorders'), ('Tiredness', 'Ability to engage in physical activity'), ('Short sleep duration', 'Heart rate'), ('Prevalence of bike trails', 'Quality of the sport infrastructure'), ('Exercise', 'Blood fatty acid level'), ('Mental well-being', 'Emotional eating'), ('Poor body image', 'Poor body image'), ('Blood fatty acid level', 'Blood glucose level'), ('Cardiovascular diseases', 'Depression'), ('Pro-inflammatory cytokines', 'Inflammation'), ('Prevalence of green fields', 'Quality of the sport infrastructure'), ('Mental well-being', 'Antipsychotics'), ('Socio-economic status', 'Control'), ('Weight bias', 'Poor body image'), ('Positive experience of sports', 'Recreational physical activity'), ('Public support and demand for healthy products', 'Cost of healthy foods'), ('Socio-economic status', 'Availability of healthy foods'), ('Cardiovascular diseases', 'Physical well-being'), ('Respiratory muscle fatigue', 'Dyspnea'), ('Heart rate', 'Coronary heart diseases'), ('Pressure to be thin', 'Poor body image'), ('Medications', 'Coordination'), ('Beta blockers', 'Ability to engage in physical activity'), ('Antipsychotics', 'Appetite'), ('Sodium intake', 'Blood pressure'), ('Pressure to be thin', 'Unhealthy weight control practices'), ('Airway resistance', 'Asthma-like symptoms'), ('Depression', 'Stress'), ('Medications', 'Concentration'), ('Public support and demand for healthy products', 'Marketing of unhealthy foods'), ('Poor body image', 'Eating disorders'), ('Emotional eating', 'Healthy eating'), ('Obesity', 'Access to health professionals'), ('Obesity', 'Mental well-being'), ('Unhealthy foods are more available than healthy ones', 'Supportive food environment'), ('Healthy eating', 'Blood saturated fatty acid level'), ('Presence of a vibrant community', 'Resilience'), ('Cells intake of fatty acids', 'Adipose storage of fatty acids'), ('Physical activity', 'Physical well-being'), ('Appetite', 'Healthy eating'), ('Aesthetics', 'Stress'), ('Chronic conditions', 'Mental well-being'), ('Weight bias', 'Positive experience of sports'), ('Healthy eating', 'Dyslipidemia'), ('Quality of the sport infrastructure', 'Recreational physical activity'), ('Physical pain', 'Ability to engage in physical activity'), ('Prevalence of green fields', 'Aesthetics'), ('Concentration', 'Ability to engage in physical activity'), ('Aesthetics', 'Mental well-being'), ('Poor body image', 'Depression'), ('Chronic conditions', 'Physical well-being'), ('Obesity', 'Release of adipokines'), ('Blood glucose level', 'Sodium retention'), ('Restrictive covenants', 'Availability of healthy foods'), ('Musculoskeletal pain', 'Mental well-being'), ('Weight bias', 'Unhealthy weight control practices'), ('Physical activity', 'Mental well-being'), ('Access to health professionals', 'Ability to engage in physical activity'), ('Stimulants', 'Short sleep duration'), ('Culture of eating that promotes healthy choices', 'Healthy eating'), ('Culture of eating that promotes healthy choices', 'Mental well-being'), ('Weight bias', 'Exercise'), ('Obesity', 'Dysfunctional adipose tissue'), ('Medications', 'Tiredness'), ('Inflammation', 'Insulin resistance'), ('Anticonvulsants', 'Appetite'), ('Inflammation', 'Auto-inflammatory diseases'), ('Accessibility to shops', 'Utilitarian physical activity '), ('Blood fatty acid level', 'Adipose storage of fatty acids'), ('Perceived environmental safety', 'Physical activity'), ('Short sleep duration', 'Physical well-being'), ('Cultural norms around thinness', 'Pressure to be thin'), ('Weight bias', 'Access to health professionals'), ('Public health messaging around thinness', 'Pressure to be thin'), ('Dysfunctional adipose tissue', 'Blood pressure'), ('Dysfunctional adipose tissue', 'Dyslipidemia'), ('Aesthetics', 'Utilitarian physical activity '), ('Obesity', 'Unhealthy weight control practices'), ('Obesity', 'Asthma-like symptoms'), ('Marketing ratio of unhealthy to healthy foods', 'Supportive food environment'), ('Dyslipidemia', 'Atherosclerosis'), ('Physical well-being', 'Mental well-being'), ('Public support and demand for healthy products', 'Cost of unhealthy foods'), ('Musculoskeletal pain', 'Physical well-being'), ('Coronary heart diseases', 'Exercise')]"
3,"[('Resilience', 'Cortisol'), ('Pressure to be thin', 'Dysfunctional adipose tissue'), ('Mental well-being', 'Short sleep duration'), ('Stress', 'Inflammation'), ('Poor body image', 'Unhealthy weight control practices'), ('Weight bias', 'Obesity'), ('Physical well-being', 'Ability to engage in physical activity'), ('Culture of eating that promotes healthy choices', 'Blood glucose level'), ('Cultural norms around thinness', 'Blood fatty acid level'), ('Depression', 'Pro-inflammatory cytokines'), ('Socio-economic status', 'Sodium intake')]",1,1,-1,-1,1,"[('Culture of eating that promotes healthy choices', 'Physical well-being'), ('Weight bias', 'Socio-economic status'), ('Mental well-being', 'Physical well-being'), ('Socio-economic status', 'Stress'), ('Control', 'Mental well-being'), ('Socio-economic status', 'Physical well-being'), ('Public health messaging around thinness', 'Weight bias'), ('Resilience', 'Mental well-being'), ('Medical perspective that thin is good', 'Public health messaging around thinness'), ('Weight bias', 'Depression'), ('Control', 'Stress'), ('Socio-economic status', 'Mental well-being'), ('Medical perspective that thin is good', 'Cultural norms around thinness'), ('Weight bias', 'Mental well-being'), ('Cultural norms around thinness', 'Cultural norms around thinness'), ('Cultural norms around thinness', 'Poor body image'), ('Weight bias', 'Stress'), ('Poor body image', 'Poor body image'), ('Socio-economic status', 'Control'), ('Weight bias', 'Poor body image'), ('Pressure to be thin', 'Poor body image'), ('Depression', 'Stress'), ('Poor body image', 'Depression'), ('Culture of eating that promotes healthy choices', 'Mental well-being'), ('Cultural norms around thinness', 'Pressure to be thin'), ('Public health messaging around thinness', 'Pressure to be thin'), ('Physical well-being', 'Mental well-being')]","[('Medications', 'Balance'), ('Secretion of inflammatory molecules by adipose cells', 'Insulin resistance'), ('Obesity', 'Obstructive sleep apnea'), ('Dyslipidemia', 'Blood pressure'), ('Obesity', 'Gastro-esophageal reflux disease'), ('Auto-inflammatory diseases', 'Inflammation'), ('Atherosclerosis', 'Coronary heart diseases'), ('Release of adipokines', 'Atherosclerosis'), ('Blood mono-unsaturated fatty acid level', 'Secretion of inflammatory molecules by adipose cells'), ('Insulin resistance', 'Fatty acids in the artery walls'), ('Insulin resistance', 'Cells intake of fatty acids'), ('Adipose storage of fatty acids', 'Inflammation'), ('Thoracic and abdominal obesity', 'Airway resistance'), ('Thoracic and abdominal obesity', 'Respiratory muscle fatigue'), ('Unhealthy weight control practices', 'Obesity'), ('Sodium retention', 'Blood pressure'), ('Short sleep duration', 'Pro-inflammatory cytokines'), ('Medications', 'Obesity'), ('Balance', 'Ability to engage in physical activity'), ('Short sleep duration', 'Cortisol'), ('Airway resistance', 'Asthma'), ('Short sleep duration', 'Blood pressure'), ('Fatty acids in the artery walls', 'Atherosclerosis'), ('Dyslipidemia', 'Insulin resistance'), ('Blood glucose level', 'Fatty acids in the artery walls'), ('Respiratory diseases', 'Ability to engage in physical activity'), ('Blood saturated fatty acid level', 'Secretion of inflammatory molecules by adipose cells'), ('Dysfunctional adipose tissue', 'Inflammation'), ('Coordination', 'Ability to engage in physical activity'), ('Obesity', 'Short sleep duration'), ('Inflammation', 'Asthma'), ('Coronary heart diseases', 'Dyspnea'), ('Tiredness', 'Ability to engage in physical activity'), ('Short sleep duration', 'Heart rate'), ('Blood fatty acid level', 'Blood glucose level'), ('Pro-inflammatory cytokines', 'Inflammation'), ('Respiratory muscle fatigue', 'Dyspnea'), ('Heart rate', 'Coronary heart diseases'), ('Medications', 'Coordination'), ('Beta blockers', 'Ability to engage in physical activity'), ('Sodium intake', 'Blood pressure'), ('Airway resistance', 'Asthma-like symptoms'), ('Medications', 'Concentration'), ('Cells intake of fatty acids', 'Adipose storage of fatty acids'), ('Physical pain', 'Ability to engage in physical activity'), ('Concentration', 'Ability to engage in physical activity'), ('Obesity', 'Release of adipokines'), ('Blood glucose level', 'Sodium retention'), ('Stimulants', 'Short sleep duration'), ('Obesity', 'Dysfunctional adipose tissue'), ('Medications', 'Tiredness'), ('Inflammation', 'Insulin resistance'), ('Inflammation', 'Auto-inflammatory diseases'), ('Blood fatty acid level', 'Adipose storage of fatty acids'), ('Dysfunctional adipose tissue', 'Blood pressure'), ('Dysfunctional adipose tissue', 'Dyslipidemia'), ('Obesity', 'Unhealthy weight control practices'), ('Obesity', 'Asthma-like symptoms'), ('Dyslipidemia', 'Atherosclerosis')]","[('Prevalence of walking trails', 'Quality of the sport infrastructure'), ('Medications', 'Balance'), ('Culture of eating that promotes healthy choices', 'Physical well-being'), ('Secretion of inflammatory molecules by adipose cells', 'Insulin resistance'), ('Presence of a vibrant community', 'Control'), ('Obesity', 'Weight bias'), ('Healthy eating', 'Blood mono-unsaturated fatty acid level'), ('Exercise', 'Heart rate'), ('Available time', 'Recreational physical activity'), ('Chronic conditions', 'Depression'), ('Exercise', 'Insulin resistance'), ('Weight bias', 'Socio-economic status'), ('Mental well-being', 'Physical well-being'), ('Obesity', 'Obstructive sleep apnea'), ('Eating disorders', 'Healthy eating'), ('Consumer demand for regulations', 'Marketing of healthy foods'), ('Dyslipidemia', 'Blood pressure'), ('Obesity', 'Gastro-esophageal reflux disease'), ('Perceived environmental safety', 'Mental well-being'), ('Late night TV watching', 'Short sleep duration'), ('Auto-inflammatory diseases', 'Inflammation'), ('Depression', 'Healthy eating'), ('Socio-economic status', 'Stress'), ('Exercise', 'Blood glucose level'), ('Public support and demand for healthy products', 'Marketing of healthy foods'), ('Unhealthy foods are cheaper than healthy ones', 'Supportive food environment'), ('Control', 'Mental well-being'), ('Atherosclerosis', 'Coronary heart diseases'), ('Socio-economic status', 'Physical well-being'), ('Ability to engage in physical activity', 'Physical activity'), ('Public health messaging around thinness', 'Weight bias'), ('Public support and demand for healthy products', 'Availability of healthy foods'), ('Release of adipokines', 'Atherosclerosis'), ('Consumer demand for regulations', 'Marketing of unhealthy foods'), ('Resilience', 'Mental well-being'), ('Blood mono-unsaturated fatty acid level', 'Secretion of inflammatory molecules by adipose cells'), ('Medical perspective that thin is good', 'Public health messaging around thinness'), ('Mental well-being', 'Medications'), ('Sexual difficulties', 'Mental well-being'), ('Insulin resistance', 'Fatty acids in the artery walls'), ('Insulin resistance', 'Cells intake of fatty acids'), ('Sidewalk prevalence and maintenance', 'Utilitarian physical activity '), ('Adipose storage of fatty acids', 'Inflammation'), ('Socio-economic status', 'Exercise'), ('Thoracic and abdominal obesity', 'Airway resistance'), ('Healthy eating', 'Short sleep duration'), ('Perceived environmental safety', 'Physical well-being'), ('Weight bias', 'Depression'), ('Emotional eating', 'Mental well-being'), ('Late night TV watching', 'Healthy eating'), ('Control', 'Stress'), ('Aesthetics', 'Physical well-being'), ('Economic incentives to produce unhealthy food products', 'Cost of unhealthy foods'), ('Supportive food environment', 'Healthy eating'), ('Appetite', 'Physical well-being'), ('Thoracic and abdominal obesity', 'Respiratory muscle fatigue'), ('Cardiovascular diseases', 'Fear of engaging in physical activity'), ('Socio-economic status', 'Mental well-being'), ('Unhealthy weight control practices', 'Obesity'), ('Exercise', 'Blood pressure'), ('Sodium retention', 'Blood pressure'), ('Short sleep duration', 'Pro-inflammatory cytokines'), ('Medications', 'Obesity'), ('Short sleep duration', 'Appetite'), ('Balance', 'Ability to engage in physical activity'), ('Short sleep duration', 'Cortisol'), ('Airway resistance', 'Asthma'), ('Short sleep duration', 'Blood pressure'), ('Medical perspective that thin is good', 'Cultural norms around thinness'), ('Healthy eating', 'Blood glucose level'), ('Mental well-being', 'Anticonvulsants'), ('Fatty acids in the artery walls', 'Atherosclerosis'), ('Dyslipidemia', 'Insulin resistance'), ('Blood glucose level', 'Fatty acids in the artery walls'), ('Respiratory diseases', 'Ability to engage in physical activity'), ('Blood saturated fatty acid level', 'Secretion of inflammatory molecules by adipose cells'), ('Dysfunctional adipose tissue', 'Inflammation'), ('Weight bias', 'Mental well-being'), ('Coordination', 'Ability to engage in physical activity'), ('Cultural norms around thinness', 'Cultural norms around thinness'), ('Cultural norms around thinness', 'Poor body image'), ('Obesity', 'Short sleep duration'), ('Inflammation', 'Asthma'), ('Healthy eating', 'Sodium intake'), ('Cultural norms around thinness', 'Eating disorders'), ('Poor body image', 'Sexual difficulties'), ('Fear of engaging in physical activity', 'Physical activity'), ('Short sleep duration', 'Healthy eating'), ('Coronary heart diseases', 'Dyspnea'), ('Stress', 'Inflammation'), ('Weight bias', 'Stress'), ('Unhealthy weight control practices', 'Eating disorders'), ('Tiredness', 'Ability to engage in physical activity'), ('Short sleep duration', 'Heart rate'), ('Prevalence of bike trails', 'Quality of the sport infrastructure'), ('Exercise', 'Blood fatty acid level'), ('Mental well-being', 'Emotional eating'), ('Poor body image', 'Poor body image'), ('Blood fatty acid level', 'Blood glucose level'), ('Cardiovascular diseases', 'Depression'), ('Pro-inflammatory cytokines', 'Inflammation'), ('Prevalence of green fields', 'Quality of the sport infrastructure'), ('Mental well-being', 'Antipsychotics'), ('Socio-economic status', 'Control'), ('Weight bias', 'Poor body image'), ('Positive experience of sports', 'Recreational physical activity'), ('Public support and demand for healthy products', 'Cost of healthy foods'), ('Socio-economic status', 'Availability of healthy foods'), ('Cardiovascular diseases', 'Physical well-being'), ('Respiratory muscle fatigue', 'Dyspnea'), ('Heart rate', 'Coronary heart diseases'), ('Pressure to be thin', 'Poor body image'), ('Medications', 'Coordination'), ('Beta blockers', 'Ability to engage in physical activity'), ('Antipsychotics', 'Appetite'), ('Sodium intake', 'Blood pressure'), ('Pressure to be thin', 'Unhealthy weight control practices'), ('Airway resistance', 'Asthma-like symptoms'), ('Depression', 'Stress'), ('Medications', 'Concentration'), ('Public support and demand for healthy products', 'Marketing of unhealthy foods'), ('Poor body image', 'Eating disorders'), ('Emotional eating', 'Healthy eating'), ('Obesity', 'Access to health professionals'), ('Obesity', 'Mental well-being'), ('Unhealthy foods are more available than healthy ones', 'Supportive food environment'), ('Healthy eating', 'Blood saturated fatty acid level'), ('Presence of a vibrant community', 'Resilience'), ('Cells intake of fatty acids', 'Adipose storage of fatty acids'), ('Physical activity', 'Physical well-being'), ('Appetite', 'Healthy eating'), ('Aesthetics', 'Stress'), ('Chronic conditions', 'Mental well-being'), ('Weight bias', 'Positive experience of sports'), ('Healthy eating', 'Dyslipidemia'), ('Quality of the sport infrastructure', 'Recreational physical activity'), ('Physical pain', 'Ability to engage in physical activity'), ('Prevalence of green fields', 'Aesthetics'), ('Concentration', 'Ability to engage in physical activity'), ('Aesthetics', 'Mental well-being'), ('Poor body image', 'Depression'), ('Chronic conditions', 'Physical well-being'), ('Obesity', 'Release of adipokines'), ('Blood glucose level', 'Sodium retention'), ('Restrictive covenants', 'Availability of healthy foods'), ('Musculoskeletal pain', 'Mental well-being'), ('Weight bias', 'Unhealthy weight control practices'), ('Physical activity', 'Mental well-being'), ('Access to health professionals', 'Ability to engage in physical activity'), ('Stimulants', 'Short sleep duration'), ('Culture of eating that promotes healthy choices', 'Healthy eating'), ('Culture of eating that promotes healthy choices', 'Mental well-being'), ('Weight bias', 'Exercise'), ('Obesity', 'Dysfunctional adipose tissue'), ('Medications', 'Tiredness'), ('Inflammation', 'Insulin resistance'), ('Anticonvulsants', 'Appetite'), ('Inflammation', 'Auto-inflammatory diseases'), ('Accessibility to shops', 'Utilitarian physical activity '), ('Blood fatty acid level', 'Adipose storage of fatty acids'), ('Perceived environmental safety', 'Physical activity'), ('Short sleep duration', 'Physical well-being'), ('Cultural norms around thinness', 'Pressure to be thin'), ('Weight bias', 'Access to health professionals'), ('Public health messaging around thinness', 'Pressure to be thin'), ('Dysfunctional adipose tissue', 'Blood pressure'), ('Dysfunctional adipose tissue', 'Dyslipidemia'), ('Aesthetics', 'Utilitarian physical activity '), ('Obesity', 'Unhealthy weight control practices'), ('Obesity', 'Asthma-like symptoms'), ('Marketing ratio of unhealthy to healthy foods', 'Supportive food environment'), ('Dyslipidemia', 'Atherosclerosis'), ('Physical well-being', 'Mental well-being'), ('Public support and demand for healthy products', 'Cost of unhealthy foods'), ('Musculoskeletal pain', 'Physical well-being'), ('Coronary heart diseases', 'Exercise')]"
4,"[('Resilience', 'Cortisol'), ('Pressure to be thin', 'Dysfunctional adipose tissue'), ('Mental well-being', 'Short sleep duration'), ('Stress', 'Inflammation'), ('Poor body image', 'Unhealthy weight control practices'), ('Weight bias', 'Obesity'), ('Physical well-being', 'Ability to engage in physical activity'), ('Culture of eating that promotes healthy choices', 'Blood glucose level'), ('Cultural norms around thinness', 'Blood fatty acid level'), ('Depression', 'Pro-inflammatory cytokines'), ('Socio-economic status', 'Sodium intake')]",1,1,-1,-1,1,"[('Culture of eating that promotes healthy choices', 'Physical well-being'), ('Weight bias', 'Socio-economic status'), ('Mental well-being', 'Physical well-being'), ('Socio-economic status', 'Stress'), ('Control', 'Mental well-being'), ('Socio-economic status', 'Physical well-being'), ('Public health messaging around thinness', 'Weight bias'), ('Resilience', 'Mental well-being'), ('Medical perspective that thin is good', 'Public health messaging around thinness'), ('Weight bias', 'Depression'), ('Control', 'Stress'), ('Socio-economic status', 'Mental well-being'), ('Medical perspective that thin is good', 'Cultural norms around thinness'), ('Weight bias', 'Mental well-being'), ('Cultural norms around thinness', 'Cultural norms around thinness'), ('Cultural norms around thinness', 'Poor body image'), ('Weight bias', 'Stress'), ('Poor body image', 'Poor body image'), ('Socio-economic status', 'Control'), ('Weight bias', 'Poor body image'), ('Pressure to be thin', 'Poor body image'), ('Depression', 'Stress'), ('Poor body image', 'Depression'), ('Culture of eating that promotes healthy choices', 'Mental well-being'), ('Cultural norms around thinness', 'Pressure to be thin'), ('Public health messaging around thinness', 'Pressure to be thin'), ('Physical well-being', 'Mental well-being')]","[('Medications', 'Balance'), ('Secretion of inflammatory molecules by adipose cells', 'Insulin resistance'), ('Obesity', 'Obstructive sleep apnea'), ('Dyslipidemia', 'Blood pressure'), ('Obesity', 'Gastro-esophageal reflux disease'), ('Auto-inflammatory diseases', 'Inflammation'), ('Atherosclerosis', 'Coronary heart diseases'), ('Release of adipokines', 'Atherosclerosis'), ('Blood mono-unsaturated fatty acid level', 'Secretion of inflammatory molecules by adipose cells'), ('Insulin resistance', 'Fatty acids in the artery walls'), ('Insulin resistance', 'Cells intake of fatty acids'), ('Adipose storage of fatty acids', 'Inflammation'), ('Thoracic and abdominal obesity', 'Airway resistance'), ('Thoracic and abdominal obesity', 'Respiratory muscle fatigue'), ('Unhealthy weight control practices', 'Obesity'), ('Sodium retention', 'Blood pressure'), ('Short sleep duration', 'Pro-inflammatory cytokines'), ('Medications', 'Obesity'), ('Balance', 'Ability to engage in physical activity'), ('Short sleep duration', 'Cortisol'), ('Airway resistance', 'Asthma'), ('Short sleep duration', 'Blood pressure'), ('Fatty acids in the artery walls', 'Atherosclerosis'), ('Dyslipidemia', 'Insulin resistance'), ('Blood glucose level', 'Fatty acids in the artery walls'), ('Respiratory diseases', 'Ability to engage in physical activity'), ('Blood saturated fatty acid level', 'Secretion of inflammatory molecules by adipose cells'), ('Dysfunctional adipose tissue', 'Inflammation'), ('Coordination', 'Ability to engage in physical activity'), ('Obesity', 'Short sleep duration'), ('Inflammation', 'Asthma'), ('Coronary heart diseases', 'Dyspnea'), ('Tiredness', 'Ability to engage in physical activity'), ('Short sleep duration', 'Heart rate'), ('Blood fatty acid level', 'Blood glucose level'), ('Pro-inflammatory cytokines', 'Inflammation'), ('Respiratory muscle fatigue', 'Dyspnea'), ('Heart rate', 'Coronary heart diseases'), ('Medications', 'Coordination'), ('Beta blockers', 'Ability to engage in physical activity'), ('Sodium intake', 'Blood pressure'), ('Airway resistance', 'Asthma-like symptoms'), ('Medications', 'Concentration'), ('Cells intake of fatty acids', 'Adipose storage of fatty acids'), ('Physical pain', 'Ability to engage in physical activity'), ('Concentration', 'Ability to engage in physical activity'), ('Obesity', 'Release of adipokines'), ('Blood glucose level', 'Sodium retention'), ('Stimulants', 'Short sleep duration'), ('Obesity', 'Dysfunctional adipose tissue'), ('Medications', 'Tiredness'), ('Inflammation', 'Insulin resistance'), ('Inflammation', 'Auto-inflammatory diseases'), ('Blood fatty acid level', 'Adipose storage of fatty acids'), ('Dysfunctional adipose tissue', 'Blood pressure'), ('Dysfunctional adipose tissue', 'Dyslipidemia'), ('Obesity', 'Unhealthy weight control practices'), ('Obesity', 'Asthma-like symptoms'), ('Dyslipidemia', 'Atherosclerosis')]","[('Prevalence of walking trails', 'Quality of the sport infrastructure'), ('Medications', 'Balance'), ('Culture of eating that promotes healthy choices', 'Physical well-being'), ('Secretion of inflammatory molecules by adipose cells', 'Insulin resistance'), ('Presence of a vibrant community', 'Control'), ('Obesity', 'Weight bias'), ('Healthy eating', 'Blood mono-unsaturated fatty acid level'), ('Exercise', 'Heart rate'), ('Available time', 'Recreational physical activity'), ('Chronic conditions', 'Depression'), ('Exercise', 'Insulin resistance'), ('Weight bias', 'Socio-economic status'), ('Mental well-being', 'Physical well-being'), ('Obesity', 'Obstructive sleep apnea'), ('Eating disorders', 'Healthy eating'), ('Consumer demand for regulations', 'Marketing of healthy foods'), ('Dyslipidemia', 'Blood pressure'), ('Obesity', 'Gastro-esophageal reflux disease'), ('Perceived environmental safety', 'Mental well-being'), ('Late night TV watching', 'Short sleep duration'), ('Auto-inflammatory diseases', 'Inflammation'), ('Depression', 'Healthy eating'), ('Socio-economic status', 'Stress'), ('Exercise', 'Blood glucose level'), ('Public support and demand for healthy products', 'Marketing of healthy foods'), ('Unhealthy foods are cheaper than healthy ones', 'Supportive food environment'), ('Control', 'Mental well-being'), ('Atherosclerosis', 'Coronary heart diseases'), ('Socio-economic status', 'Physical well-being'), ('Ability to engage in physical activity', 'Physical activity'), ('Public health messaging around thinness', 'Weight bias'), ('Public support and demand for healthy products', 'Availability of healthy foods'), ('Release of adipokines', 'Atherosclerosis'), ('Consumer demand for regulations', 'Marketing of unhealthy foods'), ('Resilience', 'Mental well-being'), ('Blood mono-unsaturated fatty acid level', 'Secretion of inflammatory molecules by adipose cells'), ('Medical perspective that thin is good', 'Public health messaging around thinness'), ('Mental well-being', 'Medications'), ('Sexual difficulties', 'Mental well-being'), ('Insulin resistance', 'Fatty acids in the artery walls'), ('Insulin resistance', 'Cells intake of fatty acids'), ('Sidewalk prevalence and maintenance', 'Utilitarian physical activity '), ('Adipose storage of fatty acids', 'Inflammation'), ('Socio-economic status', 'Exercise'), ('Thoracic and abdominal obesity', 'Airway resistance'), ('Healthy eating', 'Short sleep duration'), ('Perceived environmental safety', 'Physical well-being'), ('Weight bias', 'Depression'), ('Emotional eating', 'Mental well-being'), ('Late night TV watching', 'Healthy eating'), ('Control', 'Stress'), ('Aesthetics', 'Physical well-being'), ('Economic incentives to produce unhealthy food products', 'Cost of unhealthy foods'), ('Supportive food environment', 'Healthy eating'), ('Appetite', 'Physical well-being'), ('Thoracic and abdominal obesity', 'Respiratory muscle fatigue'), ('Cardiovascular diseases', 'Fear of engaging in physical activity'), ('Socio-economic status', 'Mental well-being'), ('Unhealthy weight control practices', 'Obesity'), ('Exercise', 'Blood pressure'), ('Sodium retention', 'Blood pressure'), ('Short sleep duration', 'Pro-inflammatory cytokines'), ('Medications', 'Obesity'), ('Short sleep duration', 'Appetite'), ('Balance', 'Ability to engage in physical activity'), ('Short sleep duration', 'Cortisol'), ('Airway resistance', 'Asthma'), ('Short sleep duration', 'Blood pressure'), ('Medical perspective that thin is good', 'Cultural norms around thinness'), ('Healthy eating', 'Blood glucose level'), ('Mental well-being', 'Anticonvulsants'), ('Fatty acids in the artery walls', 'Atherosclerosis'), ('Dyslipidemia', 'Insulin resistance'), ('Blood glucose level', 'Fatty acids in the artery walls'), ('Respiratory diseases', 'Ability to engage in physical activity'), ('Blood saturated fatty acid level', 'Secretion of inflammatory molecules by adipose cells'), ('Dysfunctional adipose tissue', 'Inflammation'), ('Weight bias', 'Mental well-being'), ('Coordination', 'Ability to engage in physical activity'), ('Cultural norms around thinness', 'Cultural norms around thinness'), ('Cultural norms around thinness', 'Poor body image'), ('Obesity', 'Short sleep duration'), ('Inflammation', 'Asthma'), ('Healthy eating', 'Sodium intake'), ('Cultural norms around thinness', 'Eating disorders'), ('Poor body image', 'Sexual difficulties'), ('Fear of engaging in physical activity', 'Physical activity'), ('Short sleep duration', 'Healthy eating'), ('Coronary heart diseases', 'Dyspnea'), ('Stress', 'Inflammation'), ('Weight bias', 'Stress'), ('Unhealthy weight control practices', 'Eating disorders'), ('Tiredness', 'Ability to engage in physical activity'), ('Short sleep duration', 'Heart rate'), ('Prevalence of bike trails', 'Quality of the sport infrastructure'), ('Exercise', 'Blood fatty acid level'), ('Mental well-being', 'Emotional eating'), ('Poor body image', 'Poor body image'), ('Blood fatty acid level', 'Blood glucose level'), ('Cardiovascular diseases', 'Depression'), ('Pro-inflammatory cytokines', 'Inflammation'), ('Prevalence of green fields', 'Quality of the sport infrastructure'), ('Mental well-being', 'Antipsychotics'), ('Socio-economic status', 'Control'), ('Weight bias', 'Poor body image'), ('Positive experience of sports', 'Recreational physical activity'), ('Public support and demand for healthy products', 'Cost of healthy foods'), ('Socio-economic status', 'Availability of healthy foods'), ('Cardiovascular diseases', 'Physical well-being'), ('Respiratory muscle fatigue', 'Dyspnea'), ('Heart rate', 'Coronary heart diseases'), ('Pressure to be thin', 'Poor body image'), ('Medications', 'Coordination'), ('Beta blockers', 'Ability to engage in physical activity'), ('Antipsychotics', 'Appetite'), ('Sodium intake', 'Blood pressure'), ('Pressure to be thin', 'Unhealthy weight control practices'), ('Airway resistance', 'Asthma-like symptoms'), ('Depression', 'Stress'), ('Medications', 'Concentration'), ('Public support and demand for healthy products', 'Marketing of unhealthy foods'), ('Poor body image', 'Eating disorders'), ('Emotional eating', 'Healthy eating'), ('Obesity', 'Access to health professionals'), ('Obesity', 'Mental well-being'), ('Unhealthy foods are more available than healthy ones', 'Supportive food environment'), ('Healthy eating', 'Blood saturated fatty acid level'), ('Presence of a vibrant community', 'Resilience'), ('Cells intake of fatty acids', 'Adipose storage of fatty acids'), ('Physical activity', 'Physical well-being'), ('Appetite', 'Healthy eating'), ('Aesthetics', 'Stress'), ('Chronic conditions', 'Mental well-being'), ('Weight bias', 'Positive experience of sports'), ('Healthy eating', 'Dyslipidemia'), ('Quality of the sport infrastructure', 'Recreational physical activity'), ('Physical pain', 'Ability to engage in physical activity'), ('Prevalence of green fields', 'Aesthetics'), ('Concentration', 'Ability to engage in physical activity'), ('Aesthetics', 'Mental well-being'), ('Poor body image', 'Depression'), ('Chronic conditions', 'Physical well-being'), ('Obesity', 'Release of adipokines'), ('Blood glucose level', 'Sodium retention'), ('Restrictive covenants', 'Availability of healthy foods'), ('Musculoskeletal pain', 'Mental well-being'), ('Weight bias', 'Unhealthy weight control practices'), ('Physical activity', 'Mental well-being'), ('Access to health professionals', 'Ability to engage in physical activity'), ('Stimulants', 'Short sleep duration'), ('Culture of eating that promotes healthy choices', 'Healthy eating'), ('Culture of eating that promotes healthy choices', 'Mental well-being'), ('Weight bias', 'Exercise'), ('Obesity', 'Dysfunctional adipose tissue'), ('Medications', 'Tiredness'), ('Inflammation', 'Insulin resistance'), ('Anticonvulsants', 'Appetite'), ('Inflammation', 'Auto-inflammatory diseases'), ('Accessibility to shops', 'Utilitarian physical activity '), ('Blood fatty acid level', 'Adipose storage of fatty acids'), ('Perceived environmental safety', 'Physical activity'), ('Short sleep duration', 'Physical well-being'), ('Cultural norms around thinness', 'Pressure to be thin'), ('Weight bias', 'Access to health professionals'), ('Public health messaging around thinness', 'Pressure to be thin'), ('Dysfunctional adipose tissue', 'Blood pressure'), ('Dysfunctional adipose tissue', 'Dyslipidemia'), ('Aesthetics', 'Utilitarian physical activity '), ('Obesity', 'Unhealthy weight control practices'), ('Obesity', 'Asthma-like symptoms'), ('Marketing ratio of unhealthy to healthy foods', 'Supportive food environment'), ('Dyslipidemia', 'Atherosclerosis'), ('Physical well-being', 'Mental well-being'), ('Public support and demand for healthy products', 'Cost of unhealthy foods'), ('Musculoskeletal pain', 'Physical well-being'), ('Coronary heart diseases', 'Exercise')]"
0,"[('Socio-economic status', 'Short sleep duration'), ('Resilience', 'Concentration'), ('Culture of eating that promotes healthy choices', 'Blood fatty acid level'), ('Physical well-being', 'Blood pressure'), ('Control', 'Coordination'), ('Mental well-being', 'Balance'), ('Stress', 'Inflammation'), ('Mental well-being', 'Heart rate'), ('Weight bias', 'Dyslipidemia'), ('Stress', 'Cortisol'), ('Poor body image', 'Unhealthy weight control practices'), ('Physical well-being', 'Ability to engage in physical activity'), ('Depression', 'Tiredness'), ('Pressure to be thin', 'Physical pain'), ('Depression', 'Pro-inflammatory cytokines'), ('Socio-economic status', 'Medications'), ('Poor body image', 'Dysfunctional adipose tissue'), ('Culture of eating that promotes healthy choices', 'Blood glucose level')]",1,1,-1,1,-1,"[('Culture of eating that promotes healthy choices', 'Physical well-being'), ('Weight bias', 'Socio-economic status'), ('Mental well-being', 'Physical well-being'), ('Socio-economic status', 'Stress'), ('Control', 'Mental well-being'), ('Socio-economic status', 'Physical well-being'), ('Public health messaging around thinness', 'Weight bias'), ('Resilience', 'Mental well-being'), ('Medical perspective that thin is good', 'Public health messaging around thinness'), ('Weight bias', 'Depression'), ('Control', 'Stress'), ('Socio-economic status', 'Mental well-being'), ('Medical perspective that thin is good', 'Cultural norms around thinness'), ('Weight bias', 'Mental well-being'), ('Cultural norms around thinness', 'Cultural norms around thinness'), ('Cultural norms around thinness', 'Poor body image'), ('Weight bias', 'Stress'), ('Poor body image', 'Poor body image'), ('Socio-economic status', 'Control'), ('Weight bias', 'Poor body image'), ('Pressure to be thin', 'Poor body image'), ('Depression', 'Stress'), ('Poor body image', 'Depression'), ('Culture of eating that promotes healthy choices', 'Mental well-being'), ('Cultural norms around thinness', 'Pressure to be thin'), ('Public health messaging around thinness', 'Pressure to be thin'), ('Physical well-being', 'Mental well-being')]","[('Medications', 'Balance'), ('Secretion of inflammatory molecules by adipose cells', 'Insulin resistance'), ('Obesity', 'Obstructive sleep apnea'), ('Dyslipidemia', 'Blood pressure'), ('Obesity', 'Gastro-esophageal reflux disease'), ('Auto-inflammatory diseases', 'Inflammation'), ('Atherosclerosis', 'Coronary heart diseases'), ('Release of adipokines', 'Atherosclerosis'), ('Blood mono-unsaturated fatty acid level', 'Secretion of inflammatory molecules by adipose cells'), ('Insulin resistance', 'Fatty acids in the artery walls'), ('Insulin resistance', 'Cells intake of fatty acids'), ('Adipose storage of fatty acids', 'Inflammation'), ('Thoracic and abdominal obesity', 'Airway resistance'), ('Thoracic and abdominal obesity', 'Respiratory muscle fatigue'), ('Unhealthy weight control practices', 'Obesity'), ('Sodium retention', 'Blood pressure'), ('Short sleep duration', 'Pro-inflammatory cytokines'), ('Medications', 'Obesity'), ('Balance', 'Ability to engage in physical activity'), ('Short sleep duration', 'Cortisol'), ('Airway resistance', 'Asthma'), ('Short sleep duration', 'Blood pressure'), ('Fatty acids in the artery walls', 'Atherosclerosis'), ('Dyslipidemia', 'Insulin resistance'), ('Blood glucose level', 'Fatty acids in the artery walls'), ('Respiratory diseases', 'Ability to engage in physical activity'), ('Blood saturated fatty acid level', 'Secretion of inflammatory molecules by adipose cells'), ('Dysfunctional adipose tissue', 'Inflammation'), ('Coordination', 'Ability to engage in physical activity'), ('Obesity', 'Short sleep duration'), ('Inflammation', 'Asthma'), ('Coronary heart diseases', 'Dyspnea'), ('Tiredness', 'Ability to engage in physical activity'), ('Short sleep duration', 'Heart rate'), ('Blood fatty acid level', 'Blood glucose level'), ('Pro-inflammatory cytokines', 'Inflammation'), ('Respiratory muscle fatigue', 'Dyspnea'), ('Heart rate', 'Coronary heart diseases'), ('Medications', 'Coordination'), ('Beta blockers', 'Ability to engage in physical activity'), ('Sodium intake', 'Blood pressure'), ('Airway resistance', 'Asthma-like symptoms'), ('Medications', 'Concentration'), ('Cells intake of fatty acids', 'Adipose storage of fatty acids'), ('Physical pain', 'Ability to engage in physical activity'), ('Concentration', 'Ability to engage in physical activity'), ('Obesity', 'Release of adipokines'), ('Blood glucose level', 'Sodium retention'), ('Stimulants', 'Short sleep duration'), ('Obesity', 'Dysfunctional adipose tissue'), ('Medications', 'Tiredness'), ('Inflammation', 'Insulin resistance'), ('Inflammation', 'Auto-inflammatory diseases'), ('Blood fatty acid level', 'Adipose storage of fatty acids'), ('Dysfunctional adipose tissue', 'Blood pressure'), ('Dysfunctional adipose tissue', 'Dyslipidemia'), ('Obesity', 'Unhealthy weight control practices'), ('Obesity', 'Asthma-like symptoms'), ('Dyslipidemia', 'Atherosclerosis')]","[('Prevalence of walking trails', 'Quality of the sport infrastructure'), ('Medications', 'Balance'), ('Culture of eating that promotes healthy choices', 'Physical well-being'), ('Secretion of inflammatory molecules by adipose cells', 'Insulin resistance'), ('Presence of a vibrant community', 'Control'), ('Obesity', 'Weight bias'), ('Healthy eating', 'Blood mono-unsaturated fatty acid level'), ('Exercise', 'Heart rate'), ('Available time', 'Recreational physical activity'), ('Chronic conditions', 'Depression'), ('Exercise', 'Insulin resistance'), ('Weight bias', 'Socio-economic status'), ('Mental well-being', 'Physical well-being'), ('Obesity', 'Obstructive sleep apnea'), ('Eating disorders', 'Healthy eating'), ('Consumer demand for regulations', 'Marketing of healthy foods'), ('Dyslipidemia', 'Blood pressure'), ('Obesity', 'Gastro-esophageal reflux disease'), ('Perceived environmental safety', 'Mental well-being'), ('Late night TV watching', 'Short sleep duration'), ('Auto-inflammatory diseases', 'Inflammation'), ('Depression', 'Healthy eating'), ('Socio-economic status', 'Stress'), ('Exercise', 'Blood glucose level'), ('Public support and demand for healthy products', 'Marketing of healthy foods'), ('Unhealthy foods are cheaper than healthy ones', 'Supportive food environment'), ('Control', 'Mental well-being'), ('Atherosclerosis', 'Coronary heart diseases'), ('Socio-economic status', 'Physical well-being'), ('Ability to engage in physical activity', 'Physical activity'), ('Public health messaging around thinness', 'Weight bias'), ('Public support and demand for healthy products', 'Availability of healthy foods'), ('Release of adipokines', 'Atherosclerosis'), ('Consumer demand for regulations', 'Marketing of unhealthy foods'), ('Resilience', 'Mental well-being'), ('Blood mono-unsaturated fatty acid level', 'Secretion of inflammatory molecules by adipose cells'), ('Medical perspective that thin is good', 'Public health messaging around thinness'), ('Mental well-being', 'Medications'), ('Sexual difficulties', 'Mental well-being'), ('Insulin resistance', 'Fatty acids in the artery walls'), ('Insulin resistance', 'Cells intake of fatty acids'), ('Sidewalk prevalence and maintenance', 'Utilitarian physical activity '), ('Adipose storage of fatty acids', 'Inflammation'), ('Socio-economic status', 'Exercise'), ('Thoracic and abdominal obesity', 'Airway resistance'), ('Healthy eating', 'Short sleep duration'), ('Perceived environmental safety', 'Physical well-being'), ('Weight bias', 'Depression'), ('Emotional eating', 'Mental well-being'), ('Late night TV watching', 'Healthy eating'), ('Control', 'Stress'), ('Aesthetics', 'Physical well-being'), ('Economic incentives to produce unhealthy food products', 'Cost of unhealthy foods'), ('Supportive food environment', 'Healthy eating'), ('Appetite', 'Physical well-being'), ('Thoracic and abdominal obesity', 'Respiratory muscle fatigue'), ('Cardiovascular diseases', 'Fear of engaging in physical activity'), ('Socio-economic status', 'Mental well-being'), ('Unhealthy weight control practices', 'Obesity'), ('Exercise', 'Blood pressure'), ('Sodium retention', 'Blood pressure'), ('Short sleep duration', 'Pro-inflammatory cytokines'), ('Medications', 'Obesity'), ('Short sleep duration', 'Appetite'), ('Balance', 'Ability to engage in physical activity'), ('Short sleep duration', 'Cortisol'), ('Airway resistance', 'Asthma'), ('Short sleep duration', 'Blood pressure'), ('Medical perspective that thin is good', 'Cultural norms around thinness'), ('Healthy eating', 'Blood glucose level'), ('Mental well-being', 'Anticonvulsants'), ('Fatty acids in the artery walls', 'Atherosclerosis'), ('Dyslipidemia', 'Insulin resistance'), ('Blood glucose level', 'Fatty acids in the artery walls'), ('Respiratory diseases', 'Ability to engage in physical activity'), ('Blood saturated fatty acid level', 'Secretion of inflammatory molecules by adipose cells'), ('Dysfunctional adipose tissue', 'Inflammation'), ('Weight bias', 'Mental well-being'), ('Coordination', 'Ability to engage in physical activity'), ('Cultural norms around thinness', 'Cultural norms around thinness'), ('Cultural norms around thinness', 'Poor body image'), ('Obesity', 'Short sleep duration'), ('Inflammation', 'Asthma'), ('Healthy eating', 'Sodium intake'), ('Cultural norms around thinness', 'Eating disorders'), ('Poor body image', 'Sexual difficulties'), ('Fear of engaging in physical activity', 'Physical activity'), ('Short sleep duration', 'Healthy eating'), ('Coronary heart diseases', 'Dyspnea'), ('Stress', 'Inflammation'), ('Weight bias', 'Stress'), ('Unhealthy weight control practices', 'Eating disorders'), ('Tiredness', 'Ability to engage in physical activity'), ('Short sleep duration', 'Heart rate'), ('Prevalence of bike trails', 'Quality of the sport infrastructure'), ('Exercise', 'Blood fatty acid level'), ('Mental well-being', 'Emotional eating'), ('Poor body image', 'Poor body image'), ('Blood fatty acid level', 'Blood glucose level'), ('Cardiovascular diseases', 'Depression'), ('Pro-inflammatory cytokines', 'Inflammation'), ('Prevalence of green fields', 'Quality of the sport infrastructure'), ('Mental well-being', 'Antipsychotics'), ('Socio-economic status', 'Control'), ('Weight bias', 'Poor body image'), ('Positive experience of sports', 'Recreational physical activity'), ('Public support and demand for healthy products', 'Cost of healthy foods'), ('Socio-economic status', 'Availability of healthy foods'), ('Cardiovascular diseases', 'Physical well-being'), ('Respiratory muscle fatigue', 'Dyspnea'), ('Heart rate', 'Coronary heart diseases'), ('Pressure to be thin', 'Poor body image'), ('Medications', 'Coordination'), ('Beta blockers', 'Ability to engage in physical activity'), ('Antipsychotics', 'Appetite'), ('Sodium intake', 'Blood pressure'), ('Pressure to be thin', 'Unhealthy weight control practices'), ('Airway resistance', 'Asthma-like symptoms'), ('Depression', 'Stress'), ('Medications', 'Concentration'), ('Public support and demand for healthy products', 'Marketing of unhealthy foods'), ('Poor body image', 'Eating disorders'), ('Emotional eating', 'Healthy eating'), ('Obesity', 'Access to health professionals'), ('Obesity', 'Mental well-being'), ('Unhealthy foods are more available than healthy ones', 'Supportive food environment'), ('Healthy eating', 'Blood saturated fatty acid level'), ('Presence of a vibrant community', 'Resilience'), ('Cells intake of fatty acids', 'Adipose storage of fatty acids'), ('Physical activity', 'Physical well-being'), ('Appetite', 'Healthy eating'), ('Aesthetics', 'Stress'), ('Chronic conditions', 'Mental well-being'), ('Weight bias', 'Positive experience of sports'), ('Healthy eating', 'Dyslipidemia'), ('Quality of the sport infrastructure', 'Recreational physical activity'), ('Physical pain', 'Ability to engage in physical activity'), ('Prevalence of green fields', 'Aesthetics'), ('Concentration', 'Ability to engage in physical activity'), ('Aesthetics', 'Mental well-being'), ('Poor body image', 'Depression'), ('Chronic conditions', 'Physical well-being'), ('Obesity', 'Release of adipokines'), ('Blood glucose level', 'Sodium retention'), ('Restrictive covenants', 'Availability of healthy foods'), ('Musculoskeletal pain', 'Mental well-being'), ('Weight bias', 'Unhealthy weight control practices'), ('Physical activity', 'Mental well-being'), ('Access to health professionals', 'Ability to engage in physical activity'), ('Stimulants', 'Short sleep duration'), ('Culture of eating that promotes healthy choices', 'Healthy eating'), ('Culture of eating that promotes healthy choices', 'Mental well-being'), ('Weight bias', 'Exercise'), ('Obesity', 'Dysfunctional adipose tissue'), ('Medications', 'Tiredness'), ('Inflammation', 'Insulin resistance'), ('Anticonvulsants', 'Appetite'), ('Inflammation', 'Auto-inflammatory diseases'), ('Accessibility to shops', 'Utilitarian physical activity '), ('Blood fatty acid level', 'Adipose storage of fatty acids'), ('Perceived environmental safety', 'Physical activity'), ('Short sleep duration', 'Physical well-being'), ('Cultural norms around thinness', 'Pressure to be thin'), ('Weight bias', 'Access to health professionals'), ('Public health messaging around thinness', 'Pressure to be thin'), ('Dysfunctional adipose tissue', 'Blood pressure'), ('Dysfunctional adipose tissue', 'Dyslipidemia'), ('Aesthetics', 'Utilitarian physical activity '), ('Obesity', 'Unhealthy weight control practices'), ('Obesity', 'Asthma-like symptoms'), ('Marketing ratio of unhealthy to healthy foods', 'Supportive food environment'), ('Dyslipidemia', 'Atherosclerosis'), ('Physical well-being', 'Mental well-being'), ('Public support and demand for healthy products', 'Cost of unhealthy foods'), ('Musculoskeletal pain', 'Physical well-being'), ('Coronary heart diseases', 'Exercise')]"
1,"[('Socio-economic status', 'Short sleep duration'), ('Resilience', 'Concentration'), ('Culture of eating that promotes healthy choices', 'Blood fatty acid level'), ('Physical well-being', 'Blood pressure'), ('Control', 'Coordination'), ('Mental well-being', 'Balance'), ('Stress', 'Inflammation'), ('Mental well-being', 'Heart rate'), ('Weight bias', 'Dyslipidemia'), ('Stress', 'Cortisol'), ('Poor body image', 'Unhealthy weight control practices'), ('Physical well-being', 'Ability to engage in physical activity'), ('Depression', 'Tiredness'), ('Pressure to be thin', 'Physical pain'), ('Depression', 'Pro-inflammatory cytokines'), ('Socio-economic status', 'Medications'), ('Poor body image', 'Dysfunctional adipose tissue'), ('Culture of eating that promotes healthy choices', 'Blood glucose level')]",1,1,-1,1,-1,"[('Culture of eating that promotes healthy choices', 'Physical well-being'), ('Weight bias', 'Socio-economic status'), ('Mental well-being', 'Physical well-being'), ('Socio-economic status', 'Stress'), ('Control', 'Mental well-being'), ('Socio-economic status', 'Physical well-being'), ('Public health messaging around thinness', 'Weight bias'), ('Resilience', 'Mental well-being'), ('Medical perspective that thin is good', 'Public health messaging around thinness'), ('Weight bias', 'Depression'), ('Control', 'Stress'), ('Socio-economic status', 'Mental well-being'), ('Medical perspective that thin is good', 'Cultural norms around thinness'), ('Weight bias', 'Mental well-being'), ('Cultural norms around thinness', 'Cultural norms around thinness'), ('Cultural norms around thinness', 'Poor body image'), ('Weight bias', 'Stress'), ('Poor body image', 'Poor body image'), ('Socio-economic status', 'Control'), ('Weight bias', 'Poor body image'), ('Pressure to be thin', 'Poor body image'), ('Depression', 'Stress'), ('Poor body image', 'Depression'), ('Culture of eating that promotes healthy choices', 'Mental well-being'), ('Cultural norms around thinness', 'Pressure to be thin'), ('Public health messaging around thinness', 'Pressure to be thin'), ('Physical well-being', 'Mental well-being')]","[('Medications', 'Balance'), ('Secretion of inflammatory molecules by adipose cells', 'Insulin resistance'), ('Obesity', 'Obstructive sleep apnea'), ('Dyslipidemia', 'Blood pressure'), ('Obesity', 'Gastro-esophageal reflux disease'), ('Auto-inflammatory diseases', 'Inflammation'), ('Atherosclerosis', 'Coronary heart diseases'), ('Release of adipokines', 'Atherosclerosis'), ('Blood mono-unsaturated fatty acid level', 'Secretion of inflammatory molecules by adipose cells'), ('Insulin resistance', 'Fatty acids in the artery walls'), ('Insulin resistance', 'Cells intake of fatty acids'), ('Adipose storage of fatty acids', 'Inflammation'), ('Thoracic and abdominal obesity', 'Airway resistance'), ('Thoracic and abdominal obesity', 'Respiratory muscle fatigue'), ('Unhealthy weight control practices', 'Obesity'), ('Sodium retention', 'Blood pressure'), ('Short sleep duration', 'Pro-inflammatory cytokines'), ('Medications', 'Obesity'), ('Balance', 'Ability to engage in physical activity'), ('Short sleep duration', 'Cortisol'), ('Airway resistance', 'Asthma'), ('Short sleep duration', 'Blood pressure'), ('Fatty acids in the artery walls', 'Atherosclerosis'), ('Dyslipidemia', 'Insulin resistance'), ('Blood glucose level', 'Fatty acids in the artery walls'), ('Respiratory diseases', 'Ability to engage in physical activity'), ('Blood saturated fatty acid level', 'Secretion of inflammatory molecules by adipose cells'), ('Dysfunctional adipose tissue', 'Inflammation'), ('Coordination', 'Ability to engage in physical activity'), ('Obesity', 'Short sleep duration'), ('Inflammation', 'Asthma'), ('Coronary heart diseases', 'Dyspnea'), ('Tiredness', 'Ability to engage in physical activity'), ('Short sleep duration', 'Heart rate'), ('Blood fatty acid level', 'Blood glucose level'), ('Pro-inflammatory cytokines', 'Inflammation'), ('Respiratory muscle fatigue', 'Dyspnea'), ('Heart rate', 'Coronary heart diseases'), ('Medications', 'Coordination'), ('Beta blockers', 'Ability to engage in physical activity'), ('Sodium intake', 'Blood pressure'), ('Airway resistance', 'Asthma-like symptoms'), ('Medications', 'Concentration'), ('Cells intake of fatty acids', 'Adipose storage of fatty acids'), ('Physical pain', 'Ability to engage in physical activity'), ('Concentration', 'Ability to engage in physical activity'), ('Obesity', 'Release of adipokines'), ('Blood glucose level', 'Sodium retention'), ('Stimulants', 'Short sleep duration'), ('Obesity', 'Dysfunctional adipose tissue'), ('Medications', 'Tiredness'), ('Inflammation', 'Insulin resistance'), ('Inflammation', 'Auto-inflammatory diseases'), ('Blood fatty acid level', 'Adipose storage of fatty acids'), ('Dysfunctional adipose tissue', 'Blood pressure'), ('Dysfunctional adipose tissue', 'Dyslipidemia'), ('Obesity', 'Unhealthy weight control practices'), ('Obesity', 'Asthma-like symptoms'), ('Dyslipidemia', 'Atherosclerosis')]","[('Prevalence of walking trails', 'Quality of the sport infrastructure'), ('Medications', 'Balance'), ('Culture of eating that promotes healthy choices', 'Physical well-being'), ('Secretion of inflammatory molecules by adipose cells', 'Insulin resistance'), ('Presence of a vibrant community', 'Control'), ('Obesity', 'Weight bias'), ('Healthy eating', 'Blood mono-unsaturated fatty acid level'), ('Exercise', 'Heart rate'), ('Available time', 'Recreational physical activity'), ('Chronic conditions', 'Depression'), ('Exercise', 'Insulin resistance'), ('Weight bias', 'Socio-economic status'), ('Mental well-being', 'Physical well-being'), ('Obesity', 'Obstructive sleep apnea'), ('Eating disorders', 'Healthy eating'), ('Consumer demand for regulations', 'Marketing of healthy foods'), ('Dyslipidemia', 'Blood pressure'), ('Obesity', 'Gastro-esophageal reflux disease'), ('Perceived environmental safety', 'Mental well-being'), ('Late night TV watching', 'Short sleep duration'), ('Auto-inflammatory diseases', 'Inflammation'), ('Depression', 'Healthy eating'), ('Socio-economic status', 'Stress'), ('Exercise', 'Blood glucose level'), ('Public support and demand for healthy products', 'Marketing of healthy foods'), ('Unhealthy foods are cheaper than healthy ones', 'Supportive food environment'), ('Control', 'Mental well-being'), ('Atherosclerosis', 'Coronary heart diseases'), ('Socio-economic status', 'Physical well-being'), ('Ability to engage in physical activity', 'Physical activity'), ('Public health messaging around thinness', 'Weight bias'), ('Public support and demand for healthy products', 'Availability of healthy foods'), ('Release of adipokines', 'Atherosclerosis'), ('Consumer demand for regulations', 'Marketing of unhealthy foods'), ('Resilience', 'Mental well-being'), ('Blood mono-unsaturated fatty acid level', 'Secretion of inflammatory molecules by adipose cells'), ('Medical perspective that thin is good', 'Public health messaging around thinness'), ('Mental well-being', 'Medications'), ('Sexual difficulties', 'Mental well-being'), ('Insulin resistance', 'Fatty acids in the artery walls'), ('Insulin resistance', 'Cells intake of fatty acids'), ('Sidewalk prevalence and maintenance', 'Utilitarian physical activity '), ('Adipose storage of fatty acids', 'Inflammation'), ('Socio-economic status', 'Exercise'), ('Thoracic and abdominal obesity', 'Airway resistance'), ('Healthy eating', 'Short sleep duration'), ('Perceived environmental safety', 'Physical well-being'), ('Weight bias', 'Depression'), ('Emotional eating', 'Mental well-being'), ('Late night TV watching', 'Healthy eating'), ('Control', 'Stress'), ('Aesthetics', 'Physical well-being'), ('Economic incentives to produce unhealthy food products', 'Cost of unhealthy foods'), ('Supportive food environment', 'Healthy eating'), ('Appetite', 'Physical well-being'), ('Thoracic and abdominal obesity', 'Respiratory muscle fatigue'), ('Cardiovascular diseases', 'Fear of engaging in physical activity'), ('Socio-economic status', 'Mental well-being'), ('Unhealthy weight control practices', 'Obesity'), ('Exercise', 'Blood pressure'), ('Sodium retention', 'Blood pressure'), ('Short sleep duration', 'Pro-inflammatory cytokines'), ('Medications', 'Obesity'), ('Short sleep duration', 'Appetite'), ('Balance', 'Ability to engage in physical activity'), ('Short sleep duration', 'Cortisol'), ('Airway resistance', 'Asthma'), ('Short sleep duration', 'Blood pressure'), ('Medical perspective that thin is good', 'Cultural norms around thinness'), ('Healthy eating', 'Blood glucose level'), ('Mental well-being', 'Anticonvulsants'), ('Fatty acids in the artery walls', 'Atherosclerosis'), ('Dyslipidemia', 'Insulin resistance'), ('Blood glucose level', 'Fatty acids in the artery walls'), ('Respiratory diseases', 'Ability to engage in physical activity'), ('Blood saturated fatty acid level', 'Secretion of inflammatory molecules by adipose cells'), ('Dysfunctional adipose tissue', 'Inflammation'), ('Weight bias', 'Mental well-being'), ('Coordination', 'Ability to engage in physical activity'), ('Cultural norms around thinness', 'Cultural norms around thinness'), ('Cultural norms around thinness', 'Poor body image'), ('Obesity', 'Short sleep duration'), ('Inflammation', 'Asthma'), ('Healthy eating', 'Sodium intake'), ('Cultural norms around thinness', 'Eating disorders'), ('Poor body image', 'Sexual difficulties'), ('Fear of engaging in physical activity', 'Physical activity'), ('Short sleep duration', 'Healthy eating'), ('Coronary heart diseases', 'Dyspnea'), ('Stress', 'Inflammation'), ('Weight bias', 'Stress'), ('Unhealthy weight control practices', 'Eating disorders'), ('Tiredness', 'Ability to engage in physical activity'), ('Short sleep duration', 'Heart rate'), ('Prevalence of bike trails', 'Quality of the sport infrastructure'), ('Exercise', 'Blood fatty acid level'), ('Mental well-being', 'Emotional eating'), ('Poor body image', 'Poor body image'), ('Blood fatty acid level', 'Blood glucose level'), ('Cardiovascular diseases', 'Depression'), ('Pro-inflammatory cytokines', 'Inflammation'), ('Prevalence of green fields', 'Quality of the sport infrastructure'), ('Mental well-being', 'Antipsychotics'), ('Socio-economic status', 'Control'), ('Weight bias', 'Poor body image'), ('Positive experience of sports', 'Recreational physical activity'), ('Public support and demand for healthy products', 'Cost of healthy foods'), ('Socio-economic status', 'Availability of healthy foods'), ('Cardiovascular diseases', 'Physical well-being'), ('Respiratory muscle fatigue', 'Dyspnea'), ('Heart rate', 'Coronary heart diseases'), ('Pressure to be thin', 'Poor body image'), ('Medications', 'Coordination'), ('Beta blockers', 'Ability to engage in physical activity'), ('Antipsychotics', 'Appetite'), ('Sodium intake', 'Blood pressure'), ('Pressure to be thin', 'Unhealthy weight control practices'), ('Airway resistance', 'Asthma-like symptoms'), ('Depression', 'Stress'), ('Medications', 'Concentration'), ('Public support and demand for healthy products', 'Marketing of unhealthy foods'), ('Poor body image', 'Eating disorders'), ('Emotional eating', 'Healthy eating'), ('Obesity', 'Access to health professionals'), ('Obesity', 'Mental well-being'), ('Unhealthy foods are more available than healthy ones', 'Supportive food environment'), ('Healthy eating', 'Blood saturated fatty acid level'), ('Presence of a vibrant community', 'Resilience'), ('Cells intake of fatty acids', 'Adipose storage of fatty acids'), ('Physical activity', 'Physical well-being'), ('Appetite', 'Healthy eating'), ('Aesthetics', 'Stress'), ('Chronic conditions', 'Mental well-being'), ('Weight bias', 'Positive experience of sports'), ('Healthy eating', 'Dyslipidemia'), ('Quality of the sport infrastructure', 'Recreational physical activity'), ('Physical pain', 'Ability to engage in physical activity'), ('Prevalence of green fields', 'Aesthetics'), ('Concentration', 'Ability to engage in physical activity'), ('Aesthetics', 'Mental well-being'), ('Poor body image', 'Depression'), ('Chronic conditions', 'Physical well-being'), ('Obesity', 'Release of adipokines'), ('Blood glucose level', 'Sodium retention'), ('Restrictive covenants', 'Availability of healthy foods'), ('Musculoskeletal pain', 'Mental well-being'), ('Weight bias', 'Unhealthy weight control practices'), ('Physical activity', 'Mental well-being'), ('Access to health professionals', 'Ability to engage in physical activity'), ('Stimulants', 'Short sleep duration'), ('Culture of eating that promotes healthy choices', 'Healthy eating'), ('Culture of eating that promotes healthy choices', 'Mental well-being'), ('Weight bias', 'Exercise'), ('Obesity', 'Dysfunctional adipose tissue'), ('Medications', 'Tiredness'), ('Inflammation', 'Insulin resistance'), ('Anticonvulsants', 'Appetite'), ('Inflammation', 'Auto-inflammatory diseases'), ('Accessibility to shops', 'Utilitarian physical activity '), ('Blood fatty acid level', 'Adipose storage of fatty acids'), ('Perceived environmental safety', 'Physical activity'), ('Short sleep duration', 'Physical well-being'), ('Cultural norms around thinness', 'Pressure to be thin'), ('Weight bias', 'Access to health professionals'), ('Public health messaging around thinness', 'Pressure to be thin'), ('Dysfunctional adipose tissue', 'Blood pressure'), ('Dysfunctional adipose tissue', 'Dyslipidemia'), ('Aesthetics', 'Utilitarian physical activity '), ('Obesity', 'Unhealthy weight control practices'), ('Obesity', 'Asthma-like symptoms'), ('Marketing ratio of unhealthy to healthy foods', 'Supportive food environment'), ('Dyslipidemia', 'Atherosclerosis'), ('Physical well-being', 'Mental well-being'), ('Public support and demand for healthy products', 'Cost of unhealthy foods'), ('Musculoskeletal pain', 'Physical well-being'), ('Coronary heart diseases', 'Exercise')]"
2,"[('Socio-economic status', 'Short sleep duration'), ('Resilience', 'Concentration'), ('Culture of eating that promotes healthy choices', 'Blood fatty acid level'), ('Physical well-being', 'Blood pressure'), ('Control', 'Coordination'), ('Mental well-being', 'Balance'), ('Stress', 'Inflammation'), ('Mental well-being', 'Heart rate'), ('Weight bias', 'Dyslipidemia'), ('Stress', 'Cortisol'), ('Poor body image', 'Unhealthy weight control practices'), ('Physical well-being', 'Ability to engage in physical activity'), ('Depression', 'Tiredness'), ('Pressure to be thin', 'Physical pain'), ('Depression', 'Pro-inflammatory cytokines'), ('Socio-economic status', 'Medications'), ('Poor body image', 'Dysfunctional adipose tissue'), ('Culture of eating that promotes healthy choices', 'Blood glucose level')]",1,1,-1,1,-1,"[('Culture of eating that promotes healthy choices', 'Physical well-being'), ('Weight bias', 'Socio-economic status'), ('Mental well-being', 'Physical well-being'), ('Socio-economic status', 'Stress'), ('Control', 'Mental well-being'), ('Socio-economic status', 'Physical well-being'), ('Public health messaging around thinness', 'Weight bias'), ('Resilience', 'Mental well-being'), ('Medical perspective that thin is good', 'Public health messaging around thinness'), ('Weight bias', 'Depression'), ('Control', 'Stress'), ('Socio-economic status', 'Mental well-being'), ('Medical perspective that thin is good', 'Cultural norms around thinness'), ('Weight bias', 'Mental well-being'), ('Cultural norms around thinness', 'Cultural norms around thinness'), ('Cultural norms around thinness', 'Poor body image'), ('Weight bias', 'Stress'), ('Poor body image', 'Poor body image'), ('Socio-economic status', 'Control'), ('Weight bias', 'Poor body image'), ('Pressure to be thin', 'Poor body image'), ('Depression', 'Stress'), ('Poor body image', 'Depression'), ('Culture of eating that promotes healthy choices', 'Mental well-being'), ('Cultural norms around thinness', 'Pressure to be thin'), ('Public health messaging around thinness', 'Pressure to be thin'), ('Physical well-being', 'Mental well-being')]","[('Medications', 'Balance'), ('Secretion of inflammatory molecules by adipose cells', 'Insulin resistance'), ('Obesity', 'Obstructive sleep apnea'), ('Dyslipidemia', 'Blood pressure'), ('Obesity', 'Gastro-esophageal reflux disease'), ('Auto-inflammatory diseases', 'Inflammation'), ('Atherosclerosis', 'Coronary heart diseases'), ('Release of adipokines', 'Atherosclerosis'), ('Blood mono-unsaturated fatty acid level', 'Secretion of inflammatory molecules by adipose cells'), ('Insulin resistance', 'Fatty acids in the artery walls'), ('Insulin resistance', 'Cells intake of fatty acids'), ('Adipose storage of fatty acids', 'Inflammation'), ('Thoracic and abdominal obesity', 'Airway resistance'), ('Thoracic and abdominal obesity', 'Respiratory muscle fatigue'), ('Unhealthy weight control practices', 'Obesity'), ('Sodium retention', 'Blood pressure'), ('Short sleep duration', 'Pro-inflammatory cytokines'), ('Medications', 'Obesity'), ('Balance', 'Ability to engage in physical activity'), ('Short sleep duration', 'Cortisol'), ('Airway resistance', 'Asthma'), ('Short sleep duration', 'Blood pressure'), ('Fatty acids in the artery walls', 'Atherosclerosis'), ('Dyslipidemia', 'Insulin resistance'), ('Blood glucose level', 'Fatty acids in the artery walls'), ('Respiratory diseases', 'Ability to engage in physical activity'), ('Blood saturated fatty acid level', 'Secretion of inflammatory molecules by adipose cells'), ('Dysfunctional adipose tissue', 'Inflammation'), ('Coordination', 'Ability to engage in physical activity'), ('Obesity', 'Short sleep duration'), ('Inflammation', 'Asthma'), ('Coronary heart diseases', 'Dyspnea'), ('Tiredness', 'Ability to engage in physical activity'), ('Short sleep duration', 'Heart rate'), ('Blood fatty acid level', 'Blood glucose level'), ('Pro-inflammatory cytokines', 'Inflammation'), ('Respiratory muscle fatigue', 'Dyspnea'), ('Heart rate', 'Coronary heart diseases'), ('Medications', 'Coordination'), ('Beta blockers', 'Ability to engage in physical activity'), ('Sodium intake', 'Blood pressure'), ('Airway resistance', 'Asthma-like symptoms'), ('Medications', 'Concentration'), ('Cells intake of fatty acids', 'Adipose storage of fatty acids'), ('Physical pain', 'Ability to engage in physical activity'), ('Concentration', 'Ability to engage in physical activity'), ('Obesity', 'Release of adipokines'), ('Blood glucose level', 'Sodium retention'), ('Stimulants', 'Short sleep duration'), ('Obesity', 'Dysfunctional adipose tissue'), ('Medications', 'Tiredness'), ('Inflammation', 'Insulin resistance'), ('Inflammation', 'Auto-inflammatory diseases'), ('Blood fatty acid level', 'Adipose storage of fatty acids'), ('Dysfunctional adipose tissue', 'Blood pressure'), ('Dysfunctional adipose tissue', 'Dyslipidemia'), ('Obesity', 'Unhealthy weight control practices'), ('Obesity', 'Asthma-like symptoms'), ('Dyslipidemia', 'Atherosclerosis')]","[('Prevalence of walking trails', 'Quality of the sport infrastructure'), ('Medications', 'Balance'), ('Culture of eating that promotes healthy choices', 'Physical well-being'), ('Secretion of inflammatory molecules by adipose cells', 'Insulin resistance'), ('Presence of a vibrant community', 'Control'), ('Obesity', 'Weight bias'), ('Healthy eating', 'Blood mono-unsaturated fatty acid level'), ('Exercise', 'Heart rate'), ('Available time', 'Recreational physical activity'), ('Chronic conditions', 'Depression'), ('Exercise', 'Insulin resistance'), ('Weight bias', 'Socio-economic status'), ('Mental well-being', 'Physical well-being'), ('Obesity', 'Obstructive sleep apnea'), ('Eating disorders', 'Healthy eating'), ('Consumer demand for regulations', 'Marketing of healthy foods'), ('Dyslipidemia', 'Blood pressure'), ('Obesity', 'Gastro-esophageal reflux disease'), ('Perceived environmental safety', 'Mental well-being'), ('Late night TV watching', 'Short sleep duration'), ('Auto-inflammatory diseases', 'Inflammation'), ('Depression', 'Healthy eating'), ('Socio-economic status', 'Stress'), ('Exercise', 'Blood glucose level'), ('Public support and demand for healthy products', 'Marketing of healthy foods'), ('Unhealthy foods are cheaper than healthy ones', 'Supportive food environment'), ('Control', 'Mental well-being'), ('Atherosclerosis', 'Coronary heart diseases'), ('Socio-economic status', 'Physical well-being'), ('Ability to engage in physical activity', 'Physical activity'), ('Public health messaging around thinness', 'Weight bias'), ('Public support and demand for healthy products', 'Availability of healthy foods'), ('Release of adipokines', 'Atherosclerosis'), ('Consumer demand for regulations', 'Marketing of unhealthy foods'), ('Resilience', 'Mental well-being'), ('Blood mono-unsaturated fatty acid level', 'Secretion of inflammatory molecules by adipose cells'), ('Medical perspective that thin is good', 'Public health messaging around thinness'), ('Mental well-being', 'Medications'), ('Sexual difficulties', 'Mental well-being'), ('Insulin resistance', 'Fatty acids in the artery walls'), ('Insulin resistance', 'Cells intake of fatty acids'), ('Sidewalk prevalence and maintenance', 'Utilitarian physical activity '), ('Adipose storage of fatty acids', 'Inflammation'), ('Socio-economic status', 'Exercise'), ('Thoracic and abdominal obesity', 'Airway resistance'), ('Healthy eating', 'Short sleep duration'), ('Perceived environmental safety', 'Physical well-being'), ('Weight bias', 'Depression'), ('Emotional eating', 'Mental well-being'), ('Late night TV watching', 'Healthy eating'), ('Control', 'Stress'), ('Aesthetics', 'Physical well-being'), ('Economic incentives to produce unhealthy food products', 'Cost of unhealthy foods'), ('Supportive food environment', 'Healthy eating'), ('Appetite', 'Physical well-being'), ('Thoracic and abdominal obesity', 'Respiratory muscle fatigue'), ('Cardiovascular diseases', 'Fear of engaging in physical activity'), ('Socio-economic status', 'Mental well-being'), ('Unhealthy weight control practices', 'Obesity'), ('Exercise', 'Blood pressure'), ('Sodium retention', 'Blood pressure'), ('Short sleep duration', 'Pro-inflammatory cytokines'), ('Medications', 'Obesity'), ('Short sleep duration', 'Appetite'), ('Balance', 'Ability to engage in physical activity'), ('Short sleep duration', 'Cortisol'), ('Airway resistance', 'Asthma'), ('Short sleep duration', 'Blood pressure'), ('Medical perspective that thin is good', 'Cultural norms around thinness'), ('Healthy eating', 'Blood glucose level'), ('Mental well-being', 'Anticonvulsants'), ('Fatty acids in the artery walls', 'Atherosclerosis'), ('Dyslipidemia', 'Insulin resistance'), ('Blood glucose level', 'Fatty acids in the artery walls'), ('Respiratory diseases', 'Ability to engage in physical activity'), ('Blood saturated fatty acid level', 'Secretion of inflammatory molecules by adipose cells'), ('Dysfunctional adipose tissue', 'Inflammation'), ('Weight bias', 'Mental well-being'), ('Coordination', 'Ability to engage in physical activity'), ('Cultural norms around thinness', 'Cultural norms around thinness'), ('Cultural norms around thinness', 'Poor body image'), ('Obesity', 'Short sleep duration'), ('Inflammation', 'Asthma'), ('Healthy eating', 'Sodium intake'), ('Cultural norms around thinness', 'Eating disorders'), ('Poor body image', 'Sexual difficulties'), ('Fear of engaging in physical activity', 'Physical activity'), ('Short sleep duration', 'Healthy eating'), ('Coronary heart diseases', 'Dyspnea'), ('Stress', 'Inflammation'), ('Weight bias', 'Stress'), ('Unhealthy weight control practices', 'Eating disorders'), ('Tiredness', 'Ability to engage in physical activity'), ('Short sleep duration', 'Heart rate'), ('Prevalence of bike trails', 'Quality of the sport infrastructure'), ('Exercise', 'Blood fatty acid level'), ('Mental well-being', 'Emotional eating'), ('Poor body image', 'Poor body image'), ('Blood fatty acid level', 'Blood glucose level'), ('Cardiovascular diseases', 'Depression'), ('Pro-inflammatory cytokines', 'Inflammation'), ('Prevalence of green fields', 'Quality of the sport infrastructure'), ('Mental well-being', 'Antipsychotics'), ('Socio-economic status', 'Control'), ('Weight bias', 'Poor body image'), ('Positive experience of sports', 'Recreational physical activity'), ('Public support and demand for healthy products', 'Cost of healthy foods'), ('Socio-economic status', 'Availability of healthy foods'), ('Cardiovascular diseases', 'Physical well-being'), ('Respiratory muscle fatigue', 'Dyspnea'), ('Heart rate', 'Coronary heart diseases'), ('Pressure to be thin', 'Poor body image'), ('Medications', 'Coordination'), ('Beta blockers', 'Ability to engage in physical activity'), ('Antipsychotics', 'Appetite'), ('Sodium intake', 'Blood pressure'), ('Pressure to be thin', 'Unhealthy weight control practices'), ('Airway resistance', 'Asthma-like symptoms'), ('Depression', 'Stress'), ('Medications', 'Concentration'), ('Public support and demand for healthy products', 'Marketing of unhealthy foods'), ('Poor body image', 'Eating disorders'), ('Emotional eating', 'Healthy eating'), ('Obesity', 'Access to health professionals'), ('Obesity', 'Mental well-being'), ('Unhealthy foods are more available than healthy ones', 'Supportive food environment'), ('Healthy eating', 'Blood saturated fatty acid level'), ('Presence of a vibrant community', 'Resilience'), ('Cells intake of fatty acids', 'Adipose storage of fatty acids'), ('Physical activity', 'Physical well-being'), ('Appetite', 'Healthy eating'), ('Aesthetics', 'Stress'), ('Chronic conditions', 'Mental well-being'), ('Weight bias', 'Positive experience of sports'), ('Healthy eating', 'Dyslipidemia'), ('Quality of the sport infrastructure', 'Recreational physical activity'), ('Physical pain', 'Ability to engage in physical activity'), ('Prevalence of green fields', 'Aesthetics'), ('Concentration', 'Ability to engage in physical activity'), ('Aesthetics', 'Mental well-being'), ('Poor body image', 'Depression'), ('Chronic conditions', 'Physical well-being'), ('Obesity', 'Release of adipokines'), ('Blood glucose level', 'Sodium retention'), ('Restrictive covenants', 'Availability of healthy foods'), ('Musculoskeletal pain', 'Mental well-being'), ('Weight bias', 'Unhealthy weight control practices'), ('Physical activity', 'Mental well-being'), ('Access to health professionals', 'Ability to engage in physical activity'), ('Stimulants', 'Short sleep duration'), ('Culture of eating that promotes healthy choices', 'Healthy eating'), ('Culture of eating that promotes healthy choices', 'Mental well-being'), ('Weight bias', 'Exercise'), ('Obesity', 'Dysfunctional adipose tissue'), ('Medications', 'Tiredness'), ('Inflammation', 'Insulin resistance'), ('Anticonvulsants', 'Appetite'), ('Inflammation', 'Auto-inflammatory diseases'), ('Accessibility to shops', 'Utilitarian physical activity '), ('Blood fatty acid level', 'Adipose storage of fatty acids'), ('Perceived environmental safety', 'Physical activity'), ('Short sleep duration', 'Physical well-being'), ('Cultural norms around thinness', 'Pressure to be thin'), ('Weight bias', 'Access to health professionals'), ('Public health messaging around thinness', 'Pressure to be thin'), ('Dysfunctional adipose tissue', 'Blood pressure'), ('Dysfunctional adipose tissue', 'Dyslipidemia'), ('Aesthetics', 'Utilitarian physical activity '), ('Obesity', 'Unhealthy weight control practices'), ('Obesity', 'Asthma-like symptoms'), ('Marketing ratio of unhealthy to healthy foods', 'Supportive food environment'), ('Dyslipidemia', 'Atherosclerosis'), ('Physical well-being', 'Mental well-being'), ('Public support and demand for healthy products', 'Cost of unhealthy foods'), ('Musculoskeletal pain', 'Physical well-being'), ('Coronary heart diseases', 'Exercise')]"
3,"[('Socio-economic status', 'Short sleep duration'), ('Resilience', 'Concentration'), ('Culture of eating that promotes healthy choices', 'Blood fatty acid level'), ('Physical well-being', 'Blood pressure'), ('Control', 'Coordination'), ('Mental well-being', 'Balance'), ('Stress', 'Inflammation'), ('Mental well-being', 'Heart rate'), ('Weight bias', 'Dyslipidemia'), ('Stress', 'Cortisol'), ('Poor body image', 'Unhealthy weight control practices'), ('Physical well-being', 'Ability to engage in physical activity'), ('Depression', 'Tiredness'), ('Pressure to be thin', 'Physical pain'), ('Depression', 'Pro-inflammatory cytokines'), ('Socio-economic status', 'Medications'), ('Poor body image', 'Dysfunctional adipose tissue'), ('Culture of eating that promotes healthy choices', 'Blood glucose level')]",1,1,-1,1,-1,"[('Culture of eating that promotes healthy choices', 'Physical well-being'), ('Weight bias', 'Socio-economic status'), ('Mental well-being', 'Physical well-being'), ('Socio-economic status', 'Stress'), ('Control', 'Mental well-being'), ('Socio-economic status', 'Physical well-being'), ('Public health messaging around thinness', 'Weight bias'), ('Resilience', 'Mental well-being'), ('Medical perspective that thin is good', 'Public health messaging around thinness'), ('Weight bias', 'Depression'), ('Control', 'Stress'), ('Socio-economic status', 'Mental well-being'), ('Medical perspective that thin is good', 'Cultural norms around thinness'), ('Weight bias', 'Mental well-being'), ('Cultural norms around thinness', 'Cultural norms around thinness'), ('Cultural norms around thinness', 'Poor body image'), ('Weight bias', 'Stress'), ('Poor body image', 'Poor body image'), ('Socio-economic status', 'Control'), ('Weight bias', 'Poor body image'), ('Pressure to be thin', 'Poor body image'), ('Depression', 'Stress'), ('Poor body image', 'Depression'), ('Culture of eating that promotes healthy choices', 'Mental well-being'), ('Cultural norms around thinness', 'Pressure to be thin'), ('Public health messaging around thinness', 'Pressure to be thin'), ('Physical well-being', 'Mental well-being')]","[('Medications', 'Balance'), ('Secretion of inflammatory molecules by adipose cells', 'Insulin resistance'), ('Obesity', 'Obstructive sleep apnea'), ('Dyslipidemia', 'Blood pressure'), ('Obesity', 'Gastro-esophageal reflux disease'), ('Auto-inflammatory diseases', 'Inflammation'), ('Atherosclerosis', 'Coronary heart diseases'), ('Release of adipokines', 'Atherosclerosis'), ('Blood mono-unsaturated fatty acid level', 'Secretion of inflammatory molecules by adipose cells'), ('Insulin resistance', 'Fatty acids in the artery walls'), ('Insulin resistance', 'Cells intake of fatty acids'), ('Adipose storage of fatty acids', 'Inflammation'), ('Thoracic and abdominal obesity', 'Airway resistance'), ('Thoracic and abdominal obesity', 'Respiratory muscle fatigue'), ('Unhealthy weight control practices', 'Obesity'), ('Sodium retention', 'Blood pressure'), ('Short sleep duration', 'Pro-inflammatory cytokines'), ('Medications', 'Obesity'), ('Balance', 'Ability to engage in physical activity'), ('Short sleep duration', 'Cortisol'), ('Airway resistance', 'Asthma'), ('Short sleep duration', 'Blood pressure'), ('Fatty acids in the artery walls', 'Atherosclerosis'), ('Dyslipidemia', 'Insulin resistance'), ('Blood glucose level', 'Fatty acids in the artery walls'), ('Respiratory diseases', 'Ability to engage in physical activity'), ('Blood saturated fatty acid level', 'Secretion of inflammatory molecules by adipose cells'), ('Dysfunctional adipose tissue', 'Inflammation'), ('Coordination', 'Ability to engage in physical activity'), ('Obesity', 'Short sleep duration'), ('Inflammation', 'Asthma'), ('Coronary heart diseases', 'Dyspnea'), ('Tiredness', 'Ability to engage in physical activity'), ('Short sleep duration', 'Heart rate'), ('Blood fatty acid level', 'Blood glucose level'), ('Pro-inflammatory cytokines', 'Inflammation'), ('Respiratory muscle fatigue', 'Dyspnea'), ('Heart rate', 'Coronary heart diseases'), ('Medications', 'Coordination'), ('Beta blockers', 'Ability to engage in physical activity'), ('Sodium intake', 'Blood pressure'), ('Airway resistance', 'Asthma-like symptoms'), ('Medications', 'Concentration'), ('Cells intake of fatty acids', 'Adipose storage of fatty acids'), ('Physical pain', 'Ability to engage in physical activity'), ('Concentration', 'Ability to engage in physical activity'), ('Obesity', 'Release of adipokines'), ('Blood glucose level', 'Sodium retention'), ('Stimulants', 'Short sleep duration'), ('Obesity', 'Dysfunctional adipose tissue'), ('Medications', 'Tiredness'), ('Inflammation', 'Insulin resistance'), ('Inflammation', 'Auto-inflammatory diseases'), ('Blood fatty acid level', 'Adipose storage of fatty acids'), ('Dysfunctional adipose tissue', 'Blood pressure'), ('Dysfunctional adipose tissue', 'Dyslipidemia'), ('Obesity', 'Unhealthy weight control practices'), ('Obesity', 'Asthma-like symptoms'), ('Dyslipidemia', 'Atherosclerosis')]","[('Prevalence of walking trails', 'Quality of the sport infrastructure'), ('Medications', 'Balance'), ('Culture of eating that promotes healthy choices', 'Physical well-being'), ('Secretion of inflammatory molecules by adipose cells', 'Insulin resistance'), ('Presence of a vibrant community', 'Control'), ('Obesity', 'Weight bias'), ('Healthy eating', 'Blood mono-unsaturated fatty acid level'), ('Exercise', 'Heart rate'), ('Available time', 'Recreational physical activity'), ('Chronic conditions', 'Depression'), ('Exercise', 'Insulin resistance'), ('Weight bias', 'Socio-economic status'), ('Mental well-being', 'Physical well-being'), ('Obesity', 'Obstructive sleep apnea'), ('Eating disorders', 'Healthy eating'), ('Consumer demand for regulations', 'Marketing of healthy foods'), ('Dyslipidemia', 'Blood pressure'), ('Obesity', 'Gastro-esophageal reflux disease'), ('Perceived environmental safety', 'Mental well-being'), ('Late night TV watching', 'Short sleep duration'), ('Auto-inflammatory diseases', 'Inflammation'), ('Depression', 'Healthy eating'), ('Socio-economic status', 'Stress'), ('Exercise', 'Blood glucose level'), ('Public support and demand for healthy products', 'Marketing of healthy foods'), ('Unhealthy foods are cheaper than healthy ones', 'Supportive food environment'), ('Control', 'Mental well-being'), ('Atherosclerosis', 'Coronary heart diseases'), ('Socio-economic status', 'Physical well-being'), ('Ability to engage in physical activity', 'Physical activity'), ('Public health messaging around thinness', 'Weight bias'), ('Public support and demand for healthy products', 'Availability of healthy foods'), ('Release of adipokines', 'Atherosclerosis'), ('Consumer demand for regulations', 'Marketing of unhealthy foods'), ('Resilience', 'Mental well-being'), ('Blood mono-unsaturated fatty acid level', 'Secretion of inflammatory molecules by adipose cells'), ('Medical perspective that thin is good', 'Public health messaging around thinness'), ('Mental well-being', 'Medications'), ('Sexual difficulties', 'Mental well-being'), ('Insulin resistance', 'Fatty acids in the artery walls'), ('Insulin resistance', 'Cells intake of fatty acids'), ('Sidewalk prevalence and maintenance', 'Utilitarian physical activity '), ('Adipose storage of fatty acids', 'Inflammation'), ('Socio-economic status', 'Exercise'), ('Thoracic and abdominal obesity', 'Airway resistance'), ('Healthy eating', 'Short sleep duration'), ('Perceived environmental safety', 'Physical well-being'), ('Weight bias', 'Depression'), ('Emotional eating', 'Mental well-being'), ('Late night TV watching', 'Healthy eating'), ('Control', 'Stress'), ('Aesthetics', 'Physical well-being'), ('Economic incentives to produce unhealthy food products', 'Cost of unhealthy foods'), ('Supportive food environment', 'Healthy eating'), ('Appetite', 'Physical well-being'), ('Thoracic and abdominal obesity', 'Respiratory muscle fatigue'), ('Cardiovascular diseases', 'Fear of engaging in physical activity'), ('Socio-economic status', 'Mental well-being'), ('Unhealthy weight control practices', 'Obesity'), ('Exercise', 'Blood pressure'), ('Sodium retention', 'Blood pressure'), ('Short sleep duration', 'Pro-inflammatory cytokines'), ('Medications', 'Obesity'), ('Short sleep duration', 'Appetite'), ('Balance', 'Ability to engage in physical activity'), ('Short sleep duration', 'Cortisol'), ('Airway resistance', 'Asthma'), ('Short sleep duration', 'Blood pressure'), ('Medical perspective that thin is good', 'Cultural norms around thinness'), ('Healthy eating', 'Blood glucose level'), ('Mental well-being', 'Anticonvulsants'), ('Fatty acids in the artery walls', 'Atherosclerosis'), ('Dyslipidemia', 'Insulin resistance'), ('Blood glucose level', 'Fatty acids in the artery walls'), ('Respiratory diseases', 'Ability to engage in physical activity'), ('Blood saturated fatty acid level', 'Secretion of inflammatory molecules by adipose cells'), ('Dysfunctional adipose tissue', 'Inflammation'), ('Weight bias', 'Mental well-being'), ('Coordination', 'Ability to engage in physical activity'), ('Cultural norms around thinness', 'Cultural norms around thinness'), ('Cultural norms around thinness', 'Poor body image'), ('Obesity', 'Short sleep duration'), ('Inflammation', 'Asthma'), ('Healthy eating', 'Sodium intake'), ('Cultural norms around thinness', 'Eating disorders'), ('Poor body image', 'Sexual difficulties'), ('Fear of engaging in physical activity', 'Physical activity'), ('Short sleep duration', 'Healthy eating'), ('Coronary heart diseases', 'Dyspnea'), ('Stress', 'Inflammation'), ('Weight bias', 'Stress'), ('Unhealthy weight control practices', 'Eating disorders'), ('Tiredness', 'Ability to engage in physical activity'), ('Short sleep duration', 'Heart rate'), ('Prevalence of bike trails', 'Quality of the sport infrastructure'), ('Exercise', 'Blood fatty acid level'), ('Mental well-being', 'Emotional eating'), ('Poor body image', 'Poor body image'), ('Blood fatty acid level', 'Blood glucose level'), ('Cardiovascular diseases', 'Depression'), ('Pro-inflammatory cytokines', 'Inflammation'), ('Prevalence of green fields', 'Quality of the sport infrastructure'), ('Mental well-being', 'Antipsychotics'), ('Socio-economic status', 'Control'), ('Weight bias', 'Poor body image'), ('Positive experience of sports', 'Recreational physical activity'), ('Public support and demand for healthy products', 'Cost of healthy foods'), ('Socio-economic status', 'Availability of healthy foods'), ('Cardiovascular diseases', 'Physical well-being'), ('Respiratory muscle fatigue', 'Dyspnea'), ('Heart rate', 'Coronary heart diseases'), ('Pressure to be thin', 'Poor body image'), ('Medications', 'Coordination'), ('Beta blockers', 'Ability to engage in physical activity'), ('Antipsychotics', 'Appetite'), ('Sodium intake', 'Blood pressure'), ('Pressure to be thin', 'Unhealthy weight control practices'), ('Airway resistance', 'Asthma-like symptoms'), ('Depression', 'Stress'), ('Medications', 'Concentration'), ('Public support and demand for healthy products', 'Marketing of unhealthy foods'), ('Poor body image', 'Eating disorders'), ('Emotional eating', 'Healthy eating'), ('Obesity', 'Access to health professionals'), ('Obesity', 'Mental well-being'), ('Unhealthy foods are more available than healthy ones', 'Supportive food environment'), ('Healthy eating', 'Blood saturated fatty acid level'), ('Presence of a vibrant community', 'Resilience'), ('Cells intake of fatty acids', 'Adipose storage of fatty acids'), ('Physical activity', 'Physical well-being'), ('Appetite', 'Healthy eating'), ('Aesthetics', 'Stress'), ('Chronic conditions', 'Mental well-being'), ('Weight bias', 'Positive experience of sports'), ('Healthy eating', 'Dyslipidemia'), ('Quality of the sport infrastructure', 'Recreational physical activity'), ('Physical pain', 'Ability to engage in physical activity'), ('Prevalence of green fields', 'Aesthetics'), ('Concentration', 'Ability to engage in physical activity'), ('Aesthetics', 'Mental well-being'), ('Poor body image', 'Depression'), ('Chronic conditions', 'Physical well-being'), ('Obesity', 'Release of adipokines'), ('Blood glucose level', 'Sodium retention'), ('Restrictive covenants', 'Availability of healthy foods'), ('Musculoskeletal pain', 'Mental well-being'), ('Weight bias', 'Unhealthy weight control practices'), ('Physical activity', 'Mental well-being'), ('Access to health professionals', 'Ability to engage in physical activity'), ('Stimulants', 'Short sleep duration'), ('Culture of eating that promotes healthy choices', 'Healthy eating'), ('Culture of eating that promotes healthy choices', 'Mental well-being'), ('Weight bias', 'Exercise'), ('Obesity', 'Dysfunctional adipose tissue'), ('Medications', 'Tiredness'), ('Inflammation', 'Insulin resistance'), ('Anticonvulsants', 'Appetite'), ('Inflammation', 'Auto-inflammatory diseases'), ('Accessibility to shops', 'Utilitarian physical activity '), ('Blood fatty acid level', 'Adipose storage of fatty acids'), ('Perceived environmental safety', 'Physical activity'), ('Short sleep duration', 'Physical well-being'), ('Cultural norms around thinness', 'Pressure to be thin'), ('Weight bias', 'Access to health professionals'), ('Public health messaging around thinness', 'Pressure to be thin'), ('Dysfunctional adipose tissue', 'Blood pressure'), ('Dysfunctional adipose tissue', 'Dyslipidemia'), ('Aesthetics', 'Utilitarian physical activity '), ('Obesity', 'Unhealthy weight control practices'), ('Obesity', 'Asthma-like symptoms'), ('Marketing ratio of unhealthy to healthy foods', 'Supportive food environment'), ('Dyslipidemia', 'Atherosclerosis'), ('Physical well-being', 'Mental well-being'), ('Public support and demand for healthy products', 'Cost of unhealthy foods'), ('Musculoskeletal pain', 'Physical well-being'), ('Coronary heart diseases', 'Exercise')]"
4,"[('Socio-economic status', 'Short sleep duration'), ('Resilience', 'Concentration'), ('Culture of eating that promotes healthy choices', 'Blood fatty acid level'), ('Physical well-being', 'Blood pressure'), ('Control', 'Coordination'), ('Mental well-being', 'Balance'), ('Stress', 'Inflammation'), ('Mental well-being', 'Heart rate'), ('Weight bias', 'Dyslipidemia'), ('Stress', 'Cortisol'), ('Poor body image', 'Unhealthy weight control practices'), ('Physical well-being', 'Ability to engage in physical activity'), ('Depression', 'Tiredness'), ('Pressure to be thin', 'Physical pain'), ('Depression', 'Pro-inflammatory cytokines'), ('Socio-economic status', 'Medications'), ('Poor body image', 'Dysfunctional adipose tissue'), ('Culture of eating that promotes healthy choices', 'Blood glucose level')]",1,1,-1,1,-1,"[('Culture of eating that promotes healthy choices', 'Physical well-being'), ('Weight bias', 'Socio-economic status'), ('Mental well-being', 'Physical well-being'), ('Socio-economic status', 'Stress'), ('Control', 'Mental well-being'), ('Socio-economic status', 'Physical well-being'), ('Public health messaging around thinness', 'Weight bias'), ('Resilience', 'Mental well-being'), ('Medical perspective that thin is good', 'Public health messaging around thinness'), ('Weight bias', 'Depression'), ('Control', 'Stress'), ('Socio-economic status', 'Mental well-being'), ('Medical perspective that thin is good', 'Cultural norms around thinness'), ('Weight bias', 'Mental well-being'), ('Cultural norms around thinness', 'Cultural norms around thinness'), ('Cultural norms around thinness', 'Poor body image'), ('Weight bias', 'Stress'), ('Poor body image', 'Poor body image'), ('Socio-economic status', 'Control'), ('Weight bias', 'Poor body image'), ('Pressure to be thin', 'Poor body image'), ('Depression', 'Stress'), ('Poor body image', 'Depression'), ('Culture of eating that promotes healthy choices', 'Mental well-being'), ('Cultural norms around thinness', 'Pressure to be thin'), ('Public health messaging around thinness', 'Pressure to be thin'), ('Physical well-being', 'Mental well-being')]","[('Medications', 'Balance'), ('Secretion of inflammatory molecules by adipose cells', 'Insulin resistance'), ('Obesity', 'Obstructive sleep apnea'), ('Dyslipidemia', 'Blood pressure'), ('Obesity', 'Gastro-esophageal reflux disease'), ('Auto-inflammatory diseases', 'Inflammation'), ('Atherosclerosis', 'Coronary heart diseases'), ('Release of adipokines', 'Atherosclerosis'), ('Blood mono-unsaturated fatty acid level', 'Secretion of inflammatory molecules by adipose cells'), ('Insulin resistance', 'Fatty acids in the artery walls'), ('Insulin resistance', 'Cells intake of fatty acids'), ('Adipose storage of fatty acids', 'Inflammation'), ('Thoracic and abdominal obesity', 'Airway resistance'), ('Thoracic and abdominal obesity', 'Respiratory muscle fatigue'), ('Unhealthy weight control practices', 'Obesity'), ('Sodium retention', 'Blood pressure'), ('Short sleep duration', 'Pro-inflammatory cytokines'), ('Medications', 'Obesity'), ('Balance', 'Ability to engage in physical activity'), ('Short sleep duration', 'Cortisol'), ('Airway resistance', 'Asthma'), ('Short sleep duration', 'Blood pressure'), ('Fatty acids in the artery walls', 'Atherosclerosis'), ('Dyslipidemia', 'Insulin resistance'), ('Blood glucose level', 'Fatty acids in the artery walls'), ('Respiratory diseases', 'Ability to engage in physical activity'), ('Blood saturated fatty acid level', 'Secretion of inflammatory molecules by adipose cells'), ('Dysfunctional adipose tissue', 'Inflammation'), ('Coordination', 'Ability to engage in physical activity'), ('Obesity', 'Short sleep duration'), ('Inflammation', 'Asthma'), ('Coronary heart diseases', 'Dyspnea'), ('Tiredness', 'Ability to engage in physical activity'), ('Short sleep duration', 'Heart rate'), ('Blood fatty acid level', 'Blood glucose level'), ('Pro-inflammatory cytokines', 'Inflammation'), ('Respiratory muscle fatigue', 'Dyspnea'), ('Heart rate', 'Coronary heart diseases'), ('Medications', 'Coordination'), ('Beta blockers', 'Ability to engage in physical activity'), ('Sodium intake', 'Blood pressure'), ('Airway resistance', 'Asthma-like symptoms'), ('Medications', 'Concentration'), ('Cells intake of fatty acids', 'Adipose storage of fatty acids'), ('Physical pain', 'Ability to engage in physical activity'), ('Concentration', 'Ability to engage in physical activity'), ('Obesity', 'Release of adipokines'), ('Blood glucose level', 'Sodium retention'), ('Stimulants', 'Short sleep duration'), ('Obesity', 'Dysfunctional adipose tissue'), ('Medications', 'Tiredness'), ('Inflammation', 'Insulin resistance'), ('Inflammation', 'Auto-inflammatory diseases'), ('Blood fatty acid level', 'Adipose storage of fatty acids'), ('Dysfunctional adipose tissue', 'Blood pressure'), ('Dysfunctional adipose tissue', 'Dyslipidemia'), ('Obesity', 'Unhealthy weight control practices'), ('Obesity', 'Asthma-like symptoms'), ('Dyslipidemia', 'Atherosclerosis')]","[('Prevalence of walking trails', 'Quality of the sport infrastructure'), ('Medications', 'Balance'), ('Culture of eating that promotes healthy choices', 'Physical well-being'), ('Secretion of inflammatory molecules by adipose cells', 'Insulin resistance'), ('Presence of a vibrant community', 'Control'), ('Obesity', 'Weight bias'), ('Healthy eating', 'Blood mono-unsaturated fatty acid level'), ('Exercise', 'Heart rate'), ('Available time', 'Recreational physical activity'), ('Chronic conditions', 'Depression'), ('Exercise', 'Insulin resistance'), ('Weight bias', 'Socio-economic status'), ('Mental well-being', 'Physical well-being'), ('Obesity', 'Obstructive sleep apnea'), ('Eating disorders', 'Healthy eating'), ('Consumer demand for regulations', 'Marketing of healthy foods'), ('Dyslipidemia', 'Blood pressure'), ('Obesity', 'Gastro-esophageal reflux disease'), ('Perceived environmental safety', 'Mental well-being'), ('Late night TV watching', 'Short sleep duration'), ('Auto-inflammatory diseases', 'Inflammation'), ('Depression', 'Healthy eating'), ('Socio-economic status', 'Stress'), ('Exercise', 'Blood glucose level'), ('Public support and demand for healthy products', 'Marketing of healthy foods'), ('Unhealthy foods are cheaper than healthy ones', 'Supportive food environment'), ('Control', 'Mental well-being'), ('Atherosclerosis', 'Coronary heart diseases'), ('Socio-economic status', 'Physical well-being'), ('Ability to engage in physical activity', 'Physical activity'), ('Public health messaging around thinness', 'Weight bias'), ('Public support and demand for healthy products', 'Availability of healthy foods'), ('Release of adipokines', 'Atherosclerosis'), ('Consumer demand for regulations', 'Marketing of unhealthy foods'), ('Resilience', 'Mental well-being'), ('Blood mono-unsaturated fatty acid level', 'Secretion of inflammatory molecules by adipose cells'), ('Medical perspective that thin is good', 'Public health messaging around thinness'), ('Mental well-being', 'Medications'), ('Sexual difficulties', 'Mental well-being'), ('Insulin resistance', 'Fatty acids in the artery walls'), ('Insulin resistance', 'Cells intake of fatty acids'), ('Sidewalk prevalence and maintenance', 'Utilitarian physical activity '), ('Adipose storage of fatty acids', 'Inflammation'), ('Socio-economic status', 'Exercise'), ('Thoracic and abdominal obesity', 'Airway resistance'), ('Healthy eating', 'Short sleep duration'), ('Perceived environmental safety', 'Physical well-being'), ('Weight bias', 'Depression'), ('Emotional eating', 'Mental well-being'), ('Late night TV watching', 'Healthy eating'), ('Control', 'Stress'), ('Aesthetics', 'Physical well-being'), ('Economic incentives to produce unhealthy food products', 'Cost of unhealthy foods'), ('Supportive food environment', 'Healthy eating'), ('Appetite', 'Physical well-being'), ('Thoracic and abdominal obesity', 'Respiratory muscle fatigue'), ('Cardiovascular diseases', 'Fear of engaging in physical activity'), ('Socio-economic status', 'Mental well-being'), ('Unhealthy weight control practices', 'Obesity'), ('Exercise', 'Blood pressure'), ('Sodium retention', 'Blood pressure'), ('Short sleep duration', 'Pro-inflammatory cytokines'), ('Medications', 'Obesity'), ('Short sleep duration', 'Appetite'), ('Balance', 'Ability to engage in physical activity'), ('Short sleep duration', 'Cortisol'), ('Airway resistance', 'Asthma'), ('Short sleep duration', 'Blood pressure'), ('Medical perspective that thin is good', 'Cultural norms around thinness'), ('Healthy eating', 'Blood glucose level'), ('Mental well-being', 'Anticonvulsants'), ('Fatty acids in the artery walls', 'Atherosclerosis'), ('Dyslipidemia', 'Insulin resistance'), ('Blood glucose level', 'Fatty acids in the artery walls'), ('Respiratory diseases', 'Ability to engage in physical activity'), ('Blood saturated fatty acid level', 'Secretion of inflammatory molecules by adipose cells'), ('Dysfunctional adipose tissue', 'Inflammation'), ('Weight bias', 'Mental well-being'), ('Coordination', 'Ability to engage in physical activity'), ('Cultural norms around thinness', 'Cultural norms around thinness'), ('Cultural norms around thinness', 'Poor body image'), ('Obesity', 'Short sleep duration'), ('Inflammation', 'Asthma'), ('Healthy eating', 'Sodium intake'), ('Cultural norms around thinness', 'Eating disorders'), ('Poor body image', 'Sexual difficulties'), ('Fear of engaging in physical activity', 'Physical activity'), ('Short sleep duration', 'Healthy eating'), ('Coronary heart diseases', 'Dyspnea'), ('Stress', 'Inflammation'), ('Weight bias', 'Stress'), ('Unhealthy weight control practices', 'Eating disorders'), ('Tiredness', 'Ability to engage in physical activity'), ('Short sleep duration', 'Heart rate'), ('Prevalence of bike trails', 'Quality of the sport infrastructure'), ('Exercise', 'Blood fatty acid level'), ('Mental well-being', 'Emotional eating'), ('Poor body image', 'Poor body image'), ('Blood fatty acid level', 'Blood glucose level'), ('Cardiovascular diseases', 'Depression'), ('Pro-inflammatory cytokines', 'Inflammation'), ('Prevalence of green fields', 'Quality of the sport infrastructure'), ('Mental well-being', 'Antipsychotics'), ('Socio-economic status', 'Control'), ('Weight bias', 'Poor body image'), ('Positive experience of sports', 'Recreational physical activity'), ('Public support and demand for healthy products', 'Cost of healthy foods'), ('Socio-economic status', 'Availability of healthy foods'), ('Cardiovascular diseases', 'Physical well-being'), ('Respiratory muscle fatigue', 'Dyspnea'), ('Heart rate', 'Coronary heart diseases'), ('Pressure to be thin', 'Poor body image'), ('Medications', 'Coordination'), ('Beta blockers', 'Ability to engage in physical activity'), ('Antipsychotics', 'Appetite'), ('Sodium intake', 'Blood pressure'), ('Pressure to be thin', 'Unhealthy weight control practices'), ('Airway resistance', 'Asthma-like symptoms'), ('Depression', 'Stress'), ('Medications', 'Concentration'), ('Public support and demand for healthy products', 'Marketing of unhealthy foods'), ('Poor body image', 'Eating disorders'), ('Emotional eating', 'Healthy eating'), ('Obesity', 'Access to health professionals'), ('Obesity', 'Mental well-being'), ('Unhealthy foods are more available than healthy ones', 'Supportive food environment'), ('Healthy eating', 'Blood saturated fatty acid level'), ('Presence of a vibrant community', 'Resilience'), ('Cells intake of fatty acids', 'Adipose storage of fatty acids'), ('Physical activity', 'Physical well-being'), ('Appetite', 'Healthy eating'), ('Aesthetics', 'Stress'), ('Chronic conditions', 'Mental well-being'), ('Weight bias', 'Positive experience of sports'), ('Healthy eating', 'Dyslipidemia'), ('Quality of the sport infrastructure', 'Recreational physical activity'), ('Physical pain', 'Ability to engage in physical activity'), ('Prevalence of green fields', 'Aesthetics'), ('Concentration', 'Ability to engage in physical activity'), ('Aesthetics', 'Mental well-being'), ('Poor body image', 'Depression'), ('Chronic conditions', 'Physical well-being'), ('Obesity', 'Release of adipokines'), ('Blood glucose level', 'Sodium retention'), ('Restrictive covenants', 'Availability of healthy foods'), ('Musculoskeletal pain', 'Mental well-being'), ('Weight bias', 'Unhealthy weight control practices'), ('Physical activity', 'Mental well-being'), ('Access to health professionals', 'Ability to engage in physical activity'), ('Stimulants', 'Short sleep duration'), ('Culture of eating that promotes healthy choices', 'Healthy eating'), ('Culture of eating that promotes healthy choices', 'Mental well-being'), ('Weight bias', 'Exercise'), ('Obesity', 'Dysfunctional adipose tissue'), ('Medications', 'Tiredness'), ('Inflammation', 'Insulin resistance'), ('Anticonvulsants', 'Appetite'), ('Inflammation', 'Auto-inflammatory diseases'), ('Accessibility to shops', 'Utilitarian physical activity '), ('Blood fatty acid level', 'Adipose storage of fatty acids'), ('Perceived environmental safety', 'Physical activity'), ('Short sleep duration', 'Physical well-being'), ('Cultural norms around thinness', 'Pressure to be thin'), ('Weight bias', 'Access to health professionals'), ('Public health messaging around thinness', 'Pressure to be thin'), ('Dysfunctional adipose tissue', 'Blood pressure'), ('Dysfunctional adipose tissue', 'Dyslipidemia'), ('Aesthetics', 'Utilitarian physical activity '), ('Obesity', 'Unhealthy weight control practices'), ('Obesity', 'Asthma-like symptoms'), ('Marketing ratio of unhealthy to healthy foods', 'Supportive food environment'), ('Dyslipidemia', 'Atherosclerosis'), ('Physical well-being', 'Mental well-being'), ('Public support and demand for healthy products', 'Cost of unhealthy foods'), ('Musculoskeletal pain', 'Physical well-being'), ('Coronary heart diseases', 'Exercise')]"
0,"[('Culture of eating that promotes healthy choices', 'Adipose storage of fatty acids'), ('Socio-economic status', 'Blood pressure'), ('Medical perspective that thin is good', 'Blood glucose level'), ('Weight bias', 'Dyslipidemia'), ('Stress', 'Cortisol'), ('Physical well-being', 'Ability to engage in physical activity'), ('Resilience', 'Inflammation'), ('Cultural norms around thinness', 'Unhealthy weight control practices'), ('Pressure to be thin', 'Obesity'), ('Mental well-being', 'Depression')]",1,1,-1,-1,-1,"[('Culture of eating that promotes healthy choices', 'Physical well-being'), ('Weight bias', 'Socio-economic status'), ('Mental well-being', 'Physical well-being'), ('Socio-economic status', 'Stress'), ('Control', 'Mental well-being'), ('Socio-economic status', 'Physical well-being'), ('Public health messaging around thinness', 'Weight bias'), ('Resilience', 'Mental well-being'), ('Medical perspective that thin is good', 'Public health messaging around thinness'), ('Weight bias', 'Depression'), ('Control', 'Stress'), ('Socio-economic status', 'Mental well-being'), ('Medical perspective that thin is good', 'Cultural norms around thinness'), ('Weight bias', 'Mental well-being'), ('Cultural norms around thinness', 'Cultural norms around thinness'), ('Cultural norms around thinness', 'Poor body image'), ('Weight bias', 'Stress'), ('Poor body image', 'Poor body image'), ('Socio-economic status', 'Control'), ('Weight bias', 'Poor body image'), ('Pressure to be thin', 'Poor body image'), ('Depression', 'Stress'), ('Poor body image', 'Depression'), ('Culture of eating that promotes healthy choices', 'Mental well-being'), ('Cultural norms around thinness', 'Pressure to be thin'), ('Public health messaging around thinness', 'Pressure to be thin'), ('Physical well-being', 'Mental well-being')]","[('Medications', 'Balance'), ('Secretion of inflammatory molecules by adipose cells', 'Insulin resistance'), ('Obesity', 'Obstructive sleep apnea'), ('Dyslipidemia', 'Blood pressure'), ('Obesity', 'Gastro-esophageal reflux disease'), ('Auto-inflammatory diseases', 'Inflammation'), ('Atherosclerosis', 'Coronary heart diseases'), ('Release of adipokines', 'Atherosclerosis'), ('Blood mono-unsaturated fatty acid level', 'Secretion of inflammatory molecules by adipose cells'), ('Insulin resistance', 'Fatty acids in the artery walls'), ('Insulin resistance', 'Cells intake of fatty acids'), ('Adipose storage of fatty acids', 'Inflammation'), ('Thoracic and abdominal obesity', 'Airway resistance'), ('Thoracic and abdominal obesity', 'Respiratory muscle fatigue'), ('Unhealthy weight control practices', 'Obesity'), ('Sodium retention', 'Blood pressure'), ('Short sleep duration', 'Pro-inflammatory cytokines'), ('Medications', 'Obesity'), ('Balance', 'Ability to engage in physical activity'), ('Short sleep duration', 'Cortisol'), ('Airway resistance', 'Asthma'), ('Short sleep duration', 'Blood pressure'), ('Fatty acids in the artery walls', 'Atherosclerosis'), ('Dyslipidemia', 'Insulin resistance'), ('Blood glucose level', 'Fatty acids in the artery walls'), ('Respiratory diseases', 'Ability to engage in physical activity'), ('Blood saturated fatty acid level', 'Secretion of inflammatory molecules by adipose cells'), ('Dysfunctional adipose tissue', 'Inflammation'), ('Coordination', 'Ability to engage in physical activity'), ('Obesity', 'Short sleep duration'), ('Inflammation', 'Asthma'), ('Coronary heart diseases', 'Dyspnea'), ('Tiredness', 'Ability to engage in physical activity'), ('Short sleep duration', 'Heart rate'), ('Blood fatty acid level', 'Blood glucose level'), ('Pro-inflammatory cytokines', 'Inflammation'), ('Respiratory muscle fatigue', 'Dyspnea'), ('Heart rate', 'Coronary heart diseases'), ('Medications', 'Coordination'), ('Beta blockers', 'Ability to engage in physical activity'), ('Sodium intake', 'Blood pressure'), ('Airway resistance', 'Asthma-like symptoms'), ('Medications', 'Concentration'), ('Cells intake of fatty acids', 'Adipose storage of fatty acids'), ('Physical pain', 'Ability to engage in physical activity'), ('Concentration', 'Ability to engage in physical activity'), ('Obesity', 'Release of adipokines'), ('Blood glucose level', 'Sodium retention'), ('Stimulants', 'Short sleep duration'), ('Obesity', 'Dysfunctional adipose tissue'), ('Medications', 'Tiredness'), ('Inflammation', 'Insulin resistance'), ('Inflammation', 'Auto-inflammatory diseases'), ('Blood fatty acid level', 'Adipose storage of fatty acids'), ('Dysfunctional adipose tissue', 'Blood pressure'), ('Dysfunctional adipose tissue', 'Dyslipidemia'), ('Obesity', 'Unhealthy weight control practices'), ('Obesity', 'Asthma-like symptoms'), ('Dyslipidemia', 'Atherosclerosis')]","[('Prevalence of walking trails', 'Quality of the sport infrastructure'), ('Medications', 'Balance'), ('Culture of eating that promotes healthy choices', 'Physical well-being'), ('Secretion of inflammatory molecules by adipose cells', 'Insulin resistance'), ('Presence of a vibrant community', 'Control'), ('Obesity', 'Weight bias'), ('Healthy eating', 'Blood mono-unsaturated fatty acid level'), ('Exercise', 'Heart rate'), ('Available time', 'Recreational physical activity'), ('Chronic conditions', 'Depression'), ('Exercise', 'Insulin resistance'), ('Weight bias', 'Socio-economic status'), ('Mental well-being', 'Physical well-being'), ('Obesity', 'Obstructive sleep apnea'), ('Eating disorders', 'Healthy eating'), ('Consumer demand for regulations', 'Marketing of healthy foods'), ('Dyslipidemia', 'Blood pressure'), ('Obesity', 'Gastro-esophageal reflux disease'), ('Perceived environmental safety', 'Mental well-being'), ('Late night TV watching', 'Short sleep duration'), ('Auto-inflammatory diseases', 'Inflammation'), ('Depression', 'Healthy eating'), ('Socio-economic status', 'Stress'), ('Exercise', 'Blood glucose level'), ('Public support and demand for healthy products', 'Marketing of healthy foods'), ('Unhealthy foods are cheaper than healthy ones', 'Supportive food environment'), ('Control', 'Mental well-being'), ('Atherosclerosis', 'Coronary heart diseases'), ('Socio-economic status', 'Physical well-being'), ('Ability to engage in physical activity', 'Physical activity'), ('Public health messaging around thinness', 'Weight bias'), ('Public support and demand for healthy products', 'Availability of healthy foods'), ('Release of adipokines', 'Atherosclerosis'), ('Consumer demand for regulations', 'Marketing of unhealthy foods'), ('Resilience', 'Mental well-being'), ('Blood mono-unsaturated fatty acid level', 'Secretion of inflammatory molecules by adipose cells'), ('Medical perspective that thin is good', 'Public health messaging around thinness'), ('Mental well-being', 'Medications'), ('Sexual difficulties', 'Mental well-being'), ('Insulin resistance', 'Fatty acids in the artery walls'), ('Insulin resistance', 'Cells intake of fatty acids'), ('Sidewalk prevalence and maintenance', 'Utilitarian physical activity '), ('Adipose storage of fatty acids', 'Inflammation'), ('Socio-economic status', 'Exercise'), ('Thoracic and abdominal obesity', 'Airway resistance'), ('Healthy eating', 'Short sleep duration'), ('Perceived environmental safety', 'Physical well-being'), ('Weight bias', 'Depression'), ('Emotional eating', 'Mental well-being'), ('Late night TV watching', 'Healthy eating'), ('Control', 'Stress'), ('Aesthetics', 'Physical well-being'), ('Economic incentives to produce unhealthy food products', 'Cost of unhealthy foods'), ('Supportive food environment', 'Healthy eating'), ('Appetite', 'Physical well-being'), ('Thoracic and abdominal obesity', 'Respiratory muscle fatigue'), ('Cardiovascular diseases', 'Fear of engaging in physical activity'), ('Socio-economic status', 'Mental well-being'), ('Unhealthy weight control practices', 'Obesity'), ('Exercise', 'Blood pressure'), ('Sodium retention', 'Blood pressure'), ('Short sleep duration', 'Pro-inflammatory cytokines'), ('Medications', 'Obesity'), ('Short sleep duration', 'Appetite'), ('Balance', 'Ability to engage in physical activity'), ('Short sleep duration', 'Cortisol'), ('Airway resistance', 'Asthma'), ('Short sleep duration', 'Blood pressure'), ('Medical perspective that thin is good', 'Cultural norms around thinness'), ('Healthy eating', 'Blood glucose level'), ('Mental well-being', 'Anticonvulsants'), ('Fatty acids in the artery walls', 'Atherosclerosis'), ('Dyslipidemia', 'Insulin resistance'), ('Blood glucose level', 'Fatty acids in the artery walls'), ('Respiratory diseases', 'Ability to engage in physical activity'), ('Blood saturated fatty acid level', 'Secretion of inflammatory molecules by adipose cells'), ('Dysfunctional adipose tissue', 'Inflammation'), ('Weight bias', 'Mental well-being'), ('Coordination', 'Ability to engage in physical activity'), ('Cultural norms around thinness', 'Cultural norms around thinness'), ('Cultural norms around thinness', 'Poor body image'), ('Obesity', 'Short sleep duration'), ('Inflammation', 'Asthma'), ('Healthy eating', 'Sodium intake'), ('Cultural norms around thinness', 'Eating disorders'), ('Poor body image', 'Sexual difficulties'), ('Fear of engaging in physical activity', 'Physical activity'), ('Short sleep duration', 'Healthy eating'), ('Coronary heart diseases', 'Dyspnea'), ('Stress', 'Inflammation'), ('Weight bias', 'Stress'), ('Unhealthy weight control practices', 'Eating disorders'), ('Tiredness', 'Ability to engage in physical activity'), ('Short sleep duration', 'Heart rate'), ('Prevalence of bike trails', 'Quality of the sport infrastructure'), ('Exercise', 'Blood fatty acid level'), ('Mental well-being', 'Emotional eating'), ('Poor body image', 'Poor body image'), ('Blood fatty acid level', 'Blood glucose level'), ('Cardiovascular diseases', 'Depression'), ('Pro-inflammatory cytokines', 'Inflammation'), ('Prevalence of green fields', 'Quality of the sport infrastructure'), ('Mental well-being', 'Antipsychotics'), ('Socio-economic status', 'Control'), ('Weight bias', 'Poor body image'), ('Positive experience of sports', 'Recreational physical activity'), ('Public support and demand for healthy products', 'Cost of healthy foods'), ('Socio-economic status', 'Availability of healthy foods'), ('Cardiovascular diseases', 'Physical well-being'), ('Respiratory muscle fatigue', 'Dyspnea'), ('Heart rate', 'Coronary heart diseases'), ('Pressure to be thin', 'Poor body image'), ('Medications', 'Coordination'), ('Beta blockers', 'Ability to engage in physical activity'), ('Antipsychotics', 'Appetite'), ('Sodium intake', 'Blood pressure'), ('Pressure to be thin', 'Unhealthy weight control practices'), ('Airway resistance', 'Asthma-like symptoms'), ('Depression', 'Stress'), ('Medications', 'Concentration'), ('Public support and demand for healthy products', 'Marketing of unhealthy foods'), ('Poor body image', 'Eating disorders'), ('Emotional eating', 'Healthy eating'), ('Obesity', 'Access to health professionals'), ('Obesity', 'Mental well-being'), ('Unhealthy foods are more available than healthy ones', 'Supportive food environment'), ('Healthy eating', 'Blood saturated fatty acid level'), ('Presence of a vibrant community', 'Resilience'), ('Cells intake of fatty acids', 'Adipose storage of fatty acids'), ('Physical activity', 'Physical well-being'), ('Appetite', 'Healthy eating'), ('Aesthetics', 'Stress'), ('Chronic conditions', 'Mental well-being'), ('Weight bias', 'Positive experience of sports'), ('Healthy eating', 'Dyslipidemia'), ('Quality of the sport infrastructure', 'Recreational physical activity'), ('Physical pain', 'Ability to engage in physical activity'), ('Prevalence of green fields', 'Aesthetics'), ('Concentration', 'Ability to engage in physical activity'), ('Aesthetics', 'Mental well-being'), ('Poor body image', 'Depression'), ('Chronic conditions', 'Physical well-being'), ('Obesity', 'Release of adipokines'), ('Blood glucose level', 'Sodium retention'), ('Restrictive covenants', 'Availability of healthy foods'), ('Musculoskeletal pain', 'Mental well-being'), ('Weight bias', 'Unhealthy weight control practices'), ('Physical activity', 'Mental well-being'), ('Access to health professionals', 'Ability to engage in physical activity'), ('Stimulants', 'Short sleep duration'), ('Culture of eating that promotes healthy choices', 'Healthy eating'), ('Culture of eating that promotes healthy choices', 'Mental well-being'), ('Weight bias', 'Exercise'), ('Obesity', 'Dysfunctional adipose tissue'), ('Medications', 'Tiredness'), ('Inflammation', 'Insulin resistance'), ('Anticonvulsants', 'Appetite'), ('Inflammation', 'Auto-inflammatory diseases'), ('Accessibility to shops', 'Utilitarian physical activity '), ('Blood fatty acid level', 'Adipose storage of fatty acids'), ('Perceived environmental safety', 'Physical activity'), ('Short sleep duration', 'Physical well-being'), ('Cultural norms around thinness', 'Pressure to be thin'), ('Weight bias', 'Access to health professionals'), ('Public health messaging around thinness', 'Pressure to be thin'), ('Dysfunctional adipose tissue', 'Blood pressure'), ('Dysfunctional adipose tissue', 'Dyslipidemia'), ('Aesthetics', 'Utilitarian physical activity '), ('Obesity', 'Unhealthy weight control practices'), ('Obesity', 'Asthma-like symptoms'), ('Marketing ratio of unhealthy to healthy foods', 'Supportive food environment'), ('Dyslipidemia', 'Atherosclerosis'), ('Physical well-being', 'Mental well-being'), ('Public support and demand for healthy products', 'Cost of unhealthy foods'), ('Musculoskeletal pain', 'Physical well-being'), ('Coronary heart diseases', 'Exercise')]"
1,"[('Culture of eating that promotes healthy choices', 'Adipose storage of fatty acids'), ('Socio-economic status', 'Blood pressure'), ('Medical perspective that thin is good', 'Blood glucose level'), ('Weight bias', 'Dyslipidemia'), ('Stress', 'Cortisol'), ('Physical well-being', 'Ability to engage in physical activity'), ('Resilience', 'Inflammation'), ('Cultural norms around thinness', 'Unhealthy weight control practices'), ('Pressure to be thin', 'Obesity'), ('Mental well-being', 'Depression')]",1,1,-1,-1,-1,"[('Culture of eating that promotes healthy choices', 'Physical well-being'), ('Weight bias', 'Socio-economic status'), ('Mental well-being', 'Physical well-being'), ('Socio-economic status', 'Stress'), ('Control', 'Mental well-being'), ('Socio-economic status', 'Physical well-being'), ('Public health messaging around thinness', 'Weight bias'), ('Resilience', 'Mental well-being'), ('Medical perspective that thin is good', 'Public health messaging around thinness'), ('Weight bias', 'Depression'), ('Control', 'Stress'), ('Socio-economic status', 'Mental well-being'), ('Medical perspective that thin is good', 'Cultural norms around thinness'), ('Weight bias', 'Mental well-being'), ('Cultural norms around thinness', 'Cultural norms around thinness'), ('Cultural norms around thinness', 'Poor body image'), ('Weight bias', 'Stress'), ('Poor body image', 'Poor body image'), ('Socio-economic status', 'Control'), ('Weight bias', 'Poor body image'), ('Pressure to be thin', 'Poor body image'), ('Depression', 'Stress'), ('Poor body image', 'Depression'), ('Culture of eating that promotes healthy choices', 'Mental well-being'), ('Cultural norms around thinness', 'Pressure to be thin'), ('Public health messaging around thinness', 'Pressure to be thin'), ('Physical well-being', 'Mental well-being')]","[('Medications', 'Balance'), ('Secretion of inflammatory molecules by adipose cells', 'Insulin resistance'), ('Obesity', 'Obstructive sleep apnea'), ('Dyslipidemia', 'Blood pressure'), ('Obesity', 'Gastro-esophageal reflux disease'), ('Auto-inflammatory diseases', 'Inflammation'), ('Atherosclerosis', 'Coronary heart diseases'), ('Release of adipokines', 'Atherosclerosis'), ('Blood mono-unsaturated fatty acid level', 'Secretion of inflammatory molecules by adipose cells'), ('Insulin resistance', 'Fatty acids in the artery walls'), ('Insulin resistance', 'Cells intake of fatty acids'), ('Adipose storage of fatty acids', 'Inflammation'), ('Thoracic and abdominal obesity', 'Airway resistance'), ('Thoracic and abdominal obesity', 'Respiratory muscle fatigue'), ('Unhealthy weight control practices', 'Obesity'), ('Sodium retention', 'Blood pressure'), ('Short sleep duration', 'Pro-inflammatory cytokines'), ('Medications', 'Obesity'), ('Balance', 'Ability to engage in physical activity'), ('Short sleep duration', 'Cortisol'), ('Airway resistance', 'Asthma'), ('Short sleep duration', 'Blood pressure'), ('Fatty acids in the artery walls', 'Atherosclerosis'), ('Dyslipidemia', 'Insulin resistance'), ('Blood glucose level', 'Fatty acids in the artery walls'), ('Respiratory diseases', 'Ability to engage in physical activity'), ('Blood saturated fatty acid level', 'Secretion of inflammatory molecules by adipose cells'), ('Dysfunctional adipose tissue', 'Inflammation'), ('Coordination', 'Ability to engage in physical activity'), ('Obesity', 'Short sleep duration'), ('Inflammation', 'Asthma'), ('Coronary heart diseases', 'Dyspnea'), ('Tiredness', 'Ability to engage in physical activity'), ('Short sleep duration', 'Heart rate'), ('Blood fatty acid level', 'Blood glucose level'), ('Pro-inflammatory cytokines', 'Inflammation'), ('Respiratory muscle fatigue', 'Dyspnea'), ('Heart rate', 'Coronary heart diseases'), ('Medications', 'Coordination'), ('Beta blockers', 'Ability to engage in physical activity'), ('Sodium intake', 'Blood pressure'), ('Airway resistance', 'Asthma-like symptoms'), ('Medications', 'Concentration'), ('Cells intake of fatty acids', 'Adipose storage of fatty acids'), ('Physical pain', 'Ability to engage in physical activity'), ('Concentration', 'Ability to engage in physical activity'), ('Obesity', 'Release of adipokines'), ('Blood glucose level', 'Sodium retention'), ('Stimulants', 'Short sleep duration'), ('Obesity', 'Dysfunctional adipose tissue'), ('Medications', 'Tiredness'), ('Inflammation', 'Insulin resistance'), ('Inflammation', 'Auto-inflammatory diseases'), ('Blood fatty acid level', 'Adipose storage of fatty acids'), ('Dysfunctional adipose tissue', 'Blood pressure'), ('Dysfunctional adipose tissue', 'Dyslipidemia'), ('Obesity', 'Unhealthy weight control practices'), ('Obesity', 'Asthma-like symptoms'), ('Dyslipidemia', 'Atherosclerosis')]","[('Prevalence of walking trails', 'Quality of the sport infrastructure'), ('Medications', 'Balance'), ('Culture of eating that promotes healthy choices', 'Physical well-being'), ('Secretion of inflammatory molecules by adipose cells', 'Insulin resistance'), ('Presence of a vibrant community', 'Control'), ('Obesity', 'Weight bias'), ('Healthy eating', 'Blood mono-unsaturated fatty acid level'), ('Exercise', 'Heart rate'), ('Available time', 'Recreational physical activity'), ('Chronic conditions', 'Depression'), ('Exercise', 'Insulin resistance'), ('Weight bias', 'Socio-economic status'), ('Mental well-being', 'Physical well-being'), ('Obesity', 'Obstructive sleep apnea'), ('Eating disorders', 'Healthy eating'), ('Consumer demand for regulations', 'Marketing of healthy foods'), ('Dyslipidemia', 'Blood pressure'), ('Obesity', 'Gastro-esophageal reflux disease'), ('Perceived environmental safety', 'Mental well-being'), ('Late night TV watching', 'Short sleep duration'), ('Auto-inflammatory diseases', 'Inflammation'), ('Depression', 'Healthy eating'), ('Socio-economic status', 'Stress'), ('Exercise', 'Blood glucose level'), ('Public support and demand for healthy products', 'Marketing of healthy foods'), ('Unhealthy foods are cheaper than healthy ones', 'Supportive food environment'), ('Control', 'Mental well-being'), ('Atherosclerosis', 'Coronary heart diseases'), ('Socio-economic status', 'Physical well-being'), ('Ability to engage in physical activity', 'Physical activity'), ('Public health messaging around thinness', 'Weight bias'), ('Public support and demand for healthy products', 'Availability of healthy foods'), ('Release of adipokines', 'Atherosclerosis'), ('Consumer demand for regulations', 'Marketing of unhealthy foods'), ('Resilience', 'Mental well-being'), ('Blood mono-unsaturated fatty acid level', 'Secretion of inflammatory molecules by adipose cells'), ('Medical perspective that thin is good', 'Public health messaging around thinness'), ('Mental well-being', 'Medications'), ('Sexual difficulties', 'Mental well-being'), ('Insulin resistance', 'Fatty acids in the artery walls'), ('Insulin resistance', 'Cells intake of fatty acids'), ('Sidewalk prevalence and maintenance', 'Utilitarian physical activity '), ('Adipose storage of fatty acids', 'Inflammation'), ('Socio-economic status', 'Exercise'), ('Thoracic and abdominal obesity', 'Airway resistance'), ('Healthy eating', 'Short sleep duration'), ('Perceived environmental safety', 'Physical well-being'), ('Weight bias', 'Depression'), ('Emotional eating', 'Mental well-being'), ('Late night TV watching', 'Healthy eating'), ('Control', 'Stress'), ('Aesthetics', 'Physical well-being'), ('Economic incentives to produce unhealthy food products', 'Cost of unhealthy foods'), ('Supportive food environment', 'Healthy eating'), ('Appetite', 'Physical well-being'), ('Thoracic and abdominal obesity', 'Respiratory muscle fatigue'), ('Cardiovascular diseases', 'Fear of engaging in physical activity'), ('Socio-economic status', 'Mental well-being'), ('Unhealthy weight control practices', 'Obesity'), ('Exercise', 'Blood pressure'), ('Sodium retention', 'Blood pressure'), ('Short sleep duration', 'Pro-inflammatory cytokines'), ('Medications', 'Obesity'), ('Short sleep duration', 'Appetite'), ('Balance', 'Ability to engage in physical activity'), ('Short sleep duration', 'Cortisol'), ('Airway resistance', 'Asthma'), ('Short sleep duration', 'Blood pressure'), ('Medical perspective that thin is good', 'Cultural norms around thinness'), ('Healthy eating', 'Blood glucose level'), ('Mental well-being', 'Anticonvulsants'), ('Fatty acids in the artery walls', 'Atherosclerosis'), ('Dyslipidemia', 'Insulin resistance'), ('Blood glucose level', 'Fatty acids in the artery walls'), ('Respiratory diseases', 'Ability to engage in physical activity'), ('Blood saturated fatty acid level', 'Secretion of inflammatory molecules by adipose cells'), ('Dysfunctional adipose tissue', 'Inflammation'), ('Weight bias', 'Mental well-being'), ('Coordination', 'Ability to engage in physical activity'), ('Cultural norms around thinness', 'Cultural norms around thinness'), ('Cultural norms around thinness', 'Poor body image'), ('Obesity', 'Short sleep duration'), ('Inflammation', 'Asthma'), ('Healthy eating', 'Sodium intake'), ('Cultural norms around thinness', 'Eating disorders'), ('Poor body image', 'Sexual difficulties'), ('Fear of engaging in physical activity', 'Physical activity'), ('Short sleep duration', 'Healthy eating'), ('Coronary heart diseases', 'Dyspnea'), ('Stress', 'Inflammation'), ('Weight bias', 'Stress'), ('Unhealthy weight control practices', 'Eating disorders'), ('Tiredness', 'Ability to engage in physical activity'), ('Short sleep duration', 'Heart rate'), ('Prevalence of bike trails', 'Quality of the sport infrastructure'), ('Exercise', 'Blood fatty acid level'), ('Mental well-being', 'Emotional eating'), ('Poor body image', 'Poor body image'), ('Blood fatty acid level', 'Blood glucose level'), ('Cardiovascular diseases', 'Depression'), ('Pro-inflammatory cytokines', 'Inflammation'), ('Prevalence of green fields', 'Quality of the sport infrastructure'), ('Mental well-being', 'Antipsychotics'), ('Socio-economic status', 'Control'), ('Weight bias', 'Poor body image'), ('Positive experience of sports', 'Recreational physical activity'), ('Public support and demand for healthy products', 'Cost of healthy foods'), ('Socio-economic status', 'Availability of healthy foods'), ('Cardiovascular diseases', 'Physical well-being'), ('Respiratory muscle fatigue', 'Dyspnea'), ('Heart rate', 'Coronary heart diseases'), ('Pressure to be thin', 'Poor body image'), ('Medications', 'Coordination'), ('Beta blockers', 'Ability to engage in physical activity'), ('Antipsychotics', 'Appetite'), ('Sodium intake', 'Blood pressure'), ('Pressure to be thin', 'Unhealthy weight control practices'), ('Airway resistance', 'Asthma-like symptoms'), ('Depression', 'Stress'), ('Medications', 'Concentration'), ('Public support and demand for healthy products', 'Marketing of unhealthy foods'), ('Poor body image', 'Eating disorders'), ('Emotional eating', 'Healthy eating'), ('Obesity', 'Access to health professionals'), ('Obesity', 'Mental well-being'), ('Unhealthy foods are more available than healthy ones', 'Supportive food environment'), ('Healthy eating', 'Blood saturated fatty acid level'), ('Presence of a vibrant community', 'Resilience'), ('Cells intake of fatty acids', 'Adipose storage of fatty acids'), ('Physical activity', 'Physical well-being'), ('Appetite', 'Healthy eating'), ('Aesthetics', 'Stress'), ('Chronic conditions', 'Mental well-being'), ('Weight bias', 'Positive experience of sports'), ('Healthy eating', 'Dyslipidemia'), ('Quality of the sport infrastructure', 'Recreational physical activity'), ('Physical pain', 'Ability to engage in physical activity'), ('Prevalence of green fields', 'Aesthetics'), ('Concentration', 'Ability to engage in physical activity'), ('Aesthetics', 'Mental well-being'), ('Poor body image', 'Depression'), ('Chronic conditions', 'Physical well-being'), ('Obesity', 'Release of adipokines'), ('Blood glucose level', 'Sodium retention'), ('Restrictive covenants', 'Availability of healthy foods'), ('Musculoskeletal pain', 'Mental well-being'), ('Weight bias', 'Unhealthy weight control practices'), ('Physical activity', 'Mental well-being'), ('Access to health professionals', 'Ability to engage in physical activity'), ('Stimulants', 'Short sleep duration'), ('Culture of eating that promotes healthy choices', 'Healthy eating'), ('Culture of eating that promotes healthy choices', 'Mental well-being'), ('Weight bias', 'Exercise'), ('Obesity', 'Dysfunctional adipose tissue'), ('Medications', 'Tiredness'), ('Inflammation', 'Insulin resistance'), ('Anticonvulsants', 'Appetite'), ('Inflammation', 'Auto-inflammatory diseases'), ('Accessibility to shops', 'Utilitarian physical activity '), ('Blood fatty acid level', 'Adipose storage of fatty acids'), ('Perceived environmental safety', 'Physical activity'), ('Short sleep duration', 'Physical well-being'), ('Cultural norms around thinness', 'Pressure to be thin'), ('Weight bias', 'Access to health professionals'), ('Public health messaging around thinness', 'Pressure to be thin'), ('Dysfunctional adipose tissue', 'Blood pressure'), ('Dysfunctional adipose tissue', 'Dyslipidemia'), ('Aesthetics', 'Utilitarian physical activity '), ('Obesity', 'Unhealthy weight control practices'), ('Obesity', 'Asthma-like symptoms'), ('Marketing ratio of unhealthy to healthy foods', 'Supportive food environment'), ('Dyslipidemia', 'Atherosclerosis'), ('Physical well-being', 'Mental well-being'), ('Public support and demand for healthy products', 'Cost of unhealthy foods'), ('Musculoskeletal pain', 'Physical well-being'), ('Coronary heart diseases', 'Exercise')]"
2,"[('Culture of eating that promotes healthy choices', 'Adipose storage of fatty acids'), ('Socio-economic status', 'Blood pressure'), ('Medical perspective that thin is good', 'Blood glucose level'), ('Weight bias', 'Dyslipidemia'), ('Stress', 'Cortisol'), ('Physical well-being', 'Ability to engage in physical activity'), ('Resilience', 'Inflammation'), ('Cultural norms around thinness', 'Unhealthy weight control practices'), ('Pressure to be thin', 'Obesity'), ('Mental well-being', 'Depression')]",1,1,-1,-1,-1,"[('Culture of eating that promotes healthy choices', 'Physical well-being'), ('Weight bias', 'Socio-economic status'), ('Mental well-being', 'Physical well-being'), ('Socio-economic status', 'Stress'), ('Control', 'Mental well-being'), ('Socio-economic status', 'Physical well-being'), ('Public health messaging around thinness', 'Weight bias'), ('Resilience', 'Mental well-being'), ('Medical perspective that thin is good', 'Public health messaging around thinness'), ('Weight bias', 'Depression'), ('Control', 'Stress'), ('Socio-economic status', 'Mental well-being'), ('Medical perspective that thin is good', 'Cultural norms around thinness'), ('Weight bias', 'Mental well-being'), ('Cultural norms around thinness', 'Cultural norms around thinness'), ('Cultural norms around thinness', 'Poor body image'), ('Weight bias', 'Stress'), ('Poor body image', 'Poor body image'), ('Socio-economic status', 'Control'), ('Weight bias', 'Poor body image'), ('Pressure to be thin', 'Poor body image'), ('Depression', 'Stress'), ('Poor body image', 'Depression'), ('Culture of eating that promotes healthy choices', 'Mental well-being'), ('Cultural norms around thinness', 'Pressure to be thin'), ('Public health messaging around thinness', 'Pressure to be thin'), ('Physical well-being', 'Mental well-being')]","[('Medications', 'Balance'), ('Secretion of inflammatory molecules by adipose cells', 'Insulin resistance'), ('Obesity', 'Obstructive sleep apnea'), ('Dyslipidemia', 'Blood pressure'), ('Obesity', 'Gastro-esophageal reflux disease'), ('Auto-inflammatory diseases', 'Inflammation'), ('Atherosclerosis', 'Coronary heart diseases'), ('Release of adipokines', 'Atherosclerosis'), ('Blood mono-unsaturated fatty acid level', 'Secretion of inflammatory molecules by adipose cells'), ('Insulin resistance', 'Fatty acids in the artery walls'), ('Insulin resistance', 'Cells intake of fatty acids'), ('Adipose storage of fatty acids', 'Inflammation'), ('Thoracic and abdominal obesity', 'Airway resistance'), ('Thoracic and abdominal obesity', 'Respiratory muscle fatigue'), ('Unhealthy weight control practices', 'Obesity'), ('Sodium retention', 'Blood pressure'), ('Short sleep duration', 'Pro-inflammatory cytokines'), ('Medications', 'Obesity'), ('Balance', 'Ability to engage in physical activity'), ('Short sleep duration', 'Cortisol'), ('Airway resistance', 'Asthma'), ('Short sleep duration', 'Blood pressure'), ('Fatty acids in the artery walls', 'Atherosclerosis'), ('Dyslipidemia', 'Insulin resistance'), ('Blood glucose level', 'Fatty acids in the artery walls'), ('Respiratory diseases', 'Ability to engage in physical activity'), ('Blood saturated fatty acid level', 'Secretion of inflammatory molecules by adipose cells'), ('Dysfunctional adipose tissue', 'Inflammation'), ('Coordination', 'Ability to engage in physical activity'), ('Obesity', 'Short sleep duration'), ('Inflammation', 'Asthma'), ('Coronary heart diseases', 'Dyspnea'), ('Tiredness', 'Ability to engage in physical activity'), ('Short sleep duration', 'Heart rate'), ('Blood fatty acid level', 'Blood glucose level'), ('Pro-inflammatory cytokines', 'Inflammation'), ('Respiratory muscle fatigue', 'Dyspnea'), ('Heart rate', 'Coronary heart diseases'), ('Medications', 'Coordination'), ('Beta blockers', 'Ability to engage in physical activity'), ('Sodium intake', 'Blood pressure'), ('Airway resistance', 'Asthma-like symptoms'), ('Medications', 'Concentration'), ('Cells intake of fatty acids', 'Adipose storage of fatty acids'), ('Physical pain', 'Ability to engage in physical activity'), ('Concentration', 'Ability to engage in physical activity'), ('Obesity', 'Release of adipokines'), ('Blood glucose level', 'Sodium retention'), ('Stimulants', 'Short sleep duration'), ('Obesity', 'Dysfunctional adipose tissue'), ('Medications', 'Tiredness'), ('Inflammation', 'Insulin resistance'), ('Inflammation', 'Auto-inflammatory diseases'), ('Blood fatty acid level', 'Adipose storage of fatty acids'), ('Dysfunctional adipose tissue', 'Blood pressure'), ('Dysfunctional adipose tissue', 'Dyslipidemia'), ('Obesity', 'Unhealthy weight control practices'), ('Obesity', 'Asthma-like symptoms'), ('Dyslipidemia', 'Atherosclerosis')]","[('Prevalence of walking trails', 'Quality of the sport infrastructure'), ('Medications', 'Balance'), ('Culture of eating that promotes healthy choices', 'Physical well-being'), ('Secretion of inflammatory molecules by adipose cells', 'Insulin resistance'), ('Presence of a vibrant community', 'Control'), ('Obesity', 'Weight bias'), ('Healthy eating', 'Blood mono-unsaturated fatty acid level'), ('Exercise', 'Heart rate'), ('Available time', 'Recreational physical activity'), ('Chronic conditions', 'Depression'), ('Exercise', 'Insulin resistance'), ('Weight bias', 'Socio-economic status'), ('Mental well-being', 'Physical well-being'), ('Obesity', 'Obstructive sleep apnea'), ('Eating disorders', 'Healthy eating'), ('Consumer demand for regulations', 'Marketing of healthy foods'), ('Dyslipidemia', 'Blood pressure'), ('Obesity', 'Gastro-esophageal reflux disease'), ('Perceived environmental safety', 'Mental well-being'), ('Late night TV watching', 'Short sleep duration'), ('Auto-inflammatory diseases', 'Inflammation'), ('Depression', 'Healthy eating'), ('Socio-economic status', 'Stress'), ('Exercise', 'Blood glucose level'), ('Public support and demand for healthy products', 'Marketing of healthy foods'), ('Unhealthy foods are cheaper than healthy ones', 'Supportive food environment'), ('Control', 'Mental well-being'), ('Atherosclerosis', 'Coronary heart diseases'), ('Socio-economic status', 'Physical well-being'), ('Ability to engage in physical activity', 'Physical activity'), ('Public health messaging around thinness', 'Weight bias'), ('Public support and demand for healthy products', 'Availability of healthy foods'), ('Release of adipokines', 'Atherosclerosis'), ('Consumer demand for regulations', 'Marketing of unhealthy foods'), ('Resilience', 'Mental well-being'), ('Blood mono-unsaturated fatty acid level', 'Secretion of inflammatory molecules by adipose cells'), ('Medical perspective that thin is good', 'Public health messaging around thinness'), ('Mental well-being', 'Medications'), ('Sexual difficulties', 'Mental well-being'), ('Insulin resistance', 'Fatty acids in the artery walls'), ('Insulin resistance', 'Cells intake of fatty acids'), ('Sidewalk prevalence and maintenance', 'Utilitarian physical activity '), ('Adipose storage of fatty acids', 'Inflammation'), ('Socio-economic status', 'Exercise'), ('Thoracic and abdominal obesity', 'Airway resistance'), ('Healthy eating', 'Short sleep duration'), ('Perceived environmental safety', 'Physical well-being'), ('Weight bias', 'Depression'), ('Emotional eating', 'Mental well-being'), ('Late night TV watching', 'Healthy eating'), ('Control', 'Stress'), ('Aesthetics', 'Physical well-being'), ('Economic incentives to produce unhealthy food products', 'Cost of unhealthy foods'), ('Supportive food environment', 'Healthy eating'), ('Appetite', 'Physical well-being'), ('Thoracic and abdominal obesity', 'Respiratory muscle fatigue'), ('Cardiovascular diseases', 'Fear of engaging in physical activity'), ('Socio-economic status', 'Mental well-being'), ('Unhealthy weight control practices', 'Obesity'), ('Exercise', 'Blood pressure'), ('Sodium retention', 'Blood pressure'), ('Short sleep duration', 'Pro-inflammatory cytokines'), ('Medications', 'Obesity'), ('Short sleep duration', 'Appetite'), ('Balance', 'Ability to engage in physical activity'), ('Short sleep duration', 'Cortisol'), ('Airway resistance', 'Asthma'), ('Short sleep duration', 'Blood pressure'), ('Medical perspective that thin is good', 'Cultural norms around thinness'), ('Healthy eating', 'Blood glucose level'), ('Mental well-being', 'Anticonvulsants'), ('Fatty acids in the artery walls', 'Atherosclerosis'), ('Dyslipidemia', 'Insulin resistance'), ('Blood glucose level', 'Fatty acids in the artery walls'), ('Respiratory diseases', 'Ability to engage in physical activity'), ('Blood saturated fatty acid level', 'Secretion of inflammatory molecules by adipose cells'), ('Dysfunctional adipose tissue', 'Inflammation'), ('Weight bias', 'Mental well-being'), ('Coordination', 'Ability to engage in physical activity'), ('Cultural norms around thinness', 'Cultural norms around thinness'), ('Cultural norms around thinness', 'Poor body image'), ('Obesity', 'Short sleep duration'), ('Inflammation', 'Asthma'), ('Healthy eating', 'Sodium intake'), ('Cultural norms around thinness', 'Eating disorders'), ('Poor body image', 'Sexual difficulties'), ('Fear of engaging in physical activity', 'Physical activity'), ('Short sleep duration', 'Healthy eating'), ('Coronary heart diseases', 'Dyspnea'), ('Stress', 'Inflammation'), ('Weight bias', 'Stress'), ('Unhealthy weight control practices', 'Eating disorders'), ('Tiredness', 'Ability to engage in physical activity'), ('Short sleep duration', 'Heart rate'), ('Prevalence of bike trails', 'Quality of the sport infrastructure'), ('Exercise', 'Blood fatty acid level'), ('Mental well-being', 'Emotional eating'), ('Poor body image', 'Poor body image'), ('Blood fatty acid level', 'Blood glucose level'), ('Cardiovascular diseases', 'Depression'), ('Pro-inflammatory cytokines', 'Inflammation'), ('Prevalence of green fields', 'Quality of the sport infrastructure'), ('Mental well-being', 'Antipsychotics'), ('Socio-economic status', 'Control'), ('Weight bias', 'Poor body image'), ('Positive experience of sports', 'Recreational physical activity'), ('Public support and demand for healthy products', 'Cost of healthy foods'), ('Socio-economic status', 'Availability of healthy foods'), ('Cardiovascular diseases', 'Physical well-being'), ('Respiratory muscle fatigue', 'Dyspnea'), ('Heart rate', 'Coronary heart diseases'), ('Pressure to be thin', 'Poor body image'), ('Medications', 'Coordination'), ('Beta blockers', 'Ability to engage in physical activity'), ('Antipsychotics', 'Appetite'), ('Sodium intake', 'Blood pressure'), ('Pressure to be thin', 'Unhealthy weight control practices'), ('Airway resistance', 'Asthma-like symptoms'), ('Depression', 'Stress'), ('Medications', 'Concentration'), ('Public support and demand for healthy products', 'Marketing of unhealthy foods'), ('Poor body image', 'Eating disorders'), ('Emotional eating', 'Healthy eating'), ('Obesity', 'Access to health professionals'), ('Obesity', 'Mental well-being'), ('Unhealthy foods are more available than healthy ones', 'Supportive food environment'), ('Healthy eating', 'Blood saturated fatty acid level'), ('Presence of a vibrant community', 'Resilience'), ('Cells intake of fatty acids', 'Adipose storage of fatty acids'), ('Physical activity', 'Physical well-being'), ('Appetite', 'Healthy eating'), ('Aesthetics', 'Stress'), ('Chronic conditions', 'Mental well-being'), ('Weight bias', 'Positive experience of sports'), ('Healthy eating', 'Dyslipidemia'), ('Quality of the sport infrastructure', 'Recreational physical activity'), ('Physical pain', 'Ability to engage in physical activity'), ('Prevalence of green fields', 'Aesthetics'), ('Concentration', 'Ability to engage in physical activity'), ('Aesthetics', 'Mental well-being'), ('Poor body image', 'Depression'), ('Chronic conditions', 'Physical well-being'), ('Obesity', 'Release of adipokines'), ('Blood glucose level', 'Sodium retention'), ('Restrictive covenants', 'Availability of healthy foods'), ('Musculoskeletal pain', 'Mental well-being'), ('Weight bias', 'Unhealthy weight control practices'), ('Physical activity', 'Mental well-being'), ('Access to health professionals', 'Ability to engage in physical activity'), ('Stimulants', 'Short sleep duration'), ('Culture of eating that promotes healthy choices', 'Healthy eating'), ('Culture of eating that promotes healthy choices', 'Mental well-being'), ('Weight bias', 'Exercise'), ('Obesity', 'Dysfunctional adipose tissue'), ('Medications', 'Tiredness'), ('Inflammation', 'Insulin resistance'), ('Anticonvulsants', 'Appetite'), ('Inflammation', 'Auto-inflammatory diseases'), ('Accessibility to shops', 'Utilitarian physical activity '), ('Blood fatty acid level', 'Adipose storage of fatty acids'), ('Perceived environmental safety', 'Physical activity'), ('Short sleep duration', 'Physical well-being'), ('Cultural norms around thinness', 'Pressure to be thin'), ('Weight bias', 'Access to health professionals'), ('Public health messaging around thinness', 'Pressure to be thin'), ('Dysfunctional adipose tissue', 'Blood pressure'), ('Dysfunctional adipose tissue', 'Dyslipidemia'), ('Aesthetics', 'Utilitarian physical activity '), ('Obesity', 'Unhealthy weight control practices'), ('Obesity', 'Asthma-like symptoms'), ('Marketing ratio of unhealthy to healthy foods', 'Supportive food environment'), ('Dyslipidemia', 'Atherosclerosis'), ('Physical well-being', 'Mental well-being'), ('Public support and demand for healthy products', 'Cost of unhealthy foods'), ('Musculoskeletal pain', 'Physical well-being'), ('Coronary heart diseases', 'Exercise')]"
3,"[('Culture of eating that promotes healthy choices', 'Adipose storage of fatty acids'), ('Socio-economic status', 'Blood pressure'), ('Medical perspective that thin is good', 'Blood glucose level'), ('Weight bias', 'Dyslipidemia'), ('Stress', 'Cortisol'), ('Physical well-being', 'Ability to engage in physical activity'), ('Resilience', 'Inflammation'), ('Cultural norms around thinness', 'Unhealthy weight control practices'), ('Pressure to be thin', 'Obesity'), ('Mental well-being', 'Depression')]",1,1,-1,-1,-1,"[('Culture of eating that promotes healthy choices', 'Physical well-being'), ('Weight bias', 'Socio-economic status'), ('Mental well-being', 'Physical well-being'), ('Socio-economic status', 'Stress'), ('Control', 'Mental well-being'), ('Socio-economic status', 'Physical well-being'), ('Public health messaging around thinness', 'Weight bias'), ('Resilience', 'Mental well-being'), ('Medical perspective that thin is good', 'Public health messaging around thinness'), ('Weight bias', 'Depression'), ('Control', 'Stress'), ('Socio-economic status', 'Mental well-being'), ('Medical perspective that thin is good', 'Cultural norms around thinness'), ('Weight bias', 'Mental well-being'), ('Cultural norms around thinness', 'Cultural norms around thinness'), ('Cultural norms around thinness', 'Poor body image'), ('Weight bias', 'Stress'), ('Poor body image', 'Poor body image'), ('Socio-economic status', 'Control'), ('Weight bias', 'Poor body image'), ('Pressure to be thin', 'Poor body image'), ('Depression', 'Stress'), ('Poor body image', 'Depression'), ('Culture of eating that promotes healthy choices', 'Mental well-being'), ('Cultural norms around thinness', 'Pressure to be thin'), ('Public health messaging around thinness', 'Pressure to be thin'), ('Physical well-being', 'Mental well-being')]","[('Medications', 'Balance'), ('Secretion of inflammatory molecules by adipose cells', 'Insulin resistance'), ('Obesity', 'Obstructive sleep apnea'), ('Dyslipidemia', 'Blood pressure'), ('Obesity', 'Gastro-esophageal reflux disease'), ('Auto-inflammatory diseases', 'Inflammation'), ('Atherosclerosis', 'Coronary heart diseases'), ('Release of adipokines', 'Atherosclerosis'), ('Blood mono-unsaturated fatty acid level', 'Secretion of inflammatory molecules by adipose cells'), ('Insulin resistance', 'Fatty acids in the artery walls'), ('Insulin resistance', 'Cells intake of fatty acids'), ('Adipose storage of fatty acids', 'Inflammation'), ('Thoracic and abdominal obesity', 'Airway resistance'), ('Thoracic and abdominal obesity', 'Respiratory muscle fatigue'), ('Unhealthy weight control practices', 'Obesity'), ('Sodium retention', 'Blood pressure'), ('Short sleep duration', 'Pro-inflammatory cytokines'), ('Medications', 'Obesity'), ('Balance', 'Ability to engage in physical activity'), ('Short sleep duration', 'Cortisol'), ('Airway resistance', 'Asthma'), ('Short sleep duration', 'Blood pressure'), ('Fatty acids in the artery walls', 'Atherosclerosis'), ('Dyslipidemia', 'Insulin resistance'), ('Blood glucose level', 'Fatty acids in the artery walls'), ('Respiratory diseases', 'Ability to engage in physical activity'), ('Blood saturated fatty acid level', 'Secretion of inflammatory molecules by adipose cells'), ('Dysfunctional adipose tissue', 'Inflammation'), ('Coordination', 'Ability to engage in physical activity'), ('Obesity', 'Short sleep duration'), ('Inflammation', 'Asthma'), ('Coronary heart diseases', 'Dyspnea'), ('Tiredness', 'Ability to engage in physical activity'), ('Short sleep duration', 'Heart rate'), ('Blood fatty acid level', 'Blood glucose level'), ('Pro-inflammatory cytokines', 'Inflammation'), ('Respiratory muscle fatigue', 'Dyspnea'), ('Heart rate', 'Coronary heart diseases'), ('Medications', 'Coordination'), ('Beta blockers', 'Ability to engage in physical activity'), ('Sodium intake', 'Blood pressure'), ('Airway resistance', 'Asthma-like symptoms'), ('Medications', 'Concentration'), ('Cells intake of fatty acids', 'Adipose storage of fatty acids'), ('Physical pain', 'Ability to engage in physical activity'), ('Concentration', 'Ability to engage in physical activity'), ('Obesity', 'Release of adipokines'), ('Blood glucose level', 'Sodium retention'), ('Stimulants', 'Short sleep duration'), ('Obesity', 'Dysfunctional adipose tissue'), ('Medications', 'Tiredness'), ('Inflammation', 'Insulin resistance'), ('Inflammation', 'Auto-inflammatory diseases'), ('Blood fatty acid level', 'Adipose storage of fatty acids'), ('Dysfunctional adipose tissue', 'Blood pressure'), ('Dysfunctional adipose tissue', 'Dyslipidemia'), ('Obesity', 'Unhealthy weight control practices'), ('Obesity', 'Asthma-like symptoms'), ('Dyslipidemia', 'Atherosclerosis')]","[('Prevalence of walking trails', 'Quality of the sport infrastructure'), ('Medications', 'Balance'), ('Culture of eating that promotes healthy choices', 'Physical well-being'), ('Secretion of inflammatory molecules by adipose cells', 'Insulin resistance'), ('Presence of a vibrant community', 'Control'), ('Obesity', 'Weight bias'), ('Healthy eating', 'Blood mono-unsaturated fatty acid level'), ('Exercise', 'Heart rate'), ('Available time', 'Recreational physical activity'), ('Chronic conditions', 'Depression'), ('Exercise', 'Insulin resistance'), ('Weight bias', 'Socio-economic status'), ('Mental well-being', 'Physical well-being'), ('Obesity', 'Obstructive sleep apnea'), ('Eating disorders', 'Healthy eating'), ('Consumer demand for regulations', 'Marketing of healthy foods'), ('Dyslipidemia', 'Blood pressure'), ('Obesity', 'Gastro-esophageal reflux disease'), ('Perceived environmental safety', 'Mental well-being'), ('Late night TV watching', 'Short sleep duration'), ('Auto-inflammatory diseases', 'Inflammation'), ('Depression', 'Healthy eating'), ('Socio-economic status', 'Stress'), ('Exercise', 'Blood glucose level'), ('Public support and demand for healthy products', 'Marketing of healthy foods'), ('Unhealthy foods are cheaper than healthy ones', 'Supportive food environment'), ('Control', 'Mental well-being'), ('Atherosclerosis', 'Coronary heart diseases'), ('Socio-economic status', 'Physical well-being'), ('Ability to engage in physical activity', 'Physical activity'), ('Public health messaging around thinness', 'Weight bias'), ('Public support and demand for healthy products', 'Availability of healthy foods'), ('Release of adipokines', 'Atherosclerosis'), ('Consumer demand for regulations', 'Marketing of unhealthy foods'), ('Resilience', 'Mental well-being'), ('Blood mono-unsaturated fatty acid level', 'Secretion of inflammatory molecules by adipose cells'), ('Medical perspective that thin is good', 'Public health messaging around thinness'), ('Mental well-being', 'Medications'), ('Sexual difficulties', 'Mental well-being'), ('Insulin resistance', 'Fatty acids in the artery walls'), ('Insulin resistance', 'Cells intake of fatty acids'), ('Sidewalk prevalence and maintenance', 'Utilitarian physical activity '), ('Adipose storage of fatty acids', 'Inflammation'), ('Socio-economic status', 'Exercise'), ('Thoracic and abdominal obesity', 'Airway resistance'), ('Healthy eating', 'Short sleep duration'), ('Perceived environmental safety', 'Physical well-being'), ('Weight bias', 'Depression'), ('Emotional eating', 'Mental well-being'), ('Late night TV watching', 'Healthy eating'), ('Control', 'Stress'), ('Aesthetics', 'Physical well-being'), ('Economic incentives to produce unhealthy food products', 'Cost of unhealthy foods'), ('Supportive food environment', 'Healthy eating'), ('Appetite', 'Physical well-being'), ('Thoracic and abdominal obesity', 'Respiratory muscle fatigue'), ('Cardiovascular diseases', 'Fear of engaging in physical activity'), ('Socio-economic status', 'Mental well-being'), ('Unhealthy weight control practices', 'Obesity'), ('Exercise', 'Blood pressure'), ('Sodium retention', 'Blood pressure'), ('Short sleep duration', 'Pro-inflammatory cytokines'), ('Medications', 'Obesity'), ('Short sleep duration', 'Appetite'), ('Balance', 'Ability to engage in physical activity'), ('Short sleep duration', 'Cortisol'), ('Airway resistance', 'Asthma'), ('Short sleep duration', 'Blood pressure'), ('Medical perspective that thin is good', 'Cultural norms around thinness'), ('Healthy eating', 'Blood glucose level'), ('Mental well-being', 'Anticonvulsants'), ('Fatty acids in the artery walls', 'Atherosclerosis'), ('Dyslipidemia', 'Insulin resistance'), ('Blood glucose level', 'Fatty acids in the artery walls'), ('Respiratory diseases', 'Ability to engage in physical activity'), ('Blood saturated fatty acid level', 'Secretion of inflammatory molecules by adipose cells'), ('Dysfunctional adipose tissue', 'Inflammation'), ('Weight bias', 'Mental well-being'), ('Coordination', 'Ability to engage in physical activity'), ('Cultural norms around thinness', 'Cultural norms around thinness'), ('Cultural norms around thinness', 'Poor body image'), ('Obesity', 'Short sleep duration'), ('Inflammation', 'Asthma'), ('Healthy eating', 'Sodium intake'), ('Cultural norms around thinness', 'Eating disorders'), ('Poor body image', 'Sexual difficulties'), ('Fear of engaging in physical activity', 'Physical activity'), ('Short sleep duration', 'Healthy eating'), ('Coronary heart diseases', 'Dyspnea'), ('Stress', 'Inflammation'), ('Weight bias', 'Stress'), ('Unhealthy weight control practices', 'Eating disorders'), ('Tiredness', 'Ability to engage in physical activity'), ('Short sleep duration', 'Heart rate'), ('Prevalence of bike trails', 'Quality of the sport infrastructure'), ('Exercise', 'Blood fatty acid level'), ('Mental well-being', 'Emotional eating'), ('Poor body image', 'Poor body image'), ('Blood fatty acid level', 'Blood glucose level'), ('Cardiovascular diseases', 'Depression'), ('Pro-inflammatory cytokines', 'Inflammation'), ('Prevalence of green fields', 'Quality of the sport infrastructure'), ('Mental well-being', 'Antipsychotics'), ('Socio-economic status', 'Control'), ('Weight bias', 'Poor body image'), ('Positive experience of sports', 'Recreational physical activity'), ('Public support and demand for healthy products', 'Cost of healthy foods'), ('Socio-economic status', 'Availability of healthy foods'), ('Cardiovascular diseases', 'Physical well-being'), ('Respiratory muscle fatigue', 'Dyspnea'), ('Heart rate', 'Coronary heart diseases'), ('Pressure to be thin', 'Poor body image'), ('Medications', 'Coordination'), ('Beta blockers', 'Ability to engage in physical activity'), ('Antipsychotics', 'Appetite'), ('Sodium intake', 'Blood pressure'), ('Pressure to be thin', 'Unhealthy weight control practices'), ('Airway resistance', 'Asthma-like symptoms'), ('Depression', 'Stress'), ('Medications', 'Concentration'), ('Public support and demand for healthy products', 'Marketing of unhealthy foods'), ('Poor body image', 'Eating disorders'), ('Emotional eating', 'Healthy eating'), ('Obesity', 'Access to health professionals'), ('Obesity', 'Mental well-being'), ('Unhealthy foods are more available than healthy ones', 'Supportive food environment'), ('Healthy eating', 'Blood saturated fatty acid level'), ('Presence of a vibrant community', 'Resilience'), ('Cells intake of fatty acids', 'Adipose storage of fatty acids'), ('Physical activity', 'Physical well-being'), ('Appetite', 'Healthy eating'), ('Aesthetics', 'Stress'), ('Chronic conditions', 'Mental well-being'), ('Weight bias', 'Positive experience of sports'), ('Healthy eating', 'Dyslipidemia'), ('Quality of the sport infrastructure', 'Recreational physical activity'), ('Physical pain', 'Ability to engage in physical activity'), ('Prevalence of green fields', 'Aesthetics'), ('Concentration', 'Ability to engage in physical activity'), ('Aesthetics', 'Mental well-being'), ('Poor body image', 'Depression'), ('Chronic conditions', 'Physical well-being'), ('Obesity', 'Release of adipokines'), ('Blood glucose level', 'Sodium retention'), ('Restrictive covenants', 'Availability of healthy foods'), ('Musculoskeletal pain', 'Mental well-being'), ('Weight bias', 'Unhealthy weight control practices'), ('Physical activity', 'Mental well-being'), ('Access to health professionals', 'Ability to engage in physical activity'), ('Stimulants', 'Short sleep duration'), ('Culture of eating that promotes healthy choices', 'Healthy eating'), ('Culture of eating that promotes healthy choices', 'Mental well-being'), ('Weight bias', 'Exercise'), ('Obesity', 'Dysfunctional adipose tissue'), ('Medications', 'Tiredness'), ('Inflammation', 'Insulin resistance'), ('Anticonvulsants', 'Appetite'), ('Inflammation', 'Auto-inflammatory diseases'), ('Accessibility to shops', 'Utilitarian physical activity '), ('Blood fatty acid level', 'Adipose storage of fatty acids'), ('Perceived environmental safety', 'Physical activity'), ('Short sleep duration', 'Physical well-being'), ('Cultural norms around thinness', 'Pressure to be thin'), ('Weight bias', 'Access to health professionals'), ('Public health messaging around thinness', 'Pressure to be thin'), ('Dysfunctional adipose tissue', 'Blood pressure'), ('Dysfunctional adipose tissue', 'Dyslipidemia'), ('Aesthetics', 'Utilitarian physical activity '), ('Obesity', 'Unhealthy weight control practices'), ('Obesity', 'Asthma-like symptoms'), ('Marketing ratio of unhealthy to healthy foods', 'Supportive food environment'), ('Dyslipidemia', 'Atherosclerosis'), ('Physical well-being', 'Mental well-being'), ('Public support and demand for healthy products', 'Cost of unhealthy foods'), ('Musculoskeletal pain', 'Physical well-being'), ('Coronary heart diseases', 'Exercise')]"
4,"[('Culture of eating that promotes healthy choices', 'Adipose storage of fatty acids'), ('Socio-economic status', 'Blood pressure'), ('Medical perspective that thin is good', 'Blood glucose level'), ('Weight bias', 'Dyslipidemia'), ('Stress', 'Cortisol'), ('Physical well-being', 'Ability to engage in physical activity'), ('Resilience', 'Inflammation'), ('Cultural norms around thinness', 'Unhealthy weight control practices'), ('Pressure to be thin', 'Obesity'), ('Mental well-being', 'Depression')]",1,1,-1,-1,-1,"[('Culture of eating that promotes healthy choices', 'Physical well-being'), ('Weight bias', 'Socio-economic status'), ('Mental well-being', 'Physical well-being'), ('Socio-economic status', 'Stress'), ('Control', 'Mental well-being'), ('Socio-economic status', 'Physical well-being'), ('Public health messaging around thinness', 'Weight bias'), ('Resilience', 'Mental well-being'), ('Medical perspective that thin is good', 'Public health messaging around thinness'), ('Weight bias', 'Depression'), ('Control', 'Stress'), ('Socio-economic status', 'Mental well-being'), ('Medical perspective that thin is good', 'Cultural norms around thinness'), ('Weight bias', 'Mental well-being'), ('Cultural norms around thinness', 'Cultural norms around thinness'), ('Cultural norms around thinness', 'Poor body image'), ('Weight bias', 'Stress'), ('Poor body image', 'Poor body image'), ('Socio-economic status', 'Control'), ('Weight bias', 'Poor body image'), ('Pressure to be thin', 'Poor body image'), ('Depression', 'Stress'), ('Poor body image', 'Depression'), ('Culture of eating that promotes healthy choices', 'Mental well-being'), ('Cultural norms around thinness', 'Pressure to be thin'), ('Public health messaging around thinness', 'Pressure to be thin'), ('Physical well-being', 'Mental well-being')]","[('Medications', 'Balance'), ('Secretion of inflammatory molecules by adipose cells', 'Insulin resistance'), ('Obesity', 'Obstructive sleep apnea'), ('Dyslipidemia', 'Blood pressure'), ('Obesity', 'Gastro-esophageal reflux disease'), ('Auto-inflammatory diseases', 'Inflammation'), ('Atherosclerosis', 'Coronary heart diseases'), ('Release of adipokines', 'Atherosclerosis'), ('Blood mono-unsaturated fatty acid level', 'Secretion of inflammatory molecules by adipose cells'), ('Insulin resistance', 'Fatty acids in the artery walls'), ('Insulin resistance', 'Cells intake of fatty acids'), ('Adipose storage of fatty acids', 'Inflammation'), ('Thoracic and abdominal obesity', 'Airway resistance'), ('Thoracic and abdominal obesity', 'Respiratory muscle fatigue'), ('Unhealthy weight control practices', 'Obesity'), ('Sodium retention', 'Blood pressure'), ('Short sleep duration', 'Pro-inflammatory cytokines'), ('Medications', 'Obesity'), ('Balance', 'Ability to engage in physical activity'), ('Short sleep duration', 'Cortisol'), ('Airway resistance', 'Asthma'), ('Short sleep duration', 'Blood pressure'), ('Fatty acids in the artery walls', 'Atherosclerosis'), ('Dyslipidemia', 'Insulin resistance'), ('Blood glucose level', 'Fatty acids in the artery walls'), ('Respiratory diseases', 'Ability to engage in physical activity'), ('Blood saturated fatty acid level', 'Secretion of inflammatory molecules by adipose cells'), ('Dysfunctional adipose tissue', 'Inflammation'), ('Coordination', 'Ability to engage in physical activity'), ('Obesity', 'Short sleep duration'), ('Inflammation', 'Asthma'), ('Coronary heart diseases', 'Dyspnea'), ('Tiredness', 'Ability to engage in physical activity'), ('Short sleep duration', 'Heart rate'), ('Blood fatty acid level', 'Blood glucose level'), ('Pro-inflammatory cytokines', 'Inflammation'), ('Respiratory muscle fatigue', 'Dyspnea'), ('Heart rate', 'Coronary heart diseases'), ('Medications', 'Coordination'), ('Beta blockers', 'Ability to engage in physical activity'), ('Sodium intake', 'Blood pressure'), ('Airway resistance', 'Asthma-like symptoms'), ('Medications', 'Concentration'), ('Cells intake of fatty acids', 'Adipose storage of fatty acids'), ('Physical pain', 'Ability to engage in physical activity'), ('Concentration', 'Ability to engage in physical activity'), ('Obesity', 'Release of adipokines'), ('Blood glucose level', 'Sodium retention'), ('Stimulants', 'Short sleep duration'), ('Obesity', 'Dysfunctional adipose tissue'), ('Medications', 'Tiredness'), ('Inflammation', 'Insulin resistance'), ('Inflammation', 'Auto-inflammatory diseases'), ('Blood fatty acid level', 'Adipose storage of fatty acids'), ('Dysfunctional adipose tissue', 'Blood pressure'), ('Dysfunctional adipose tissue', 'Dyslipidemia'), ('Obesity', 'Unhealthy weight control practices'), ('Obesity', 'Asthma-like symptoms'), ('Dyslipidemia', 'Atherosclerosis')]","[('Prevalence of walking trails', 'Quality of the sport infrastructure'), ('Medications', 'Balance'), ('Culture of eating that promotes healthy choices', 'Physical well-being'), ('Secretion of inflammatory molecules by adipose cells', 'Insulin resistance'), ('Presence of a vibrant community', 'Control'), ('Obesity', 'Weight bias'), ('Healthy eating', 'Blood mono-unsaturated fatty acid level'), ('Exercise', 'Heart rate'), ('Available time', 'Recreational physical activity'), ('Chronic conditions', 'Depression'), ('Exercise', 'Insulin resistance'), ('Weight bias', 'Socio-economic status'), ('Mental well-being', 'Physical well-being'), ('Obesity', 'Obstructive sleep apnea'), ('Eating disorders', 'Healthy eating'), ('Consumer demand for regulations', 'Marketing of healthy foods'), ('Dyslipidemia', 'Blood pressure'), ('Obesity', 'Gastro-esophageal reflux disease'), ('Perceived environmental safety', 'Mental well-being'), ('Late night TV watching', 'Short sleep duration'), ('Auto-inflammatory diseases', 'Inflammation'), ('Depression', 'Healthy eating'), ('Socio-economic status', 'Stress'), ('Exercise', 'Blood glucose level'), ('Public support and demand for healthy products', 'Marketing of healthy foods'), ('Unhealthy foods are cheaper than healthy ones', 'Supportive food environment'), ('Control', 'Mental well-being'), ('Atherosclerosis', 'Coronary heart diseases'), ('Socio-economic status', 'Physical well-being'), ('Ability to engage in physical activity', 'Physical activity'), ('Public health messaging around thinness', 'Weight bias'), ('Public support and demand for healthy products', 'Availability of healthy foods'), ('Release of adipokines', 'Atherosclerosis'), ('Consumer demand for regulations', 'Marketing of unhealthy foods'), ('Resilience', 'Mental well-being'), ('Blood mono-unsaturated fatty acid level', 'Secretion of inflammatory molecules by adipose cells'), ('Medical perspective that thin is good', 'Public health messaging around thinness'), ('Mental well-being', 'Medications'), ('Sexual difficulties', 'Mental well-being'), ('Insulin resistance', 'Fatty acids in the artery walls'), ('Insulin resistance', 'Cells intake of fatty acids'), ('Sidewalk prevalence and maintenance', 'Utilitarian physical activity '), ('Adipose storage of fatty acids', 'Inflammation'), ('Socio-economic status', 'Exercise'), ('Thoracic and abdominal obesity', 'Airway resistance'), ('Healthy eating', 'Short sleep duration'), ('Perceived environmental safety', 'Physical well-being'), ('Weight bias', 'Depression'), ('Emotional eating', 'Mental well-being'), ('Late night TV watching', 'Healthy eating'), ('Control', 'Stress'), ('Aesthetics', 'Physical well-being'), ('Economic incentives to produce unhealthy food products', 'Cost of unhealthy foods'), ('Supportive food environment', 'Healthy eating'), ('Appetite', 'Physical well-being'), ('Thoracic and abdominal obesity', 'Respiratory muscle fatigue'), ('Cardiovascular diseases', 'Fear of engaging in physical activity'), ('Socio-economic status', 'Mental well-being'), ('Unhealthy weight control practices', 'Obesity'), ('Exercise', 'Blood pressure'), ('Sodium retention', 'Blood pressure'), ('Short sleep duration', 'Pro-inflammatory cytokines'), ('Medications', 'Obesity'), ('Short sleep duration', 'Appetite'), ('Balance', 'Ability to engage in physical activity'), ('Short sleep duration', 'Cortisol'), ('Airway resistance', 'Asthma'), ('Short sleep duration', 'Blood pressure'), ('Medical perspective that thin is good', 'Cultural norms around thinness'), ('Healthy eating', 'Blood glucose level'), ('Mental well-being', 'Anticonvulsants'), ('Fatty acids in the artery walls', 'Atherosclerosis'), ('Dyslipidemia', 'Insulin resistance'), ('Blood glucose level', 'Fatty acids in the artery walls'), ('Respiratory diseases', 'Ability to engage in physical activity'), ('Blood saturated fatty acid level', 'Secretion of inflammatory molecules by adipose cells'), ('Dysfunctional adipose tissue', 'Inflammation'), ('Weight bias', 'Mental well-being'), ('Coordination', 'Ability to engage in physical activity'), ('Cultural norms around thinness', 'Cultural norms around thinness'), ('Cultural norms around thinness', 'Poor body image'), ('Obesity', 'Short sleep duration'), ('Inflammation', 'Asthma'), ('Healthy eating', 'Sodium intake'), ('Cultural norms around thinness', 'Eating disorders'), ('Poor body image', 'Sexual difficulties'), ('Fear of engaging in physical activity', 'Physical activity'), ('Short sleep duration', 'Healthy eating'), ('Coronary heart diseases', 'Dyspnea'), ('Stress', 'Inflammation'), ('Weight bias', 'Stress'), ('Unhealthy weight control practices', 'Eating disorders'), ('Tiredness', 'Ability to engage in physical activity'), ('Short sleep duration', 'Heart rate'), ('Prevalence of bike trails', 'Quality of the sport infrastructure'), ('Exercise', 'Blood fatty acid level'), ('Mental well-being', 'Emotional eating'), ('Poor body image', 'Poor body image'), ('Blood fatty acid level', 'Blood glucose level'), ('Cardiovascular diseases', 'Depression'), ('Pro-inflammatory cytokines', 'Inflammation'), ('Prevalence of green fields', 'Quality of the sport infrastructure'), ('Mental well-being', 'Antipsychotics'), ('Socio-economic status', 'Control'), ('Weight bias', 'Poor body image'), ('Positive experience of sports', 'Recreational physical activity'), ('Public support and demand for healthy products', 'Cost of healthy foods'), ('Socio-economic status', 'Availability of healthy foods'), ('Cardiovascular diseases', 'Physical well-being'), ('Respiratory muscle fatigue', 'Dyspnea'), ('Heart rate', 'Coronary heart diseases'), ('Pressure to be thin', 'Poor body image'), ('Medications', 'Coordination'), ('Beta blockers', 'Ability to engage in physical activity'), ('Antipsychotics', 'Appetite'), ('Sodium intake', 'Blood pressure'), ('Pressure to be thin', 'Unhealthy weight control practices'), ('Airway resistance', 'Asthma-like symptoms'), ('Depression', 'Stress'), ('Medications', 'Concentration'), ('Public support and demand for healthy products', 'Marketing of unhealthy foods'), ('Poor body image', 'Eating disorders'), ('Emotional eating', 'Healthy eating'), ('Obesity', 'Access to health professionals'), ('Obesity', 'Mental well-being'), ('Unhealthy foods are more available than healthy ones', 'Supportive food environment'), ('Healthy eating', 'Blood saturated fatty acid level'), ('Presence of a vibrant community', 'Resilience'), ('Cells intake of fatty acids', 'Adipose storage of fatty acids'), ('Physical activity', 'Physical well-being'), ('Appetite', 'Healthy eating'), ('Aesthetics', 'Stress'), ('Chronic conditions', 'Mental well-being'), ('Weight bias', 'Positive experience of sports'), ('Healthy eating', 'Dyslipidemia'), ('Quality of the sport infrastructure', 'Recreational physical activity'), ('Physical pain', 'Ability to engage in physical activity'), ('Prevalence of green fields', 'Aesthetics'), ('Concentration', 'Ability to engage in physical activity'), ('Aesthetics', 'Mental well-being'), ('Poor body image', 'Depression'), ('Chronic conditions', 'Physical well-being'), ('Obesity', 'Release of adipokines'), ('Blood glucose level', 'Sodium retention'), ('Restrictive covenants', 'Availability of healthy foods'), ('Musculoskeletal pain', 'Mental well-being'), ('Weight bias', 'Unhealthy weight control practices'), ('Physical activity', 'Mental well-being'), ('Access to health professionals', 'Ability to engage in physical activity'), ('Stimulants', 'Short sleep duration'), ('Culture of eating that promotes healthy choices', 'Healthy eating'), ('Culture of eating that promotes healthy choices', 'Mental well-being'), ('Weight bias', 'Exercise'), ('Obesity', 'Dysfunctional adipose tissue'), ('Medications', 'Tiredness'), ('Inflammation', 'Insulin resistance'), ('Anticonvulsants', 'Appetite'), ('Inflammation', 'Auto-inflammatory diseases'), ('Accessibility to shops', 'Utilitarian physical activity '), ('Blood fatty acid level', 'Adipose storage of fatty acids'), ('Perceived environmental safety', 'Physical activity'), ('Short sleep duration', 'Physical well-being'), ('Cultural norms around thinness', 'Pressure to be thin'), ('Weight bias', 'Access to health professionals'), ('Public health messaging around thinness', 'Pressure to be thin'), ('Dysfunctional adipose tissue', 'Blood pressure'), ('Dysfunctional adipose tissue', 'Dyslipidemia'), ('Aesthetics', 'Utilitarian physical activity '), ('Obesity', 'Unhealthy weight control practices'), ('Obesity', 'Asthma-like symptoms'), ('Marketing ratio of unhealthy to healthy foods', 'Supportive food environment'), ('Dyslipidemia', 'Atherosclerosis'), ('Physical well-being', 'Mental well-being'), ('Public support and demand for healthy products', 'Cost of unhealthy foods'), ('Musculoskeletal pain', 'Physical well-being'), ('Coronary heart diseases', 'Exercise')]"
0,"[('Weight bias', 'Dysfunctional adipose tissue'), ('Control', 'Blood pressure'), ('Depression', 'Obesity'), ('Stress', 'Cortisol'), ('Physical well-being', 'Ability to engage in physical activity'), ('Resilience', 'Inflammation'), ('Cultural norms around thinness', 'Unhealthy weight control practices'), ('Mental well-being', 'Concentration'), ('Socio-economic status', 'Sodium intake')]",1,1,1,1,1,"[('Culture of eating that promotes healthy choices', 'Physical well-being'), ('Weight bias', 'Socio-economic status'), ('Mental well-being', 'Physical well-being'), ('Socio-economic status', 'Stress'), ('Control', 'Mental well-being'), ('Socio-economic status', 'Physical well-being'), ('Public health messaging around thinness', 'Weight bias'), ('Resilience', 'Mental well-being'), ('Medical perspective that thin is good', 'Public health messaging around thinness'), ('Weight bias', 'Depression'), ('Control', 'Stress'), ('Socio-economic status', 'Mental well-being'), ('Medical perspective that thin is good', 'Cultural norms around thinness'), ('Weight bias', 'Mental well-being'), ('Cultural norms around thinness', 'Cultural norms around thinness'), ('Cultural norms around thinness', 'Poor body image'), ('Weight bias', 'Stress'), ('Poor body image', 'Poor body image'), ('Socio-economic status', 'Control'), ('Weight bias', 'Poor body image'), ('Pressure to be thin', 'Poor body image'), ('Depression', 'Stress'), ('Poor body image', 'Depression'), ('Culture of eating that promotes healthy choices', 'Mental well-being'), ('Cultural norms around thinness', 'Pressure to be thin'), ('Public health messaging around thinness', 'Pressure to be thin'), ('Physical well-being', 'Mental well-being')]","[('Medications', 'Balance'), ('Secretion of inflammatory molecules by adipose cells', 'Insulin resistance'), ('Obesity', 'Obstructive sleep apnea'), ('Dyslipidemia', 'Blood pressure'), ('Obesity', 'Gastro-esophageal reflux disease'), ('Auto-inflammatory diseases', 'Inflammation'), ('Atherosclerosis', 'Coronary heart diseases'), ('Release of adipokines', 'Atherosclerosis'), ('Blood mono-unsaturated fatty acid level', 'Secretion of inflammatory molecules by adipose cells'), ('Insulin resistance', 'Fatty acids in the artery walls'), ('Insulin resistance', 'Cells intake of fatty acids'), ('Adipose storage of fatty acids', 'Inflammation'), ('Thoracic and abdominal obesity', 'Airway resistance'), ('Thoracic and abdominal obesity', 'Respiratory muscle fatigue'), ('Unhealthy weight control practices', 'Obesity'), ('Sodium retention', 'Blood pressure'), ('Short sleep duration', 'Pro-inflammatory cytokines'), ('Medications', 'Obesity'), ('Balance', 'Ability to engage in physical activity'), ('Short sleep duration', 'Cortisol'), ('Airway resistance', 'Asthma'), ('Short sleep duration', 'Blood pressure'), ('Fatty acids in the artery walls', 'Atherosclerosis'), ('Dyslipidemia', 'Insulin resistance'), ('Blood glucose level', 'Fatty acids in the artery walls'), ('Respiratory diseases', 'Ability to engage in physical activity'), ('Blood saturated fatty acid level', 'Secretion of inflammatory molecules by adipose cells'), ('Dysfunctional adipose tissue', 'Inflammation'), ('Coordination', 'Ability to engage in physical activity'), ('Obesity', 'Short sleep duration'), ('Inflammation', 'Asthma'), ('Coronary heart diseases', 'Dyspnea'), ('Tiredness', 'Ability to engage in physical activity'), ('Short sleep duration', 'Heart rate'), ('Blood fatty acid level', 'Blood glucose level'), ('Pro-inflammatory cytokines', 'Inflammation'), ('Respiratory muscle fatigue', 'Dyspnea'), ('Heart rate', 'Coronary heart diseases'), ('Medications', 'Coordination'), ('Beta blockers', 'Ability to engage in physical activity'), ('Sodium intake', 'Blood pressure'), ('Airway resistance', 'Asthma-like symptoms'), ('Medications', 'Concentration'), ('Cells intake of fatty acids', 'Adipose storage of fatty acids'), ('Physical pain', 'Ability to engage in physical activity'), ('Concentration', 'Ability to engage in physical activity'), ('Obesity', 'Release of adipokines'), ('Blood glucose level', 'Sodium retention'), ('Stimulants', 'Short sleep duration'), ('Obesity', 'Dysfunctional adipose tissue'), ('Medications', 'Tiredness'), ('Inflammation', 'Insulin resistance'), ('Inflammation', 'Auto-inflammatory diseases'), ('Blood fatty acid level', 'Adipose storage of fatty acids'), ('Dysfunctional adipose tissue', 'Blood pressure'), ('Dysfunctional adipose tissue', 'Dyslipidemia'), ('Obesity', 'Unhealthy weight control practices'), ('Obesity', 'Asthma-like symptoms'), ('Dyslipidemia', 'Atherosclerosis')]","[('Prevalence of walking trails', 'Quality of the sport infrastructure'), ('Medications', 'Balance'), ('Culture of eating that promotes healthy choices', 'Physical well-being'), ('Secretion of inflammatory molecules by adipose cells', 'Insulin resistance'), ('Presence of a vibrant community', 'Control'), ('Obesity', 'Weight bias'), ('Healthy eating', 'Blood mono-unsaturated fatty acid level'), ('Exercise', 'Heart rate'), ('Available time', 'Recreational physical activity'), ('Chronic conditions', 'Depression'), ('Exercise', 'Insulin resistance'), ('Weight bias', 'Socio-economic status'), ('Mental well-being', 'Physical well-being'), ('Obesity', 'Obstructive sleep apnea'), ('Eating disorders', 'Healthy eating'), ('Consumer demand for regulations', 'Marketing of healthy foods'), ('Dyslipidemia', 'Blood pressure'), ('Obesity', 'Gastro-esophageal reflux disease'), ('Perceived environmental safety', 'Mental well-being'), ('Late night TV watching', 'Short sleep duration'), ('Auto-inflammatory diseases', 'Inflammation'), ('Depression', 'Healthy eating'), ('Socio-economic status', 'Stress'), ('Exercise', 'Blood glucose level'), ('Public support and demand for healthy products', 'Marketing of healthy foods'), ('Unhealthy foods are cheaper than healthy ones', 'Supportive food environment'), ('Control', 'Mental well-being'), ('Atherosclerosis', 'Coronary heart diseases'), ('Socio-economic status', 'Physical well-being'), ('Ability to engage in physical activity', 'Physical activity'), ('Public health messaging around thinness', 'Weight bias'), ('Public support and demand for healthy products', 'Availability of healthy foods'), ('Release of adipokines', 'Atherosclerosis'), ('Consumer demand for regulations', 'Marketing of unhealthy foods'), ('Resilience', 'Mental well-being'), ('Blood mono-unsaturated fatty acid level', 'Secretion of inflammatory molecules by adipose cells'), ('Medical perspective that thin is good', 'Public health messaging around thinness'), ('Mental well-being', 'Medications'), ('Sexual difficulties', 'Mental well-being'), ('Insulin resistance', 'Fatty acids in the artery walls'), ('Insulin resistance', 'Cells intake of fatty acids'), ('Sidewalk prevalence and maintenance', 'Utilitarian physical activity '), ('Adipose storage of fatty acids', 'Inflammation'), ('Socio-economic status', 'Exercise'), ('Thoracic and abdominal obesity', 'Airway resistance'), ('Healthy eating', 'Short sleep duration'), ('Perceived environmental safety', 'Physical well-being'), ('Weight bias', 'Depression'), ('Emotional eating', 'Mental well-being'), ('Late night TV watching', 'Healthy eating'), ('Control', 'Stress'), ('Aesthetics', 'Physical well-being'), ('Economic incentives to produce unhealthy food products', 'Cost of unhealthy foods'), ('Supportive food environment', 'Healthy eating'), ('Appetite', 'Physical well-being'), ('Thoracic and abdominal obesity', 'Respiratory muscle fatigue'), ('Cardiovascular diseases', 'Fear of engaging in physical activity'), ('Socio-economic status', 'Mental well-being'), ('Unhealthy weight control practices', 'Obesity'), ('Exercise', 'Blood pressure'), ('Sodium retention', 'Blood pressure'), ('Short sleep duration', 'Pro-inflammatory cytokines'), ('Medications', 'Obesity'), ('Short sleep duration', 'Appetite'), ('Balance', 'Ability to engage in physical activity'), ('Short sleep duration', 'Cortisol'), ('Airway resistance', 'Asthma'), ('Short sleep duration', 'Blood pressure'), ('Medical perspective that thin is good', 'Cultural norms around thinness'), ('Healthy eating', 'Blood glucose level'), ('Mental well-being', 'Anticonvulsants'), ('Fatty acids in the artery walls', 'Atherosclerosis'), ('Dyslipidemia', 'Insulin resistance'), ('Blood glucose level', 'Fatty acids in the artery walls'), ('Respiratory diseases', 'Ability to engage in physical activity'), ('Blood saturated fatty acid level', 'Secretion of inflammatory molecules by adipose cells'), ('Dysfunctional adipose tissue', 'Inflammation'), ('Weight bias', 'Mental well-being'), ('Coordination', 'Ability to engage in physical activity'), ('Cultural norms around thinness', 'Cultural norms around thinness'), ('Cultural norms around thinness', 'Poor body image'), ('Obesity', 'Short sleep duration'), ('Inflammation', 'Asthma'), ('Healthy eating', 'Sodium intake'), ('Cultural norms around thinness', 'Eating disorders'), ('Poor body image', 'Sexual difficulties'), ('Fear of engaging in physical activity', 'Physical activity'), ('Short sleep duration', 'Healthy eating'), ('Coronary heart diseases', 'Dyspnea'), ('Stress', 'Inflammation'), ('Weight bias', 'Stress'), ('Unhealthy weight control practices', 'Eating disorders'), ('Tiredness', 'Ability to engage in physical activity'), ('Short sleep duration', 'Heart rate'), ('Prevalence of bike trails', 'Quality of the sport infrastructure'), ('Exercise', 'Blood fatty acid level'), ('Mental well-being', 'Emotional eating'), ('Poor body image', 'Poor body image'), ('Blood fatty acid level', 'Blood glucose level'), ('Cardiovascular diseases', 'Depression'), ('Pro-inflammatory cytokines', 'Inflammation'), ('Prevalence of green fields', 'Quality of the sport infrastructure'), ('Mental well-being', 'Antipsychotics'), ('Socio-economic status', 'Control'), ('Weight bias', 'Poor body image'), ('Positive experience of sports', 'Recreational physical activity'), ('Public support and demand for healthy products', 'Cost of healthy foods'), ('Socio-economic status', 'Availability of healthy foods'), ('Cardiovascular diseases', 'Physical well-being'), ('Respiratory muscle fatigue', 'Dyspnea'), ('Heart rate', 'Coronary heart diseases'), ('Pressure to be thin', 'Poor body image'), ('Medications', 'Coordination'), ('Beta blockers', 'Ability to engage in physical activity'), ('Antipsychotics', 'Appetite'), ('Sodium intake', 'Blood pressure'), ('Pressure to be thin', 'Unhealthy weight control practices'), ('Airway resistance', 'Asthma-like symptoms'), ('Depression', 'Stress'), ('Medications', 'Concentration'), ('Public support and demand for healthy products', 'Marketing of unhealthy foods'), ('Poor body image', 'Eating disorders'), ('Emotional eating', 'Healthy eating'), ('Obesity', 'Access to health professionals'), ('Obesity', 'Mental well-being'), ('Unhealthy foods are more available than healthy ones', 'Supportive food environment'), ('Healthy eating', 'Blood saturated fatty acid level'), ('Presence of a vibrant community', 'Resilience'), ('Cells intake of fatty acids', 'Adipose storage of fatty acids'), ('Physical activity', 'Physical well-being'), ('Appetite', 'Healthy eating'), ('Aesthetics', 'Stress'), ('Chronic conditions', 'Mental well-being'), ('Weight bias', 'Positive experience of sports'), ('Healthy eating', 'Dyslipidemia'), ('Quality of the sport infrastructure', 'Recreational physical activity'), ('Physical pain', 'Ability to engage in physical activity'), ('Prevalence of green fields', 'Aesthetics'), ('Concentration', 'Ability to engage in physical activity'), ('Aesthetics', 'Mental well-being'), ('Poor body image', 'Depression'), ('Chronic conditions', 'Physical well-being'), ('Obesity', 'Release of adipokines'), ('Blood glucose level', 'Sodium retention'), ('Restrictive covenants', 'Availability of healthy foods'), ('Musculoskeletal pain', 'Mental well-being'), ('Weight bias', 'Unhealthy weight control practices'), ('Physical activity', 'Mental well-being'), ('Access to health professionals', 'Ability to engage in physical activity'), ('Stimulants', 'Short sleep duration'), ('Culture of eating that promotes healthy choices', 'Healthy eating'), ('Culture of eating that promotes healthy choices', 'Mental well-being'), ('Weight bias', 'Exercise'), ('Obesity', 'Dysfunctional adipose tissue'), ('Medications', 'Tiredness'), ('Inflammation', 'Insulin resistance'), ('Anticonvulsants', 'Appetite'), ('Inflammation', 'Auto-inflammatory diseases'), ('Accessibility to shops', 'Utilitarian physical activity '), ('Blood fatty acid level', 'Adipose storage of fatty acids'), ('Perceived environmental safety', 'Physical activity'), ('Short sleep duration', 'Physical well-being'), ('Cultural norms around thinness', 'Pressure to be thin'), ('Weight bias', 'Access to health professionals'), ('Public health messaging around thinness', 'Pressure to be thin'), ('Dysfunctional adipose tissue', 'Blood pressure'), ('Dysfunctional adipose tissue', 'Dyslipidemia'), ('Aesthetics', 'Utilitarian physical activity '), ('Obesity', 'Unhealthy weight control practices'), ('Obesity', 'Asthma-like symptoms'), ('Marketing ratio of unhealthy to healthy foods', 'Supportive food environment'), ('Dyslipidemia', 'Atherosclerosis'), ('Physical well-being', 'Mental well-being'), ('Public support and demand for healthy products', 'Cost of unhealthy foods'), ('Musculoskeletal pain', 'Physical well-being'), ('Coronary heart diseases', 'Exercise')]"
1,"[('Weight bias', 'Dysfunctional adipose tissue'), ('Control', 'Blood pressure'), ('Depression', 'Obesity'), ('Stress', 'Cortisol'), ('Physical well-being', 'Ability to engage in physical activity'), ('Resilience', 'Inflammation'), ('Cultural norms around thinness', 'Unhealthy weight control practices'), ('Mental well-being', 'Concentration'), ('Socio-economic status', 'Sodium intake')]",1,1,1,1,1,"[('Culture of eating that promotes healthy choices', 'Physical well-being'), ('Weight bias', 'Socio-economic status'), ('Mental well-being', 'Physical well-being'), ('Socio-economic status', 'Stress'), ('Control', 'Mental well-being'), ('Socio-economic status', 'Physical well-being'), ('Public health messaging around thinness', 'Weight bias'), ('Resilience', 'Mental well-being'), ('Medical perspective that thin is good', 'Public health messaging around thinness'), ('Weight bias', 'Depression'), ('Control', 'Stress'), ('Socio-economic status', 'Mental well-being'), ('Medical perspective that thin is good', 'Cultural norms around thinness'), ('Weight bias', 'Mental well-being'), ('Cultural norms around thinness', 'Cultural norms around thinness'), ('Cultural norms around thinness', 'Poor body image'), ('Weight bias', 'Stress'), ('Poor body image', 'Poor body image'), ('Socio-economic status', 'Control'), ('Weight bias', 'Poor body image'), ('Pressure to be thin', 'Poor body image'), ('Depression', 'Stress'), ('Poor body image', 'Depression'), ('Culture of eating that promotes healthy choices', 'Mental well-being'), ('Cultural norms around thinness', 'Pressure to be thin'), ('Public health messaging around thinness', 'Pressure to be thin'), ('Physical well-being', 'Mental well-being')]","[('Medications', 'Balance'), ('Secretion of inflammatory molecules by adipose cells', 'Insulin resistance'), ('Obesity', 'Obstructive sleep apnea'), ('Dyslipidemia', 'Blood pressure'), ('Obesity', 'Gastro-esophageal reflux disease'), ('Auto-inflammatory diseases', 'Inflammation'), ('Atherosclerosis', 'Coronary heart diseases'), ('Release of adipokines', 'Atherosclerosis'), ('Blood mono-unsaturated fatty acid level', 'Secretion of inflammatory molecules by adipose cells'), ('Insulin resistance', 'Fatty acids in the artery walls'), ('Insulin resistance', 'Cells intake of fatty acids'), ('Adipose storage of fatty acids', 'Inflammation'), ('Thoracic and abdominal obesity', 'Airway resistance'), ('Thoracic and abdominal obesity', 'Respiratory muscle fatigue'), ('Unhealthy weight control practices', 'Obesity'), ('Sodium retention', 'Blood pressure'), ('Short sleep duration', 'Pro-inflammatory cytokines'), ('Medications', 'Obesity'), ('Balance', 'Ability to engage in physical activity'), ('Short sleep duration', 'Cortisol'), ('Airway resistance', 'Asthma'), ('Short sleep duration', 'Blood pressure'), ('Fatty acids in the artery walls', 'Atherosclerosis'), ('Dyslipidemia', 'Insulin resistance'), ('Blood glucose level', 'Fatty acids in the artery walls'), ('Respiratory diseases', 'Ability to engage in physical activity'), ('Blood saturated fatty acid level', 'Secretion of inflammatory molecules by adipose cells'), ('Dysfunctional adipose tissue', 'Inflammation'), ('Coordination', 'Ability to engage in physical activity'), ('Obesity', 'Short sleep duration'), ('Inflammation', 'Asthma'), ('Coronary heart diseases', 'Dyspnea'), ('Tiredness', 'Ability to engage in physical activity'), ('Short sleep duration', 'Heart rate'), ('Blood fatty acid level', 'Blood glucose level'), ('Pro-inflammatory cytokines', 'Inflammation'), ('Respiratory muscle fatigue', 'Dyspnea'), ('Heart rate', 'Coronary heart diseases'), ('Medications', 'Coordination'), ('Beta blockers', 'Ability to engage in physical activity'), ('Sodium intake', 'Blood pressure'), ('Airway resistance', 'Asthma-like symptoms'), ('Medications', 'Concentration'), ('Cells intake of fatty acids', 'Adipose storage of fatty acids'), ('Physical pain', 'Ability to engage in physical activity'), ('Concentration', 'Ability to engage in physical activity'), ('Obesity', 'Release of adipokines'), ('Blood glucose level', 'Sodium retention'), ('Stimulants', 'Short sleep duration'), ('Obesity', 'Dysfunctional adipose tissue'), ('Medications', 'Tiredness'), ('Inflammation', 'Insulin resistance'), ('Inflammation', 'Auto-inflammatory diseases'), ('Blood fatty acid level', 'Adipose storage of fatty acids'), ('Dysfunctional adipose tissue', 'Blood pressure'), ('Dysfunctional adipose tissue', 'Dyslipidemia'), ('Obesity', 'Unhealthy weight control practices'), ('Obesity', 'Asthma-like symptoms'), ('Dyslipidemia', 'Atherosclerosis')]","[('Prevalence of walking trails', 'Quality of the sport infrastructure'), ('Medications', 'Balance'), ('Culture of eating that promotes healthy choices', 'Physical well-being'), ('Secretion of inflammatory molecules by adipose cells', 'Insulin resistance'), ('Presence of a vibrant community', 'Control'), ('Obesity', 'Weight bias'), ('Healthy eating', 'Blood mono-unsaturated fatty acid level'), ('Exercise', 'Heart rate'), ('Available time', 'Recreational physical activity'), ('Chronic conditions', 'Depression'), ('Exercise', 'Insulin resistance'), ('Weight bias', 'Socio-economic status'), ('Mental well-being', 'Physical well-being'), ('Obesity', 'Obstructive sleep apnea'), ('Eating disorders', 'Healthy eating'), ('Consumer demand for regulations', 'Marketing of healthy foods'), ('Dyslipidemia', 'Blood pressure'), ('Obesity', 'Gastro-esophageal reflux disease'), ('Perceived environmental safety', 'Mental well-being'), ('Late night TV watching', 'Short sleep duration'), ('Auto-inflammatory diseases', 'Inflammation'), ('Depression', 'Healthy eating'), ('Socio-economic status', 'Stress'), ('Exercise', 'Blood glucose level'), ('Public support and demand for healthy products', 'Marketing of healthy foods'), ('Unhealthy foods are cheaper than healthy ones', 'Supportive food environment'), ('Control', 'Mental well-being'), ('Atherosclerosis', 'Coronary heart diseases'), ('Socio-economic status', 'Physical well-being'), ('Ability to engage in physical activity', 'Physical activity'), ('Public health messaging around thinness', 'Weight bias'), ('Public support and demand for healthy products', 'Availability of healthy foods'), ('Release of adipokines', 'Atherosclerosis'), ('Consumer demand for regulations', 'Marketing of unhealthy foods'), ('Resilience', 'Mental well-being'), ('Blood mono-unsaturated fatty acid level', 'Secretion of inflammatory molecules by adipose cells'), ('Medical perspective that thin is good', 'Public health messaging around thinness'), ('Mental well-being', 'Medications'), ('Sexual difficulties', 'Mental well-being'), ('Insulin resistance', 'Fatty acids in the artery walls'), ('Insulin resistance', 'Cells intake of fatty acids'), ('Sidewalk prevalence and maintenance', 'Utilitarian physical activity '), ('Adipose storage of fatty acids', 'Inflammation'), ('Socio-economic status', 'Exercise'), ('Thoracic and abdominal obesity', 'Airway resistance'), ('Healthy eating', 'Short sleep duration'), ('Perceived environmental safety', 'Physical well-being'), ('Weight bias', 'Depression'), ('Emotional eating', 'Mental well-being'), ('Late night TV watching', 'Healthy eating'), ('Control', 'Stress'), ('Aesthetics', 'Physical well-being'), ('Economic incentives to produce unhealthy food products', 'Cost of unhealthy foods'), ('Supportive food environment', 'Healthy eating'), ('Appetite', 'Physical well-being'), ('Thoracic and abdominal obesity', 'Respiratory muscle fatigue'), ('Cardiovascular diseases', 'Fear of engaging in physical activity'), ('Socio-economic status', 'Mental well-being'), ('Unhealthy weight control practices', 'Obesity'), ('Exercise', 'Blood pressure'), ('Sodium retention', 'Blood pressure'), ('Short sleep duration', 'Pro-inflammatory cytokines'), ('Medications', 'Obesity'), ('Short sleep duration', 'Appetite'), ('Balance', 'Ability to engage in physical activity'), ('Short sleep duration', 'Cortisol'), ('Airway resistance', 'Asthma'), ('Short sleep duration', 'Blood pressure'), ('Medical perspective that thin is good', 'Cultural norms around thinness'), ('Healthy eating', 'Blood glucose level'), ('Mental well-being', 'Anticonvulsants'), ('Fatty acids in the artery walls', 'Atherosclerosis'), ('Dyslipidemia', 'Insulin resistance'), ('Blood glucose level', 'Fatty acids in the artery walls'), ('Respiratory diseases', 'Ability to engage in physical activity'), ('Blood saturated fatty acid level', 'Secretion of inflammatory molecules by adipose cells'), ('Dysfunctional adipose tissue', 'Inflammation'), ('Weight bias', 'Mental well-being'), ('Coordination', 'Ability to engage in physical activity'), ('Cultural norms around thinness', 'Cultural norms around thinness'), ('Cultural norms around thinness', 'Poor body image'), ('Obesity', 'Short sleep duration'), ('Inflammation', 'Asthma'), ('Healthy eating', 'Sodium intake'), ('Cultural norms around thinness', 'Eating disorders'), ('Poor body image', 'Sexual difficulties'), ('Fear of engaging in physical activity', 'Physical activity'), ('Short sleep duration', 'Healthy eating'), ('Coronary heart diseases', 'Dyspnea'), ('Stress', 'Inflammation'), ('Weight bias', 'Stress'), ('Unhealthy weight control practices', 'Eating disorders'), ('Tiredness', 'Ability to engage in physical activity'), ('Short sleep duration', 'Heart rate'), ('Prevalence of bike trails', 'Quality of the sport infrastructure'), ('Exercise', 'Blood fatty acid level'), ('Mental well-being', 'Emotional eating'), ('Poor body image', 'Poor body image'), ('Blood fatty acid level', 'Blood glucose level'), ('Cardiovascular diseases', 'Depression'), ('Pro-inflammatory cytokines', 'Inflammation'), ('Prevalence of green fields', 'Quality of the sport infrastructure'), ('Mental well-being', 'Antipsychotics'), ('Socio-economic status', 'Control'), ('Weight bias', 'Poor body image'), ('Positive experience of sports', 'Recreational physical activity'), ('Public support and demand for healthy products', 'Cost of healthy foods'), ('Socio-economic status', 'Availability of healthy foods'), ('Cardiovascular diseases', 'Physical well-being'), ('Respiratory muscle fatigue', 'Dyspnea'), ('Heart rate', 'Coronary heart diseases'), ('Pressure to be thin', 'Poor body image'), ('Medications', 'Coordination'), ('Beta blockers', 'Ability to engage in physical activity'), ('Antipsychotics', 'Appetite'), ('Sodium intake', 'Blood pressure'), ('Pressure to be thin', 'Unhealthy weight control practices'), ('Airway resistance', 'Asthma-like symptoms'), ('Depression', 'Stress'), ('Medications', 'Concentration'), ('Public support and demand for healthy products', 'Marketing of unhealthy foods'), ('Poor body image', 'Eating disorders'), ('Emotional eating', 'Healthy eating'), ('Obesity', 'Access to health professionals'), ('Obesity', 'Mental well-being'), ('Unhealthy foods are more available than healthy ones', 'Supportive food environment'), ('Healthy eating', 'Blood saturated fatty acid level'), ('Presence of a vibrant community', 'Resilience'), ('Cells intake of fatty acids', 'Adipose storage of fatty acids'), ('Physical activity', 'Physical well-being'), ('Appetite', 'Healthy eating'), ('Aesthetics', 'Stress'), ('Chronic conditions', 'Mental well-being'), ('Weight bias', 'Positive experience of sports'), ('Healthy eating', 'Dyslipidemia'), ('Quality of the sport infrastructure', 'Recreational physical activity'), ('Physical pain', 'Ability to engage in physical activity'), ('Prevalence of green fields', 'Aesthetics'), ('Concentration', 'Ability to engage in physical activity'), ('Aesthetics', 'Mental well-being'), ('Poor body image', 'Depression'), ('Chronic conditions', 'Physical well-being'), ('Obesity', 'Release of adipokines'), ('Blood glucose level', 'Sodium retention'), ('Restrictive covenants', 'Availability of healthy foods'), ('Musculoskeletal pain', 'Mental well-being'), ('Weight bias', 'Unhealthy weight control practices'), ('Physical activity', 'Mental well-being'), ('Access to health professionals', 'Ability to engage in physical activity'), ('Stimulants', 'Short sleep duration'), ('Culture of eating that promotes healthy choices', 'Healthy eating'), ('Culture of eating that promotes healthy choices', 'Mental well-being'), ('Weight bias', 'Exercise'), ('Obesity', 'Dysfunctional adipose tissue'), ('Medications', 'Tiredness'), ('Inflammation', 'Insulin resistance'), ('Anticonvulsants', 'Appetite'), ('Inflammation', 'Auto-inflammatory diseases'), ('Accessibility to shops', 'Utilitarian physical activity '), ('Blood fatty acid level', 'Adipose storage of fatty acids'), ('Perceived environmental safety', 'Physical activity'), ('Short sleep duration', 'Physical well-being'), ('Cultural norms around thinness', 'Pressure to be thin'), ('Weight bias', 'Access to health professionals'), ('Public health messaging around thinness', 'Pressure to be thin'), ('Dysfunctional adipose tissue', 'Blood pressure'), ('Dysfunctional adipose tissue', 'Dyslipidemia'), ('Aesthetics', 'Utilitarian physical activity '), ('Obesity', 'Unhealthy weight control practices'), ('Obesity', 'Asthma-like symptoms'), ('Marketing ratio of unhealthy to healthy foods', 'Supportive food environment'), ('Dyslipidemia', 'Atherosclerosis'), ('Physical well-being', 'Mental well-being'), ('Public support and demand for healthy products', 'Cost of unhealthy foods'), ('Musculoskeletal pain', 'Physical well-being'), ('Coronary heart diseases', 'Exercise')]"
2,"[('Weight bias', 'Dysfunctional adipose tissue'), ('Control', 'Blood pressure'), ('Depression', 'Obesity'), ('Stress', 'Cortisol'), ('Physical well-being', 'Ability to engage in physical activity'), ('Resilience', 'Inflammation'), ('Cultural norms around thinness', 'Unhealthy weight control practices'), ('Mental well-being', 'Concentration'), ('Socio-economic status', 'Sodium intake')]",1,1,1,1,1,"[('Culture of eating that promotes healthy choices', 'Physical well-being'), ('Weight bias', 'Socio-economic status'), ('Mental well-being', 'Physical well-being'), ('Socio-economic status', 'Stress'), ('Control', 'Mental well-being'), ('Socio-economic status', 'Physical well-being'), ('Public health messaging around thinness', 'Weight bias'), ('Resilience', 'Mental well-being'), ('Medical perspective that thin is good', 'Public health messaging around thinness'), ('Weight bias', 'Depression'), ('Control', 'Stress'), ('Socio-economic status', 'Mental well-being'), ('Medical perspective that thin is good', 'Cultural norms around thinness'), ('Weight bias', 'Mental well-being'), ('Cultural norms around thinness', 'Cultural norms around thinness'), ('Cultural norms around thinness', 'Poor body image'), ('Weight bias', 'Stress'), ('Poor body image', 'Poor body image'), ('Socio-economic status', 'Control'), ('Weight bias', 'Poor body image'), ('Pressure to be thin', 'Poor body image'), ('Depression', 'Stress'), ('Poor body image', 'Depression'), ('Culture of eating that promotes healthy choices', 'Mental well-being'), ('Cultural norms around thinness', 'Pressure to be thin'), ('Public health messaging around thinness', 'Pressure to be thin'), ('Physical well-being', 'Mental well-being')]","[('Medications', 'Balance'), ('Secretion of inflammatory molecules by adipose cells', 'Insulin resistance'), ('Obesity', 'Obstructive sleep apnea'), ('Dyslipidemia', 'Blood pressure'), ('Obesity', 'Gastro-esophageal reflux disease'), ('Auto-inflammatory diseases', 'Inflammation'), ('Atherosclerosis', 'Coronary heart diseases'), ('Release of adipokines', 'Atherosclerosis'), ('Blood mono-unsaturated fatty acid level', 'Secretion of inflammatory molecules by adipose cells'), ('Insulin resistance', 'Fatty acids in the artery walls'), ('Insulin resistance', 'Cells intake of fatty acids'), ('Adipose storage of fatty acids', 'Inflammation'), ('Thoracic and abdominal obesity', 'Airway resistance'), ('Thoracic and abdominal obesity', 'Respiratory muscle fatigue'), ('Unhealthy weight control practices', 'Obesity'), ('Sodium retention', 'Blood pressure'), ('Short sleep duration', 'Pro-inflammatory cytokines'), ('Medications', 'Obesity'), ('Balance', 'Ability to engage in physical activity'), ('Short sleep duration', 'Cortisol'), ('Airway resistance', 'Asthma'), ('Short sleep duration', 'Blood pressure'), ('Fatty acids in the artery walls', 'Atherosclerosis'), ('Dyslipidemia', 'Insulin resistance'), ('Blood glucose level', 'Fatty acids in the artery walls'), ('Respiratory diseases', 'Ability to engage in physical activity'), ('Blood saturated fatty acid level', 'Secretion of inflammatory molecules by adipose cells'), ('Dysfunctional adipose tissue', 'Inflammation'), ('Coordination', 'Ability to engage in physical activity'), ('Obesity', 'Short sleep duration'), ('Inflammation', 'Asthma'), ('Coronary heart diseases', 'Dyspnea'), ('Tiredness', 'Ability to engage in physical activity'), ('Short sleep duration', 'Heart rate'), ('Blood fatty acid level', 'Blood glucose level'), ('Pro-inflammatory cytokines', 'Inflammation'), ('Respiratory muscle fatigue', 'Dyspnea'), ('Heart rate', 'Coronary heart diseases'), ('Medications', 'Coordination'), ('Beta blockers', 'Ability to engage in physical activity'), ('Sodium intake', 'Blood pressure'), ('Airway resistance', 'Asthma-like symptoms'), ('Medications', 'Concentration'), ('Cells intake of fatty acids', 'Adipose storage of fatty acids'), ('Physical pain', 'Ability to engage in physical activity'), ('Concentration', 'Ability to engage in physical activity'), ('Obesity', 'Release of adipokines'), ('Blood glucose level', 'Sodium retention'), ('Stimulants', 'Short sleep duration'), ('Obesity', 'Dysfunctional adipose tissue'), ('Medications', 'Tiredness'), ('Inflammation', 'Insulin resistance'), ('Inflammation', 'Auto-inflammatory diseases'), ('Blood fatty acid level', 'Adipose storage of fatty acids'), ('Dysfunctional adipose tissue', 'Blood pressure'), ('Dysfunctional adipose tissue', 'Dyslipidemia'), ('Obesity', 'Unhealthy weight control practices'), ('Obesity', 'Asthma-like symptoms'), ('Dyslipidemia', 'Atherosclerosis')]","[('Prevalence of walking trails', 'Quality of the sport infrastructure'), ('Medications', 'Balance'), ('Culture of eating that promotes healthy choices', 'Physical well-being'), ('Secretion of inflammatory molecules by adipose cells', 'Insulin resistance'), ('Presence of a vibrant community', 'Control'), ('Obesity', 'Weight bias'), ('Healthy eating', 'Blood mono-unsaturated fatty acid level'), ('Exercise', 'Heart rate'), ('Available time', 'Recreational physical activity'), ('Chronic conditions', 'Depression'), ('Exercise', 'Insulin resistance'), ('Weight bias', 'Socio-economic status'), ('Mental well-being', 'Physical well-being'), ('Obesity', 'Obstructive sleep apnea'), ('Eating disorders', 'Healthy eating'), ('Consumer demand for regulations', 'Marketing of healthy foods'), ('Dyslipidemia', 'Blood pressure'), ('Obesity', 'Gastro-esophageal reflux disease'), ('Perceived environmental safety', 'Mental well-being'), ('Late night TV watching', 'Short sleep duration'), ('Auto-inflammatory diseases', 'Inflammation'), ('Depression', 'Healthy eating'), ('Socio-economic status', 'Stress'), ('Exercise', 'Blood glucose level'), ('Public support and demand for healthy products', 'Marketing of healthy foods'), ('Unhealthy foods are cheaper than healthy ones', 'Supportive food environment'), ('Control', 'Mental well-being'), ('Atherosclerosis', 'Coronary heart diseases'), ('Socio-economic status', 'Physical well-being'), ('Ability to engage in physical activity', 'Physical activity'), ('Public health messaging around thinness', 'Weight bias'), ('Public support and demand for healthy products', 'Availability of healthy foods'), ('Release of adipokines', 'Atherosclerosis'), ('Consumer demand for regulations', 'Marketing of unhealthy foods'), ('Resilience', 'Mental well-being'), ('Blood mono-unsaturated fatty acid level', 'Secretion of inflammatory molecules by adipose cells'), ('Medical perspective that thin is good', 'Public health messaging around thinness'), ('Mental well-being', 'Medications'), ('Sexual difficulties', 'Mental well-being'), ('Insulin resistance', 'Fatty acids in the artery walls'), ('Insulin resistance', 'Cells intake of fatty acids'), ('Sidewalk prevalence and maintenance', 'Utilitarian physical activity '), ('Adipose storage of fatty acids', 'Inflammation'), ('Socio-economic status', 'Exercise'), ('Thoracic and abdominal obesity', 'Airway resistance'), ('Healthy eating', 'Short sleep duration'), ('Perceived environmental safety', 'Physical well-being'), ('Weight bias', 'Depression'), ('Emotional eating', 'Mental well-being'), ('Late night TV watching', 'Healthy eating'), ('Control', 'Stress'), ('Aesthetics', 'Physical well-being'), ('Economic incentives to produce unhealthy food products', 'Cost of unhealthy foods'), ('Supportive food environment', 'Healthy eating'), ('Appetite', 'Physical well-being'), ('Thoracic and abdominal obesity', 'Respiratory muscle fatigue'), ('Cardiovascular diseases', 'Fear of engaging in physical activity'), ('Socio-economic status', 'Mental well-being'), ('Unhealthy weight control practices', 'Obesity'), ('Exercise', 'Blood pressure'), ('Sodium retention', 'Blood pressure'), ('Short sleep duration', 'Pro-inflammatory cytokines'), ('Medications', 'Obesity'), ('Short sleep duration', 'Appetite'), ('Balance', 'Ability to engage in physical activity'), ('Short sleep duration', 'Cortisol'), ('Airway resistance', 'Asthma'), ('Short sleep duration', 'Blood pressure'), ('Medical perspective that thin is good', 'Cultural norms around thinness'), ('Healthy eating', 'Blood glucose level'), ('Mental well-being', 'Anticonvulsants'), ('Fatty acids in the artery walls', 'Atherosclerosis'), ('Dyslipidemia', 'Insulin resistance'), ('Blood glucose level', 'Fatty acids in the artery walls'), ('Respiratory diseases', 'Ability to engage in physical activity'), ('Blood saturated fatty acid level', 'Secretion of inflammatory molecules by adipose cells'), ('Dysfunctional adipose tissue', 'Inflammation'), ('Weight bias', 'Mental well-being'), ('Coordination', 'Ability to engage in physical activity'), ('Cultural norms around thinness', 'Cultural norms around thinness'), ('Cultural norms around thinness', 'Poor body image'), ('Obesity', 'Short sleep duration'), ('Inflammation', 'Asthma'), ('Healthy eating', 'Sodium intake'), ('Cultural norms around thinness', 'Eating disorders'), ('Poor body image', 'Sexual difficulties'), ('Fear of engaging in physical activity', 'Physical activity'), ('Short sleep duration', 'Healthy eating'), ('Coronary heart diseases', 'Dyspnea'), ('Stress', 'Inflammation'), ('Weight bias', 'Stress'), ('Unhealthy weight control practices', 'Eating disorders'), ('Tiredness', 'Ability to engage in physical activity'), ('Short sleep duration', 'Heart rate'), ('Prevalence of bike trails', 'Quality of the sport infrastructure'), ('Exercise', 'Blood fatty acid level'), ('Mental well-being', 'Emotional eating'), ('Poor body image', 'Poor body image'), ('Blood fatty acid level', 'Blood glucose level'), ('Cardiovascular diseases', 'Depression'), ('Pro-inflammatory cytokines', 'Inflammation'), ('Prevalence of green fields', 'Quality of the sport infrastructure'), ('Mental well-being', 'Antipsychotics'), ('Socio-economic status', 'Control'), ('Weight bias', 'Poor body image'), ('Positive experience of sports', 'Recreational physical activity'), ('Public support and demand for healthy products', 'Cost of healthy foods'), ('Socio-economic status', 'Availability of healthy foods'), ('Cardiovascular diseases', 'Physical well-being'), ('Respiratory muscle fatigue', 'Dyspnea'), ('Heart rate', 'Coronary heart diseases'), ('Pressure to be thin', 'Poor body image'), ('Medications', 'Coordination'), ('Beta blockers', 'Ability to engage in physical activity'), ('Antipsychotics', 'Appetite'), ('Sodium intake', 'Blood pressure'), ('Pressure to be thin', 'Unhealthy weight control practices'), ('Airway resistance', 'Asthma-like symptoms'), ('Depression', 'Stress'), ('Medications', 'Concentration'), ('Public support and demand for healthy products', 'Marketing of unhealthy foods'), ('Poor body image', 'Eating disorders'), ('Emotional eating', 'Healthy eating'), ('Obesity', 'Access to health professionals'), ('Obesity', 'Mental well-being'), ('Unhealthy foods are more available than healthy ones', 'Supportive food environment'), ('Healthy eating', 'Blood saturated fatty acid level'), ('Presence of a vibrant community', 'Resilience'), ('Cells intake of fatty acids', 'Adipose storage of fatty acids'), ('Physical activity', 'Physical well-being'), ('Appetite', 'Healthy eating'), ('Aesthetics', 'Stress'), ('Chronic conditions', 'Mental well-being'), ('Weight bias', 'Positive experience of sports'), ('Healthy eating', 'Dyslipidemia'), ('Quality of the sport infrastructure', 'Recreational physical activity'), ('Physical pain', 'Ability to engage in physical activity'), ('Prevalence of green fields', 'Aesthetics'), ('Concentration', 'Ability to engage in physical activity'), ('Aesthetics', 'Mental well-being'), ('Poor body image', 'Depression'), ('Chronic conditions', 'Physical well-being'), ('Obesity', 'Release of adipokines'), ('Blood glucose level', 'Sodium retention'), ('Restrictive covenants', 'Availability of healthy foods'), ('Musculoskeletal pain', 'Mental well-being'), ('Weight bias', 'Unhealthy weight control practices'), ('Physical activity', 'Mental well-being'), ('Access to health professionals', 'Ability to engage in physical activity'), ('Stimulants', 'Short sleep duration'), ('Culture of eating that promotes healthy choices', 'Healthy eating'), ('Culture of eating that promotes healthy choices', 'Mental well-being'), ('Weight bias', 'Exercise'), ('Obesity', 'Dysfunctional adipose tissue'), ('Medications', 'Tiredness'), ('Inflammation', 'Insulin resistance'), ('Anticonvulsants', 'Appetite'), ('Inflammation', 'Auto-inflammatory diseases'), ('Accessibility to shops', 'Utilitarian physical activity '), ('Blood fatty acid level', 'Adipose storage of fatty acids'), ('Perceived environmental safety', 'Physical activity'), ('Short sleep duration', 'Physical well-being'), ('Cultural norms around thinness', 'Pressure to be thin'), ('Weight bias', 'Access to health professionals'), ('Public health messaging around thinness', 'Pressure to be thin'), ('Dysfunctional adipose tissue', 'Blood pressure'), ('Dysfunctional adipose tissue', 'Dyslipidemia'), ('Aesthetics', 'Utilitarian physical activity '), ('Obesity', 'Unhealthy weight control practices'), ('Obesity', 'Asthma-like symptoms'), ('Marketing ratio of unhealthy to healthy foods', 'Supportive food environment'), ('Dyslipidemia', 'Atherosclerosis'), ('Physical well-being', 'Mental well-being'), ('Public support and demand for healthy products', 'Cost of unhealthy foods'), ('Musculoskeletal pain', 'Physical well-being'), ('Coronary heart diseases', 'Exercise')]"
3,"[('Weight bias', 'Dysfunctional adipose tissue'), ('Control', 'Blood pressure'), ('Depression', 'Obesity'), ('Stress', 'Cortisol'), ('Physical well-being', 'Ability to engage in physical activity'), ('Resilience', 'Inflammation'), ('Cultural norms around thinness', 'Unhealthy weight control practices'), ('Mental well-being', 'Concentration'), ('Socio-economic status', 'Sodium intake')]",1,1,1,1,1,"[('Culture of eating that promotes healthy choices', 'Physical well-being'), ('Weight bias', 'Socio-economic status'), ('Mental well-being', 'Physical well-being'), ('Socio-economic status', 'Stress'), ('Control', 'Mental well-being'), ('Socio-economic status', 'Physical well-being'), ('Public health messaging around thinness', 'Weight bias'), ('Resilience', 'Mental well-being'), ('Medical perspective that thin is good', 'Public health messaging around thinness'), ('Weight bias', 'Depression'), ('Control', 'Stress'), ('Socio-economic status', 'Mental well-being'), ('Medical perspective that thin is good', 'Cultural norms around thinness'), ('Weight bias', 'Mental well-being'), ('Cultural norms around thinness', 'Cultural norms around thinness'), ('Cultural norms around thinness', 'Poor body image'), ('Weight bias', 'Stress'), ('Poor body image', 'Poor body image'), ('Socio-economic status', 'Control'), ('Weight bias', 'Poor body image'), ('Pressure to be thin', 'Poor body image'), ('Depression', 'Stress'), ('Poor body image', 'Depression'), ('Culture of eating that promotes healthy choices', 'Mental well-being'), ('Cultural norms around thinness', 'Pressure to be thin'), ('Public health messaging around thinness', 'Pressure to be thin'), ('Physical well-being', 'Mental well-being')]","[('Medications', 'Balance'), ('Secretion of inflammatory molecules by adipose cells', 'Insulin resistance'), ('Obesity', 'Obstructive sleep apnea'), ('Dyslipidemia', 'Blood pressure'), ('Obesity', 'Gastro-esophageal reflux disease'), ('Auto-inflammatory diseases', 'Inflammation'), ('Atherosclerosis', 'Coronary heart diseases'), ('Release of adipokines', 'Atherosclerosis'), ('Blood mono-unsaturated fatty acid level', 'Secretion of inflammatory molecules by adipose cells'), ('Insulin resistance', 'Fatty acids in the artery walls'), ('Insulin resistance', 'Cells intake of fatty acids'), ('Adipose storage of fatty acids', 'Inflammation'), ('Thoracic and abdominal obesity', 'Airway resistance'), ('Thoracic and abdominal obesity', 'Respiratory muscle fatigue'), ('Unhealthy weight control practices', 'Obesity'), ('Sodium retention', 'Blood pressure'), ('Short sleep duration', 'Pro-inflammatory cytokines'), ('Medications', 'Obesity'), ('Balance', 'Ability to engage in physical activity'), ('Short sleep duration', 'Cortisol'), ('Airway resistance', 'Asthma'), ('Short sleep duration', 'Blood pressure'), ('Fatty acids in the artery walls', 'Atherosclerosis'), ('Dyslipidemia', 'Insulin resistance'), ('Blood glucose level', 'Fatty acids in the artery walls'), ('Respiratory diseases', 'Ability to engage in physical activity'), ('Blood saturated fatty acid level', 'Secretion of inflammatory molecules by adipose cells'), ('Dysfunctional adipose tissue', 'Inflammation'), ('Coordination', 'Ability to engage in physical activity'), ('Obesity', 'Short sleep duration'), ('Inflammation', 'Asthma'), ('Coronary heart diseases', 'Dyspnea'), ('Tiredness', 'Ability to engage in physical activity'), ('Short sleep duration', 'Heart rate'), ('Blood fatty acid level', 'Blood glucose level'), ('Pro-inflammatory cytokines', 'Inflammation'), ('Respiratory muscle fatigue', 'Dyspnea'), ('Heart rate', 'Coronary heart diseases'), ('Medications', 'Coordination'), ('Beta blockers', 'Ability to engage in physical activity'), ('Sodium intake', 'Blood pressure'), ('Airway resistance', 'Asthma-like symptoms'), ('Medications', 'Concentration'), ('Cells intake of fatty acids', 'Adipose storage of fatty acids'), ('Physical pain', 'Ability to engage in physical activity'), ('Concentration', 'Ability to engage in physical activity'), ('Obesity', 'Release of adipokines'), ('Blood glucose level', 'Sodium retention'), ('Stimulants', 'Short sleep duration'), ('Obesity', 'Dysfunctional adipose tissue'), ('Medications', 'Tiredness'), ('Inflammation', 'Insulin resistance'), ('Inflammation', 'Auto-inflammatory diseases'), ('Blood fatty acid level', 'Adipose storage of fatty acids'), ('Dysfunctional adipose tissue', 'Blood pressure'), ('Dysfunctional adipose tissue', 'Dyslipidemia'), ('Obesity', 'Unhealthy weight control practices'), ('Obesity', 'Asthma-like symptoms'), ('Dyslipidemia', 'Atherosclerosis')]","[('Prevalence of walking trails', 'Quality of the sport infrastructure'), ('Medications', 'Balance'), ('Culture of eating that promotes healthy choices', 'Physical well-being'), ('Secretion of inflammatory molecules by adipose cells', 'Insulin resistance'), ('Presence of a vibrant community', 'Control'), ('Obesity', 'Weight bias'), ('Healthy eating', 'Blood mono-unsaturated fatty acid level'), ('Exercise', 'Heart rate'), ('Available time', 'Recreational physical activity'), ('Chronic conditions', 'Depression'), ('Exercise', 'Insulin resistance'), ('Weight bias', 'Socio-economic status'), ('Mental well-being', 'Physical well-being'), ('Obesity', 'Obstructive sleep apnea'), ('Eating disorders', 'Healthy eating'), ('Consumer demand for regulations', 'Marketing of healthy foods'), ('Dyslipidemia', 'Blood pressure'), ('Obesity', 'Gastro-esophageal reflux disease'), ('Perceived environmental safety', 'Mental well-being'), ('Late night TV watching', 'Short sleep duration'), ('Auto-inflammatory diseases', 'Inflammation'), ('Depression', 'Healthy eating'), ('Socio-economic status', 'Stress'), ('Exercise', 'Blood glucose level'), ('Public support and demand for healthy products', 'Marketing of healthy foods'), ('Unhealthy foods are cheaper than healthy ones', 'Supportive food environment'), ('Control', 'Mental well-being'), ('Atherosclerosis', 'Coronary heart diseases'), ('Socio-economic status', 'Physical well-being'), ('Ability to engage in physical activity', 'Physical activity'), ('Public health messaging around thinness', 'Weight bias'), ('Public support and demand for healthy products', 'Availability of healthy foods'), ('Release of adipokines', 'Atherosclerosis'), ('Consumer demand for regulations', 'Marketing of unhealthy foods'), ('Resilience', 'Mental well-being'), ('Blood mono-unsaturated fatty acid level', 'Secretion of inflammatory molecules by adipose cells'), ('Medical perspective that thin is good', 'Public health messaging around thinness'), ('Mental well-being', 'Medications'), ('Sexual difficulties', 'Mental well-being'), ('Insulin resistance', 'Fatty acids in the artery walls'), ('Insulin resistance', 'Cells intake of fatty acids'), ('Sidewalk prevalence and maintenance', 'Utilitarian physical activity '), ('Adipose storage of fatty acids', 'Inflammation'), ('Socio-economic status', 'Exercise'), ('Thoracic and abdominal obesity', 'Airway resistance'), ('Healthy eating', 'Short sleep duration'), ('Perceived environmental safety', 'Physical well-being'), ('Weight bias', 'Depression'), ('Emotional eating', 'Mental well-being'), ('Late night TV watching', 'Healthy eating'), ('Control', 'Stress'), ('Aesthetics', 'Physical well-being'), ('Economic incentives to produce unhealthy food products', 'Cost of unhealthy foods'), ('Supportive food environment', 'Healthy eating'), ('Appetite', 'Physical well-being'), ('Thoracic and abdominal obesity', 'Respiratory muscle fatigue'), ('Cardiovascular diseases', 'Fear of engaging in physical activity'), ('Socio-economic status', 'Mental well-being'), ('Unhealthy weight control practices', 'Obesity'), ('Exercise', 'Blood pressure'), ('Sodium retention', 'Blood pressure'), ('Short sleep duration', 'Pro-inflammatory cytokines'), ('Medications', 'Obesity'), ('Short sleep duration', 'Appetite'), ('Balance', 'Ability to engage in physical activity'), ('Short sleep duration', 'Cortisol'), ('Airway resistance', 'Asthma'), ('Short sleep duration', 'Blood pressure'), ('Medical perspective that thin is good', 'Cultural norms around thinness'), ('Healthy eating', 'Blood glucose level'), ('Mental well-being', 'Anticonvulsants'), ('Fatty acids in the artery walls', 'Atherosclerosis'), ('Dyslipidemia', 'Insulin resistance'), ('Blood glucose level', 'Fatty acids in the artery walls'), ('Respiratory diseases', 'Ability to engage in physical activity'), ('Blood saturated fatty acid level', 'Secretion of inflammatory molecules by adipose cells'), ('Dysfunctional adipose tissue', 'Inflammation'), ('Weight bias', 'Mental well-being'), ('Coordination', 'Ability to engage in physical activity'), ('Cultural norms around thinness', 'Cultural norms around thinness'), ('Cultural norms around thinness', 'Poor body image'), ('Obesity', 'Short sleep duration'), ('Inflammation', 'Asthma'), ('Healthy eating', 'Sodium intake'), ('Cultural norms around thinness', 'Eating disorders'), ('Poor body image', 'Sexual difficulties'), ('Fear of engaging in physical activity', 'Physical activity'), ('Short sleep duration', 'Healthy eating'), ('Coronary heart diseases', 'Dyspnea'), ('Stress', 'Inflammation'), ('Weight bias', 'Stress'), ('Unhealthy weight control practices', 'Eating disorders'), ('Tiredness', 'Ability to engage in physical activity'), ('Short sleep duration', 'Heart rate'), ('Prevalence of bike trails', 'Quality of the sport infrastructure'), ('Exercise', 'Blood fatty acid level'), ('Mental well-being', 'Emotional eating'), ('Poor body image', 'Poor body image'), ('Blood fatty acid level', 'Blood glucose level'), ('Cardiovascular diseases', 'Depression'), ('Pro-inflammatory cytokines', 'Inflammation'), ('Prevalence of green fields', 'Quality of the sport infrastructure'), ('Mental well-being', 'Antipsychotics'), ('Socio-economic status', 'Control'), ('Weight bias', 'Poor body image'), ('Positive experience of sports', 'Recreational physical activity'), ('Public support and demand for healthy products', 'Cost of healthy foods'), ('Socio-economic status', 'Availability of healthy foods'), ('Cardiovascular diseases', 'Physical well-being'), ('Respiratory muscle fatigue', 'Dyspnea'), ('Heart rate', 'Coronary heart diseases'), ('Pressure to be thin', 'Poor body image'), ('Medications', 'Coordination'), ('Beta blockers', 'Ability to engage in physical activity'), ('Antipsychotics', 'Appetite'), ('Sodium intake', 'Blood pressure'), ('Pressure to be thin', 'Unhealthy weight control practices'), ('Airway resistance', 'Asthma-like symptoms'), ('Depression', 'Stress'), ('Medications', 'Concentration'), ('Public support and demand for healthy products', 'Marketing of unhealthy foods'), ('Poor body image', 'Eating disorders'), ('Emotional eating', 'Healthy eating'), ('Obesity', 'Access to health professionals'), ('Obesity', 'Mental well-being'), ('Unhealthy foods are more available than healthy ones', 'Supportive food environment'), ('Healthy eating', 'Blood saturated fatty acid level'), ('Presence of a vibrant community', 'Resilience'), ('Cells intake of fatty acids', 'Adipose storage of fatty acids'), ('Physical activity', 'Physical well-being'), ('Appetite', 'Healthy eating'), ('Aesthetics', 'Stress'), ('Chronic conditions', 'Mental well-being'), ('Weight bias', 'Positive experience of sports'), ('Healthy eating', 'Dyslipidemia'), ('Quality of the sport infrastructure', 'Recreational physical activity'), ('Physical pain', 'Ability to engage in physical activity'), ('Prevalence of green fields', 'Aesthetics'), ('Concentration', 'Ability to engage in physical activity'), ('Aesthetics', 'Mental well-being'), ('Poor body image', 'Depression'), ('Chronic conditions', 'Physical well-being'), ('Obesity', 'Release of adipokines'), ('Blood glucose level', 'Sodium retention'), ('Restrictive covenants', 'Availability of healthy foods'), ('Musculoskeletal pain', 'Mental well-being'), ('Weight bias', 'Unhealthy weight control practices'), ('Physical activity', 'Mental well-being'), ('Access to health professionals', 'Ability to engage in physical activity'), ('Stimulants', 'Short sleep duration'), ('Culture of eating that promotes healthy choices', 'Healthy eating'), ('Culture of eating that promotes healthy choices', 'Mental well-being'), ('Weight bias', 'Exercise'), ('Obesity', 'Dysfunctional adipose tissue'), ('Medications', 'Tiredness'), ('Inflammation', 'Insulin resistance'), ('Anticonvulsants', 'Appetite'), ('Inflammation', 'Auto-inflammatory diseases'), ('Accessibility to shops', 'Utilitarian physical activity '), ('Blood fatty acid level', 'Adipose storage of fatty acids'), ('Perceived environmental safety', 'Physical activity'), ('Short sleep duration', 'Physical well-being'), ('Cultural norms around thinness', 'Pressure to be thin'), ('Weight bias', 'Access to health professionals'), ('Public health messaging around thinness', 'Pressure to be thin'), ('Dysfunctional adipose tissue', 'Blood pressure'), ('Dysfunctional adipose tissue', 'Dyslipidemia'), ('Aesthetics', 'Utilitarian physical activity '), ('Obesity', 'Unhealthy weight control practices'), ('Obesity', 'Asthma-like symptoms'), ('Marketing ratio of unhealthy to healthy foods', 'Supportive food environment'), ('Dyslipidemia', 'Atherosclerosis'), ('Physical well-being', 'Mental well-being'), ('Public support and demand for healthy products', 'Cost of unhealthy foods'), ('Musculoskeletal pain', 'Physical well-being'), ('Coronary heart diseases', 'Exercise')]"
4,"[('Weight bias', 'Dysfunctional adipose tissue'), ('Control', 'Blood pressure'), ('Depression', 'Obesity'), ('Stress', 'Cortisol'), ('Physical well-being', 'Ability to engage in physical activity'), ('Resilience', 'Inflammation'), ('Cultural norms around thinness', 'Unhealthy weight control practices'), ('Mental well-being', 'Concentration'), ('Socio-economic status', 'Sodium intake')]",1,1,1,1,1,"[('Culture of eating that promotes healthy choices', 'Physical well-being'), ('Weight bias', 'Socio-economic status'), ('Mental well-being', 'Physical well-being'), ('Socio-economic status', 'Stress'), ('Control', 'Mental well-being'), ('Socio-economic status', 'Physical well-being'), ('Public health messaging around thinness', 'Weight bias'), ('Resilience', 'Mental well-being'), ('Medical perspective that thin is good', 'Public health messaging around thinness'), ('Weight bias', 'Depression'), ('Control', 'Stress'), ('Socio-economic status', 'Mental well-being'), ('Medical perspective that thin is good', 'Cultural norms around thinness'), ('Weight bias', 'Mental well-being'), ('Cultural norms around thinness', 'Cultural norms around thinness'), ('Cultural norms around thinness', 'Poor body image'), ('Weight bias', 'Stress'), ('Poor body image', 'Poor body image'), ('Socio-economic status', 'Control'), ('Weight bias', 'Poor body image'), ('Pressure to be thin', 'Poor body image'), ('Depression', 'Stress'), ('Poor body image', 'Depression'), ('Culture of eating that promotes healthy choices', 'Mental well-being'), ('Cultural norms around thinness', 'Pressure to be thin'), ('Public health messaging around thinness', 'Pressure to be thin'), ('Physical well-being', 'Mental well-being')]","[('Medications', 'Balance'), ('Secretion of inflammatory molecules by adipose cells', 'Insulin resistance'), ('Obesity', 'Obstructive sleep apnea'), ('Dyslipidemia', 'Blood pressure'), ('Obesity', 'Gastro-esophageal reflux disease'), ('Auto-inflammatory diseases', 'Inflammation'), ('Atherosclerosis', 'Coronary heart diseases'), ('Release of adipokines', 'Atherosclerosis'), ('Blood mono-unsaturated fatty acid level', 'Secretion of inflammatory molecules by adipose cells'), ('Insulin resistance', 'Fatty acids in the artery walls'), ('Insulin resistance', 'Cells intake of fatty acids'), ('Adipose storage of fatty acids', 'Inflammation'), ('Thoracic and abdominal obesity', 'Airway resistance'), ('Thoracic and abdominal obesity', 'Respiratory muscle fatigue'), ('Unhealthy weight control practices', 'Obesity'), ('Sodium retention', 'Blood pressure'), ('Short sleep duration', 'Pro-inflammatory cytokines'), ('Medications', 'Obesity'), ('Balance', 'Ability to engage in physical activity'), ('Short sleep duration', 'Cortisol'), ('Airway resistance', 'Asthma'), ('Short sleep duration', 'Blood pressure'), ('Fatty acids in the artery walls', 'Atherosclerosis'), ('Dyslipidemia', 'Insulin resistance'), ('Blood glucose level', 'Fatty acids in the artery walls'), ('Respiratory diseases', 'Ability to engage in physical activity'), ('Blood saturated fatty acid level', 'Secretion of inflammatory molecules by adipose cells'), ('Dysfunctional adipose tissue', 'Inflammation'), ('Coordination', 'Ability to engage in physical activity'), ('Obesity', 'Short sleep duration'), ('Inflammation', 'Asthma'), ('Coronary heart diseases', 'Dyspnea'), ('Tiredness', 'Ability to engage in physical activity'), ('Short sleep duration', 'Heart rate'), ('Blood fatty acid level', 'Blood glucose level'), ('Pro-inflammatory cytokines', 'Inflammation'), ('Respiratory muscle fatigue', 'Dyspnea'), ('Heart rate', 'Coronary heart diseases'), ('Medications', 'Coordination'), ('Beta blockers', 'Ability to engage in physical activity'), ('Sodium intake', 'Blood pressure'), ('Airway resistance', 'Asthma-like symptoms'), ('Medications', 'Concentration'), ('Cells intake of fatty acids', 'Adipose storage of fatty acids'), ('Physical pain', 'Ability to engage in physical activity'), ('Concentration', 'Ability to engage in physical activity'), ('Obesity', 'Release of adipokines'), ('Blood glucose level', 'Sodium retention'), ('Stimulants', 'Short sleep duration'), ('Obesity', 'Dysfunctional adipose tissue'), ('Medications', 'Tiredness'), ('Inflammation', 'Insulin resistance'), ('Inflammation', 'Auto-inflammatory diseases'), ('Blood fatty acid level', 'Adipose storage of fatty acids'), ('Dysfunctional adipose tissue', 'Blood pressure'), ('Dysfunctional adipose tissue', 'Dyslipidemia'), ('Obesity', 'Unhealthy weight control practices'), ('Obesity', 'Asthma-like symptoms'), ('Dyslipidemia', 'Atherosclerosis')]","[('Prevalence of walking trails', 'Quality of the sport infrastructure'), ('Medications', 'Balance'), ('Culture of eating that promotes healthy choices', 'Physical well-being'), ('Secretion of inflammatory molecules by adipose cells', 'Insulin resistance'), ('Presence of a vibrant community', 'Control'), ('Obesity', 'Weight bias'), ('Healthy eating', 'Blood mono-unsaturated fatty acid level'), ('Exercise', 'Heart rate'), ('Available time', 'Recreational physical activity'), ('Chronic conditions', 'Depression'), ('Exercise', 'Insulin resistance'), ('Weight bias', 'Socio-economic status'), ('Mental well-being', 'Physical well-being'), ('Obesity', 'Obstructive sleep apnea'), ('Eating disorders', 'Healthy eating'), ('Consumer demand for regulations', 'Marketing of healthy foods'), ('Dyslipidemia', 'Blood pressure'), ('Obesity', 'Gastro-esophageal reflux disease'), ('Perceived environmental safety', 'Mental well-being'), ('Late night TV watching', 'Short sleep duration'), ('Auto-inflammatory diseases', 'Inflammation'), ('Depression', 'Healthy eating'), ('Socio-economic status', 'Stress'), ('Exercise', 'Blood glucose level'), ('Public support and demand for healthy products', 'Marketing of healthy foods'), ('Unhealthy foods are cheaper than healthy ones', 'Supportive food environment'), ('Control', 'Mental well-being'), ('Atherosclerosis', 'Coronary heart diseases'), ('Socio-economic status', 'Physical well-being'), ('Ability to engage in physical activity', 'Physical activity'), ('Public health messaging around thinness', 'Weight bias'), ('Public support and demand for healthy products', 'Availability of healthy foods'), ('Release of adipokines', 'Atherosclerosis'), ('Consumer demand for regulations', 'Marketing of unhealthy foods'), ('Resilience', 'Mental well-being'), ('Blood mono-unsaturated fatty acid level', 'Secretion of inflammatory molecules by adipose cells'), ('Medical perspective that thin is good', 'Public health messaging around thinness'), ('Mental well-being', 'Medications'), ('Sexual difficulties', 'Mental well-being'), ('Insulin resistance', 'Fatty acids in the artery walls'), ('Insulin resistance', 'Cells intake of fatty acids'), ('Sidewalk prevalence and maintenance', 'Utilitarian physical activity '), ('Adipose storage of fatty acids', 'Inflammation'), ('Socio-economic status', 'Exercise'), ('Thoracic and abdominal obesity', 'Airway resistance'), ('Healthy eating', 'Short sleep duration'), ('Perceived environmental safety', 'Physical well-being'), ('Weight bias', 'Depression'), ('Emotional eating', 'Mental well-being'), ('Late night TV watching', 'Healthy eating'), ('Control', 'Stress'), ('Aesthetics', 'Physical well-being'), ('Economic incentives to produce unhealthy food products', 'Cost of unhealthy foods'), ('Supportive food environment', 'Healthy eating'), ('Appetite', 'Physical well-being'), ('Thoracic and abdominal obesity', 'Respiratory muscle fatigue'), ('Cardiovascular diseases', 'Fear of engaging in physical activity'), ('Socio-economic status', 'Mental well-being'), ('Unhealthy weight control practices', 'Obesity'), ('Exercise', 'Blood pressure'), ('Sodium retention', 'Blood pressure'), ('Short sleep duration', 'Pro-inflammatory cytokines'), ('Medications', 'Obesity'), ('Short sleep duration', 'Appetite'), ('Balance', 'Ability to engage in physical activity'), ('Short sleep duration', 'Cortisol'), ('Airway resistance', 'Asthma'), ('Short sleep duration', 'Blood pressure'), ('Medical perspective that thin is good', 'Cultural norms around thinness'), ('Healthy eating', 'Blood glucose level'), ('Mental well-being', 'Anticonvulsants'), ('Fatty acids in the artery walls', 'Atherosclerosis'), ('Dyslipidemia', 'Insulin resistance'), ('Blood glucose level', 'Fatty acids in the artery walls'), ('Respiratory diseases', 'Ability to engage in physical activity'), ('Blood saturated fatty acid level', 'Secretion of inflammatory molecules by adipose cells'), ('Dysfunctional adipose tissue', 'Inflammation'), ('Weight bias', 'Mental well-being'), ('Coordination', 'Ability to engage in physical activity'), ('Cultural norms around thinness', 'Cultural norms around thinness'), ('Cultural norms around thinness', 'Poor body image'), ('Obesity', 'Short sleep duration'), ('Inflammation', 'Asthma'), ('Healthy eating', 'Sodium intake'), ('Cultural norms around thinness', 'Eating disorders'), ('Poor body image', 'Sexual difficulties'), ('Fear of engaging in physical activity', 'Physical activity'), ('Short sleep duration', 'Healthy eating'), ('Coronary heart diseases', 'Dyspnea'), ('Stress', 'Inflammation'), ('Weight bias', 'Stress'), ('Unhealthy weight control practices', 'Eating disorders'), ('Tiredness', 'Ability to engage in physical activity'), ('Short sleep duration', 'Heart rate'), ('Prevalence of bike trails', 'Quality of the sport infrastructure'), ('Exercise', 'Blood fatty acid level'), ('Mental well-being', 'Emotional eating'), ('Poor body image', 'Poor body image'), ('Blood fatty acid level', 'Blood glucose level'), ('Cardiovascular diseases', 'Depression'), ('Pro-inflammatory cytokines', 'Inflammation'), ('Prevalence of green fields', 'Quality of the sport infrastructure'), ('Mental well-being', 'Antipsychotics'), ('Socio-economic status', 'Control'), ('Weight bias', 'Poor body image'), ('Positive experience of sports', 'Recreational physical activity'), ('Public support and demand for healthy products', 'Cost of healthy foods'), ('Socio-economic status', 'Availability of healthy foods'), ('Cardiovascular diseases', 'Physical well-being'), ('Respiratory muscle fatigue', 'Dyspnea'), ('Heart rate', 'Coronary heart diseases'), ('Pressure to be thin', 'Poor body image'), ('Medications', 'Coordination'), ('Beta blockers', 'Ability to engage in physical activity'), ('Antipsychotics', 'Appetite'), ('Sodium intake', 'Blood pressure'), ('Pressure to be thin', 'Unhealthy weight control practices'), ('Airway resistance', 'Asthma-like symptoms'), ('Depression', 'Stress'), ('Medications', 'Concentration'), ('Public support and demand for healthy products', 'Marketing of unhealthy foods'), ('Poor body image', 'Eating disorders'), ('Emotional eating', 'Healthy eating'), ('Obesity', 'Access to health professionals'), ('Obesity', 'Mental well-being'), ('Unhealthy foods are more available than healthy ones', 'Supportive food environment'), ('Healthy eating', 'Blood saturated fatty acid level'), ('Presence of a vibrant community', 'Resilience'), ('Cells intake of fatty acids', 'Adipose storage of fatty acids'), ('Physical activity', 'Physical well-being'), ('Appetite', 'Healthy eating'), ('Aesthetics', 'Stress'), ('Chronic conditions', 'Mental well-being'), ('Weight bias', 'Positive experience of sports'), ('Healthy eating', 'Dyslipidemia'), ('Quality of the sport infrastructure', 'Recreational physical activity'), ('Physical pain', 'Ability to engage in physical activity'), ('Prevalence of green fields', 'Aesthetics'), ('Concentration', 'Ability to engage in physical activity'), ('Aesthetics', 'Mental well-being'), ('Poor body image', 'Depression'), ('Chronic conditions', 'Physical well-being'), ('Obesity', 'Release of adipokines'), ('Blood glucose level', 'Sodium retention'), ('Restrictive covenants', 'Availability of healthy foods'), ('Musculoskeletal pain', 'Mental well-being'), ('Weight bias', 'Unhealthy weight control practices'), ('Physical activity', 'Mental well-being'), ('Access to health professionals', 'Ability to engage in physical activity'), ('Stimulants', 'Short sleep duration'), ('Culture of eating that promotes healthy choices', 'Healthy eating'), ('Culture of eating that promotes healthy choices', 'Mental well-being'), ('Weight bias', 'Exercise'), ('Obesity', 'Dysfunctional adipose tissue'), ('Medications', 'Tiredness'), ('Inflammation', 'Insulin resistance'), ('Anticonvulsants', 'Appetite'), ('Inflammation', 'Auto-inflammatory diseases'), ('Accessibility to shops', 'Utilitarian physical activity '), ('Blood fatty acid level', 'Adipose storage of fatty acids'), ('Perceived environmental safety', 'Physical activity'), ('Short sleep duration', 'Physical well-being'), ('Cultural norms around thinness', 'Pressure to be thin'), ('Weight bias', 'Access to health professionals'), ('Public health messaging around thinness', 'Pressure to be thin'), ('Dysfunctional adipose tissue', 'Blood pressure'), ('Dysfunctional adipose tissue', 'Dyslipidemia'), ('Aesthetics', 'Utilitarian physical activity '), ('Obesity', 'Unhealthy weight control practices'), ('Obesity', 'Asthma-like symptoms'), ('Marketing ratio of unhealthy to healthy foods', 'Supportive food environment'), ('Dyslipidemia', 'Atherosclerosis'), ('Physical well-being', 'Mental well-being'), ('Public support and demand for healthy products', 'Cost of unhealthy foods'), ('Musculoskeletal pain', 'Physical well-being'), ('Coronary heart diseases', 'Exercise')]"
0,"[('Weight bias', 'Dysfunctional adipose tissue'), ('Stress', 'Inflammation'), ('Pressure to be thin', 'Physical pain'), ('Poor body image', 'Unhealthy weight control practices'), ('Physical well-being', 'Ability to engage in physical activity'), ('Mental well-being', 'Ability to engage in physical activity'), ('Cultural norms around thinness', 'Pro-inflammatory cytokines'), ('Depression', 'Inflammation')]",1,1,1,-1,1,"[('Culture of eating that promotes healthy choices', 'Physical well-being'), ('Weight bias', 'Socio-economic status'), ('Mental well-being', 'Physical well-being'), ('Socio-economic status', 'Stress'), ('Control', 'Mental well-being'), ('Socio-economic status', 'Physical well-being'), ('Public health messaging around thinness', 'Weight bias'), ('Resilience', 'Mental well-being'), ('Medical perspective that thin is good', 'Public health messaging around thinness'), ('Weight bias', 'Depression'), ('Control', 'Stress'), ('Socio-economic status', 'Mental well-being'), ('Medical perspective that thin is good', 'Cultural norms around thinness'), ('Weight bias', 'Mental well-being'), ('Cultural norms around thinness', 'Cultural norms around thinness'), ('Cultural norms around thinness', 'Poor body image'), ('Weight bias', 'Stress'), ('Poor body image', 'Poor body image'), ('Socio-economic status', 'Control'), ('Weight bias', 'Poor body image'), ('Pressure to be thin', 'Poor body image'), ('Depression', 'Stress'), ('Poor body image', 'Depression'), ('Culture of eating that promotes healthy choices', 'Mental well-being'), ('Cultural norms around thinness', 'Pressure to be thin'), ('Public health messaging around thinness', 'Pressure to be thin'), ('Physical well-being', 'Mental well-being')]","[('Medications', 'Balance'), ('Secretion of inflammatory molecules by adipose cells', 'Insulin resistance'), ('Obesity', 'Obstructive sleep apnea'), ('Dyslipidemia', 'Blood pressure'), ('Obesity', 'Gastro-esophageal reflux disease'), ('Auto-inflammatory diseases', 'Inflammation'), ('Atherosclerosis', 'Coronary heart diseases'), ('Release of adipokines', 'Atherosclerosis'), ('Blood mono-unsaturated fatty acid level', 'Secretion of inflammatory molecules by adipose cells'), ('Insulin resistance', 'Fatty acids in the artery walls'), ('Insulin resistance', 'Cells intake of fatty acids'), ('Adipose storage of fatty acids', 'Inflammation'), ('Thoracic and abdominal obesity', 'Airway resistance'), ('Thoracic and abdominal obesity', 'Respiratory muscle fatigue'), ('Unhealthy weight control practices', 'Obesity'), ('Sodium retention', 'Blood pressure'), ('Short sleep duration', 'Pro-inflammatory cytokines'), ('Medications', 'Obesity'), ('Balance', 'Ability to engage in physical activity'), ('Short sleep duration', 'Cortisol'), ('Airway resistance', 'Asthma'), ('Short sleep duration', 'Blood pressure'), ('Fatty acids in the artery walls', 'Atherosclerosis'), ('Dyslipidemia', 'Insulin resistance'), ('Blood glucose level', 'Fatty acids in the artery walls'), ('Respiratory diseases', 'Ability to engage in physical activity'), ('Blood saturated fatty acid level', 'Secretion of inflammatory molecules by adipose cells'), ('Dysfunctional adipose tissue', 'Inflammation'), ('Coordination', 'Ability to engage in physical activity'), ('Obesity', 'Short sleep duration'), ('Inflammation', 'Asthma'), ('Coronary heart diseases', 'Dyspnea'), ('Tiredness', 'Ability to engage in physical activity'), ('Short sleep duration', 'Heart rate'), ('Blood fatty acid level', 'Blood glucose level'), ('Pro-inflammatory cytokines', 'Inflammation'), ('Respiratory muscle fatigue', 'Dyspnea'), ('Heart rate', 'Coronary heart diseases'), ('Medications', 'Coordination'), ('Beta blockers', 'Ability to engage in physical activity'), ('Sodium intake', 'Blood pressure'), ('Airway resistance', 'Asthma-like symptoms'), ('Medications', 'Concentration'), ('Cells intake of fatty acids', 'Adipose storage of fatty acids'), ('Physical pain', 'Ability to engage in physical activity'), ('Concentration', 'Ability to engage in physical activity'), ('Obesity', 'Release of adipokines'), ('Blood glucose level', 'Sodium retention'), ('Stimulants', 'Short sleep duration'), ('Obesity', 'Dysfunctional adipose tissue'), ('Medications', 'Tiredness'), ('Inflammation', 'Insulin resistance'), ('Inflammation', 'Auto-inflammatory diseases'), ('Blood fatty acid level', 'Adipose storage of fatty acids'), ('Dysfunctional adipose tissue', 'Blood pressure'), ('Dysfunctional adipose tissue', 'Dyslipidemia'), ('Obesity', 'Unhealthy weight control practices'), ('Obesity', 'Asthma-like symptoms'), ('Dyslipidemia', 'Atherosclerosis')]","[('Prevalence of walking trails', 'Quality of the sport infrastructure'), ('Medications', 'Balance'), ('Culture of eating that promotes healthy choices', 'Physical well-being'), ('Secretion of inflammatory molecules by adipose cells', 'Insulin resistance'), ('Presence of a vibrant community', 'Control'), ('Obesity', 'Weight bias'), ('Healthy eating', 'Blood mono-unsaturated fatty acid level'), ('Exercise', 'Heart rate'), ('Available time', 'Recreational physical activity'), ('Chronic conditions', 'Depression'), ('Exercise', 'Insulin resistance'), ('Weight bias', 'Socio-economic status'), ('Mental well-being', 'Physical well-being'), ('Obesity', 'Obstructive sleep apnea'), ('Eating disorders', 'Healthy eating'), ('Consumer demand for regulations', 'Marketing of healthy foods'), ('Dyslipidemia', 'Blood pressure'), ('Obesity', 'Gastro-esophageal reflux disease'), ('Perceived environmental safety', 'Mental well-being'), ('Late night TV watching', 'Short sleep duration'), ('Auto-inflammatory diseases', 'Inflammation'), ('Depression', 'Healthy eating'), ('Socio-economic status', 'Stress'), ('Exercise', 'Blood glucose level'), ('Public support and demand for healthy products', 'Marketing of healthy foods'), ('Unhealthy foods are cheaper than healthy ones', 'Supportive food environment'), ('Control', 'Mental well-being'), ('Atherosclerosis', 'Coronary heart diseases'), ('Socio-economic status', 'Physical well-being'), ('Ability to engage in physical activity', 'Physical activity'), ('Public health messaging around thinness', 'Weight bias'), ('Public support and demand for healthy products', 'Availability of healthy foods'), ('Release of adipokines', 'Atherosclerosis'), ('Consumer demand for regulations', 'Marketing of unhealthy foods'), ('Resilience', 'Mental well-being'), ('Blood mono-unsaturated fatty acid level', 'Secretion of inflammatory molecules by adipose cells'), ('Medical perspective that thin is good', 'Public health messaging around thinness'), ('Mental well-being', 'Medications'), ('Sexual difficulties', 'Mental well-being'), ('Insulin resistance', 'Fatty acids in the artery walls'), ('Insulin resistance', 'Cells intake of fatty acids'), ('Sidewalk prevalence and maintenance', 'Utilitarian physical activity '), ('Adipose storage of fatty acids', 'Inflammation'), ('Socio-economic status', 'Exercise'), ('Thoracic and abdominal obesity', 'Airway resistance'), ('Healthy eating', 'Short sleep duration'), ('Perceived environmental safety', 'Physical well-being'), ('Weight bias', 'Depression'), ('Emotional eating', 'Mental well-being'), ('Late night TV watching', 'Healthy eating'), ('Control', 'Stress'), ('Aesthetics', 'Physical well-being'), ('Economic incentives to produce unhealthy food products', 'Cost of unhealthy foods'), ('Supportive food environment', 'Healthy eating'), ('Appetite', 'Physical well-being'), ('Thoracic and abdominal obesity', 'Respiratory muscle fatigue'), ('Cardiovascular diseases', 'Fear of engaging in physical activity'), ('Socio-economic status', 'Mental well-being'), ('Unhealthy weight control practices', 'Obesity'), ('Exercise', 'Blood pressure'), ('Sodium retention', 'Blood pressure'), ('Short sleep duration', 'Pro-inflammatory cytokines'), ('Medications', 'Obesity'), ('Short sleep duration', 'Appetite'), ('Balance', 'Ability to engage in physical activity'), ('Short sleep duration', 'Cortisol'), ('Airway resistance', 'Asthma'), ('Short sleep duration', 'Blood pressure'), ('Medical perspective that thin is good', 'Cultural norms around thinness'), ('Healthy eating', 'Blood glucose level'), ('Mental well-being', 'Anticonvulsants'), ('Fatty acids in the artery walls', 'Atherosclerosis'), ('Dyslipidemia', 'Insulin resistance'), ('Blood glucose level', 'Fatty acids in the artery walls'), ('Respiratory diseases', 'Ability to engage in physical activity'), ('Blood saturated fatty acid level', 'Secretion of inflammatory molecules by adipose cells'), ('Dysfunctional adipose tissue', 'Inflammation'), ('Weight bias', 'Mental well-being'), ('Coordination', 'Ability to engage in physical activity'), ('Cultural norms around thinness', 'Cultural norms around thinness'), ('Cultural norms around thinness', 'Poor body image'), ('Obesity', 'Short sleep duration'), ('Inflammation', 'Asthma'), ('Healthy eating', 'Sodium intake'), ('Cultural norms around thinness', 'Eating disorders'), ('Poor body image', 'Sexual difficulties'), ('Fear of engaging in physical activity', 'Physical activity'), ('Short sleep duration', 'Healthy eating'), ('Coronary heart diseases', 'Dyspnea'), ('Stress', 'Inflammation'), ('Weight bias', 'Stress'), ('Unhealthy weight control practices', 'Eating disorders'), ('Tiredness', 'Ability to engage in physical activity'), ('Short sleep duration', 'Heart rate'), ('Prevalence of bike trails', 'Quality of the sport infrastructure'), ('Exercise', 'Blood fatty acid level'), ('Mental well-being', 'Emotional eating'), ('Poor body image', 'Poor body image'), ('Blood fatty acid level', 'Blood glucose level'), ('Cardiovascular diseases', 'Depression'), ('Pro-inflammatory cytokines', 'Inflammation'), ('Prevalence of green fields', 'Quality of the sport infrastructure'), ('Mental well-being', 'Antipsychotics'), ('Socio-economic status', 'Control'), ('Weight bias', 'Poor body image'), ('Positive experience of sports', 'Recreational physical activity'), ('Public support and demand for healthy products', 'Cost of healthy foods'), ('Socio-economic status', 'Availability of healthy foods'), ('Cardiovascular diseases', 'Physical well-being'), ('Respiratory muscle fatigue', 'Dyspnea'), ('Heart rate', 'Coronary heart diseases'), ('Pressure to be thin', 'Poor body image'), ('Medications', 'Coordination'), ('Beta blockers', 'Ability to engage in physical activity'), ('Antipsychotics', 'Appetite'), ('Sodium intake', 'Blood pressure'), ('Pressure to be thin', 'Unhealthy weight control practices'), ('Airway resistance', 'Asthma-like symptoms'), ('Depression', 'Stress'), ('Medications', 'Concentration'), ('Public support and demand for healthy products', 'Marketing of unhealthy foods'), ('Poor body image', 'Eating disorders'), ('Emotional eating', 'Healthy eating'), ('Obesity', 'Access to health professionals'), ('Obesity', 'Mental well-being'), ('Unhealthy foods are more available than healthy ones', 'Supportive food environment'), ('Healthy eating', 'Blood saturated fatty acid level'), ('Presence of a vibrant community', 'Resilience'), ('Cells intake of fatty acids', 'Adipose storage of fatty acids'), ('Physical activity', 'Physical well-being'), ('Appetite', 'Healthy eating'), ('Aesthetics', 'Stress'), ('Chronic conditions', 'Mental well-being'), ('Weight bias', 'Positive experience of sports'), ('Healthy eating', 'Dyslipidemia'), ('Quality of the sport infrastructure', 'Recreational physical activity'), ('Physical pain', 'Ability to engage in physical activity'), ('Prevalence of green fields', 'Aesthetics'), ('Concentration', 'Ability to engage in physical activity'), ('Aesthetics', 'Mental well-being'), ('Poor body image', 'Depression'), ('Chronic conditions', 'Physical well-being'), ('Obesity', 'Release of adipokines'), ('Blood glucose level', 'Sodium retention'), ('Restrictive covenants', 'Availability of healthy foods'), ('Musculoskeletal pain', 'Mental well-being'), ('Weight bias', 'Unhealthy weight control practices'), ('Physical activity', 'Mental well-being'), ('Access to health professionals', 'Ability to engage in physical activity'), ('Stimulants', 'Short sleep duration'), ('Culture of eating that promotes healthy choices', 'Healthy eating'), ('Culture of eating that promotes healthy choices', 'Mental well-being'), ('Weight bias', 'Exercise'), ('Obesity', 'Dysfunctional adipose tissue'), ('Medications', 'Tiredness'), ('Inflammation', 'Insulin resistance'), ('Anticonvulsants', 'Appetite'), ('Inflammation', 'Auto-inflammatory diseases'), ('Accessibility to shops', 'Utilitarian physical activity '), ('Blood fatty acid level', 'Adipose storage of fatty acids'), ('Perceived environmental safety', 'Physical activity'), ('Short sleep duration', 'Physical well-being'), ('Cultural norms around thinness', 'Pressure to be thin'), ('Weight bias', 'Access to health professionals'), ('Public health messaging around thinness', 'Pressure to be thin'), ('Dysfunctional adipose tissue', 'Blood pressure'), ('Dysfunctional adipose tissue', 'Dyslipidemia'), ('Aesthetics', 'Utilitarian physical activity '), ('Obesity', 'Unhealthy weight control practices'), ('Obesity', 'Asthma-like symptoms'), ('Marketing ratio of unhealthy to healthy foods', 'Supportive food environment'), ('Dyslipidemia', 'Atherosclerosis'), ('Physical well-being', 'Mental well-being'), ('Public support and demand for healthy products', 'Cost of unhealthy foods'), ('Musculoskeletal pain', 'Physical well-being'), ('Coronary heart diseases', 'Exercise')]"
1,"[('Weight bias', 'Dysfunctional adipose tissue'), ('Stress', 'Inflammation'), ('Pressure to be thin', 'Physical pain'), ('Poor body image', 'Unhealthy weight control practices'), ('Physical well-being', 'Ability to engage in physical activity'), ('Mental well-being', 'Ability to engage in physical activity'), ('Cultural norms around thinness', 'Pro-inflammatory cytokines'), ('Depression', 'Inflammation')]",1,1,1,-1,1,"[('Culture of eating that promotes healthy choices', 'Physical well-being'), ('Weight bias', 'Socio-economic status'), ('Mental well-being', 'Physical well-being'), ('Socio-economic status', 'Stress'), ('Control', 'Mental well-being'), ('Socio-economic status', 'Physical well-being'), ('Public health messaging around thinness', 'Weight bias'), ('Resilience', 'Mental well-being'), ('Medical perspective that thin is good', 'Public health messaging around thinness'), ('Weight bias', 'Depression'), ('Control', 'Stress'), ('Socio-economic status', 'Mental well-being'), ('Medical perspective that thin is good', 'Cultural norms around thinness'), ('Weight bias', 'Mental well-being'), ('Cultural norms around thinness', 'Cultural norms around thinness'), ('Cultural norms around thinness', 'Poor body image'), ('Weight bias', 'Stress'), ('Poor body image', 'Poor body image'), ('Socio-economic status', 'Control'), ('Weight bias', 'Poor body image'), ('Pressure to be thin', 'Poor body image'), ('Depression', 'Stress'), ('Poor body image', 'Depression'), ('Culture of eating that promotes healthy choices', 'Mental well-being'), ('Cultural norms around thinness', 'Pressure to be thin'), ('Public health messaging around thinness', 'Pressure to be thin'), ('Physical well-being', 'Mental well-being')]","[('Medications', 'Balance'), ('Secretion of inflammatory molecules by adipose cells', 'Insulin resistance'), ('Obesity', 'Obstructive sleep apnea'), ('Dyslipidemia', 'Blood pressure'), ('Obesity', 'Gastro-esophageal reflux disease'), ('Auto-inflammatory diseases', 'Inflammation'), ('Atherosclerosis', 'Coronary heart diseases'), ('Release of adipokines', 'Atherosclerosis'), ('Blood mono-unsaturated fatty acid level', 'Secretion of inflammatory molecules by adipose cells'), ('Insulin resistance', 'Fatty acids in the artery walls'), ('Insulin resistance', 'Cells intake of fatty acids'), ('Adipose storage of fatty acids', 'Inflammation'), ('Thoracic and abdominal obesity', 'Airway resistance'), ('Thoracic and abdominal obesity', 'Respiratory muscle fatigue'), ('Unhealthy weight control practices', 'Obesity'), ('Sodium retention', 'Blood pressure'), ('Short sleep duration', 'Pro-inflammatory cytokines'), ('Medications', 'Obesity'), ('Balance', 'Ability to engage in physical activity'), ('Short sleep duration', 'Cortisol'), ('Airway resistance', 'Asthma'), ('Short sleep duration', 'Blood pressure'), ('Fatty acids in the artery walls', 'Atherosclerosis'), ('Dyslipidemia', 'Insulin resistance'), ('Blood glucose level', 'Fatty acids in the artery walls'), ('Respiratory diseases', 'Ability to engage in physical activity'), ('Blood saturated fatty acid level', 'Secretion of inflammatory molecules by adipose cells'), ('Dysfunctional adipose tissue', 'Inflammation'), ('Coordination', 'Ability to engage in physical activity'), ('Obesity', 'Short sleep duration'), ('Inflammation', 'Asthma'), ('Coronary heart diseases', 'Dyspnea'), ('Tiredness', 'Ability to engage in physical activity'), ('Short sleep duration', 'Heart rate'), ('Blood fatty acid level', 'Blood glucose level'), ('Pro-inflammatory cytokines', 'Inflammation'), ('Respiratory muscle fatigue', 'Dyspnea'), ('Heart rate', 'Coronary heart diseases'), ('Medications', 'Coordination'), ('Beta blockers', 'Ability to engage in physical activity'), ('Sodium intake', 'Blood pressure'), ('Airway resistance', 'Asthma-like symptoms'), ('Medications', 'Concentration'), ('Cells intake of fatty acids', 'Adipose storage of fatty acids'), ('Physical pain', 'Ability to engage in physical activity'), ('Concentration', 'Ability to engage in physical activity'), ('Obesity', 'Release of adipokines'), ('Blood glucose level', 'Sodium retention'), ('Stimulants', 'Short sleep duration'), ('Obesity', 'Dysfunctional adipose tissue'), ('Medications', 'Tiredness'), ('Inflammation', 'Insulin resistance'), ('Inflammation', 'Auto-inflammatory diseases'), ('Blood fatty acid level', 'Adipose storage of fatty acids'), ('Dysfunctional adipose tissue', 'Blood pressure'), ('Dysfunctional adipose tissue', 'Dyslipidemia'), ('Obesity', 'Unhealthy weight control practices'), ('Obesity', 'Asthma-like symptoms'), ('Dyslipidemia', 'Atherosclerosis')]","[('Prevalence of walking trails', 'Quality of the sport infrastructure'), ('Medications', 'Balance'), ('Culture of eating that promotes healthy choices', 'Physical well-being'), ('Secretion of inflammatory molecules by adipose cells', 'Insulin resistance'), ('Presence of a vibrant community', 'Control'), ('Obesity', 'Weight bias'), ('Healthy eating', 'Blood mono-unsaturated fatty acid level'), ('Exercise', 'Heart rate'), ('Available time', 'Recreational physical activity'), ('Chronic conditions', 'Depression'), ('Exercise', 'Insulin resistance'), ('Weight bias', 'Socio-economic status'), ('Mental well-being', 'Physical well-being'), ('Obesity', 'Obstructive sleep apnea'), ('Eating disorders', 'Healthy eating'), ('Consumer demand for regulations', 'Marketing of healthy foods'), ('Dyslipidemia', 'Blood pressure'), ('Obesity', 'Gastro-esophageal reflux disease'), ('Perceived environmental safety', 'Mental well-being'), ('Late night TV watching', 'Short sleep duration'), ('Auto-inflammatory diseases', 'Inflammation'), ('Depression', 'Healthy eating'), ('Socio-economic status', 'Stress'), ('Exercise', 'Blood glucose level'), ('Public support and demand for healthy products', 'Marketing of healthy foods'), ('Unhealthy foods are cheaper than healthy ones', 'Supportive food environment'), ('Control', 'Mental well-being'), ('Atherosclerosis', 'Coronary heart diseases'), ('Socio-economic status', 'Physical well-being'), ('Ability to engage in physical activity', 'Physical activity'), ('Public health messaging around thinness', 'Weight bias'), ('Public support and demand for healthy products', 'Availability of healthy foods'), ('Release of adipokines', 'Atherosclerosis'), ('Consumer demand for regulations', 'Marketing of unhealthy foods'), ('Resilience', 'Mental well-being'), ('Blood mono-unsaturated fatty acid level', 'Secretion of inflammatory molecules by adipose cells'), ('Medical perspective that thin is good', 'Public health messaging around thinness'), ('Mental well-being', 'Medications'), ('Sexual difficulties', 'Mental well-being'), ('Insulin resistance', 'Fatty acids in the artery walls'), ('Insulin resistance', 'Cells intake of fatty acids'), ('Sidewalk prevalence and maintenance', 'Utilitarian physical activity '), ('Adipose storage of fatty acids', 'Inflammation'), ('Socio-economic status', 'Exercise'), ('Thoracic and abdominal obesity', 'Airway resistance'), ('Healthy eating', 'Short sleep duration'), ('Perceived environmental safety', 'Physical well-being'), ('Weight bias', 'Depression'), ('Emotional eating', 'Mental well-being'), ('Late night TV watching', 'Healthy eating'), ('Control', 'Stress'), ('Aesthetics', 'Physical well-being'), ('Economic incentives to produce unhealthy food products', 'Cost of unhealthy foods'), ('Supportive food environment', 'Healthy eating'), ('Appetite', 'Physical well-being'), ('Thoracic and abdominal obesity', 'Respiratory muscle fatigue'), ('Cardiovascular diseases', 'Fear of engaging in physical activity'), ('Socio-economic status', 'Mental well-being'), ('Unhealthy weight control practices', 'Obesity'), ('Exercise', 'Blood pressure'), ('Sodium retention', 'Blood pressure'), ('Short sleep duration', 'Pro-inflammatory cytokines'), ('Medications', 'Obesity'), ('Short sleep duration', 'Appetite'), ('Balance', 'Ability to engage in physical activity'), ('Short sleep duration', 'Cortisol'), ('Airway resistance', 'Asthma'), ('Short sleep duration', 'Blood pressure'), ('Medical perspective that thin is good', 'Cultural norms around thinness'), ('Healthy eating', 'Blood glucose level'), ('Mental well-being', 'Anticonvulsants'), ('Fatty acids in the artery walls', 'Atherosclerosis'), ('Dyslipidemia', 'Insulin resistance'), ('Blood glucose level', 'Fatty acids in the artery walls'), ('Respiratory diseases', 'Ability to engage in physical activity'), ('Blood saturated fatty acid level', 'Secretion of inflammatory molecules by adipose cells'), ('Dysfunctional adipose tissue', 'Inflammation'), ('Weight bias', 'Mental well-being'), ('Coordination', 'Ability to engage in physical activity'), ('Cultural norms around thinness', 'Cultural norms around thinness'), ('Cultural norms around thinness', 'Poor body image'), ('Obesity', 'Short sleep duration'), ('Inflammation', 'Asthma'), ('Healthy eating', 'Sodium intake'), ('Cultural norms around thinness', 'Eating disorders'), ('Poor body image', 'Sexual difficulties'), ('Fear of engaging in physical activity', 'Physical activity'), ('Short sleep duration', 'Healthy eating'), ('Coronary heart diseases', 'Dyspnea'), ('Stress', 'Inflammation'), ('Weight bias', 'Stress'), ('Unhealthy weight control practices', 'Eating disorders'), ('Tiredness', 'Ability to engage in physical activity'), ('Short sleep duration', 'Heart rate'), ('Prevalence of bike trails', 'Quality of the sport infrastructure'), ('Exercise', 'Blood fatty acid level'), ('Mental well-being', 'Emotional eating'), ('Poor body image', 'Poor body image'), ('Blood fatty acid level', 'Blood glucose level'), ('Cardiovascular diseases', 'Depression'), ('Pro-inflammatory cytokines', 'Inflammation'), ('Prevalence of green fields', 'Quality of the sport infrastructure'), ('Mental well-being', 'Antipsychotics'), ('Socio-economic status', 'Control'), ('Weight bias', 'Poor body image'), ('Positive experience of sports', 'Recreational physical activity'), ('Public support and demand for healthy products', 'Cost of healthy foods'), ('Socio-economic status', 'Availability of healthy foods'), ('Cardiovascular diseases', 'Physical well-being'), ('Respiratory muscle fatigue', 'Dyspnea'), ('Heart rate', 'Coronary heart diseases'), ('Pressure to be thin', 'Poor body image'), ('Medications', 'Coordination'), ('Beta blockers', 'Ability to engage in physical activity'), ('Antipsychotics', 'Appetite'), ('Sodium intake', 'Blood pressure'), ('Pressure to be thin', 'Unhealthy weight control practices'), ('Airway resistance', 'Asthma-like symptoms'), ('Depression', 'Stress'), ('Medications', 'Concentration'), ('Public support and demand for healthy products', 'Marketing of unhealthy foods'), ('Poor body image', 'Eating disorders'), ('Emotional eating', 'Healthy eating'), ('Obesity', 'Access to health professionals'), ('Obesity', 'Mental well-being'), ('Unhealthy foods are more available than healthy ones', 'Supportive food environment'), ('Healthy eating', 'Blood saturated fatty acid level'), ('Presence of a vibrant community', 'Resilience'), ('Cells intake of fatty acids', 'Adipose storage of fatty acids'), ('Physical activity', 'Physical well-being'), ('Appetite', 'Healthy eating'), ('Aesthetics', 'Stress'), ('Chronic conditions', 'Mental well-being'), ('Weight bias', 'Positive experience of sports'), ('Healthy eating', 'Dyslipidemia'), ('Quality of the sport infrastructure', 'Recreational physical activity'), ('Physical pain', 'Ability to engage in physical activity'), ('Prevalence of green fields', 'Aesthetics'), ('Concentration', 'Ability to engage in physical activity'), ('Aesthetics', 'Mental well-being'), ('Poor body image', 'Depression'), ('Chronic conditions', 'Physical well-being'), ('Obesity', 'Release of adipokines'), ('Blood glucose level', 'Sodium retention'), ('Restrictive covenants', 'Availability of healthy foods'), ('Musculoskeletal pain', 'Mental well-being'), ('Weight bias', 'Unhealthy weight control practices'), ('Physical activity', 'Mental well-being'), ('Access to health professionals', 'Ability to engage in physical activity'), ('Stimulants', 'Short sleep duration'), ('Culture of eating that promotes healthy choices', 'Healthy eating'), ('Culture of eating that promotes healthy choices', 'Mental well-being'), ('Weight bias', 'Exercise'), ('Obesity', 'Dysfunctional adipose tissue'), ('Medications', 'Tiredness'), ('Inflammation', 'Insulin resistance'), ('Anticonvulsants', 'Appetite'), ('Inflammation', 'Auto-inflammatory diseases'), ('Accessibility to shops', 'Utilitarian physical activity '), ('Blood fatty acid level', 'Adipose storage of fatty acids'), ('Perceived environmental safety', 'Physical activity'), ('Short sleep duration', 'Physical well-being'), ('Cultural norms around thinness', 'Pressure to be thin'), ('Weight bias', 'Access to health professionals'), ('Public health messaging around thinness', 'Pressure to be thin'), ('Dysfunctional adipose tissue', 'Blood pressure'), ('Dysfunctional adipose tissue', 'Dyslipidemia'), ('Aesthetics', 'Utilitarian physical activity '), ('Obesity', 'Unhealthy weight control practices'), ('Obesity', 'Asthma-like symptoms'), ('Marketing ratio of unhealthy to healthy foods', 'Supportive food environment'), ('Dyslipidemia', 'Atherosclerosis'), ('Physical well-being', 'Mental well-being'), ('Public support and demand for healthy products', 'Cost of unhealthy foods'), ('Musculoskeletal pain', 'Physical well-being'), ('Coronary heart diseases', 'Exercise')]"
2,"[('Weight bias', 'Dysfunctional adipose tissue'), ('Stress', 'Inflammation'), ('Pressure to be thin', 'Physical pain'), ('Poor body image', 'Unhealthy weight control practices'), ('Physical well-being', 'Ability to engage in physical activity'), ('Mental well-being', 'Ability to engage in physical activity'), ('Cultural norms around thinness', 'Pro-inflammatory cytokines'), ('Depression', 'Inflammation')]",1,1,1,-1,1,"[('Culture of eating that promotes healthy choices', 'Physical well-being'), ('Weight bias', 'Socio-economic status'), ('Mental well-being', 'Physical well-being'), ('Socio-economic status', 'Stress'), ('Control', 'Mental well-being'), ('Socio-economic status', 'Physical well-being'), ('Public health messaging around thinness', 'Weight bias'), ('Resilience', 'Mental well-being'), ('Medical perspective that thin is good', 'Public health messaging around thinness'), ('Weight bias', 'Depression'), ('Control', 'Stress'), ('Socio-economic status', 'Mental well-being'), ('Medical perspective that thin is good', 'Cultural norms around thinness'), ('Weight bias', 'Mental well-being'), ('Cultural norms around thinness', 'Cultural norms around thinness'), ('Cultural norms around thinness', 'Poor body image'), ('Weight bias', 'Stress'), ('Poor body image', 'Poor body image'), ('Socio-economic status', 'Control'), ('Weight bias', 'Poor body image'), ('Pressure to be thin', 'Poor body image'), ('Depression', 'Stress'), ('Poor body image', 'Depression'), ('Culture of eating that promotes healthy choices', 'Mental well-being'), ('Cultural norms around thinness', 'Pressure to be thin'), ('Public health messaging around thinness', 'Pressure to be thin'), ('Physical well-being', 'Mental well-being')]","[('Medications', 'Balance'), ('Secretion of inflammatory molecules by adipose cells', 'Insulin resistance'), ('Obesity', 'Obstructive sleep apnea'), ('Dyslipidemia', 'Blood pressure'), ('Obesity', 'Gastro-esophageal reflux disease'), ('Auto-inflammatory diseases', 'Inflammation'), ('Atherosclerosis', 'Coronary heart diseases'), ('Release of adipokines', 'Atherosclerosis'), ('Blood mono-unsaturated fatty acid level', 'Secretion of inflammatory molecules by adipose cells'), ('Insulin resistance', 'Fatty acids in the artery walls'), ('Insulin resistance', 'Cells intake of fatty acids'), ('Adipose storage of fatty acids', 'Inflammation'), ('Thoracic and abdominal obesity', 'Airway resistance'), ('Thoracic and abdominal obesity', 'Respiratory muscle fatigue'), ('Unhealthy weight control practices', 'Obesity'), ('Sodium retention', 'Blood pressure'), ('Short sleep duration', 'Pro-inflammatory cytokines'), ('Medications', 'Obesity'), ('Balance', 'Ability to engage in physical activity'), ('Short sleep duration', 'Cortisol'), ('Airway resistance', 'Asthma'), ('Short sleep duration', 'Blood pressure'), ('Fatty acids in the artery walls', 'Atherosclerosis'), ('Dyslipidemia', 'Insulin resistance'), ('Blood glucose level', 'Fatty acids in the artery walls'), ('Respiratory diseases', 'Ability to engage in physical activity'), ('Blood saturated fatty acid level', 'Secretion of inflammatory molecules by adipose cells'), ('Dysfunctional adipose tissue', 'Inflammation'), ('Coordination', 'Ability to engage in physical activity'), ('Obesity', 'Short sleep duration'), ('Inflammation', 'Asthma'), ('Coronary heart diseases', 'Dyspnea'), ('Tiredness', 'Ability to engage in physical activity'), ('Short sleep duration', 'Heart rate'), ('Blood fatty acid level', 'Blood glucose level'), ('Pro-inflammatory cytokines', 'Inflammation'), ('Respiratory muscle fatigue', 'Dyspnea'), ('Heart rate', 'Coronary heart diseases'), ('Medications', 'Coordination'), ('Beta blockers', 'Ability to engage in physical activity'), ('Sodium intake', 'Blood pressure'), ('Airway resistance', 'Asthma-like symptoms'), ('Medications', 'Concentration'), ('Cells intake of fatty acids', 'Adipose storage of fatty acids'), ('Physical pain', 'Ability to engage in physical activity'), ('Concentration', 'Ability to engage in physical activity'), ('Obesity', 'Release of adipokines'), ('Blood glucose level', 'Sodium retention'), ('Stimulants', 'Short sleep duration'), ('Obesity', 'Dysfunctional adipose tissue'), ('Medications', 'Tiredness'), ('Inflammation', 'Insulin resistance'), ('Inflammation', 'Auto-inflammatory diseases'), ('Blood fatty acid level', 'Adipose storage of fatty acids'), ('Dysfunctional adipose tissue', 'Blood pressure'), ('Dysfunctional adipose tissue', 'Dyslipidemia'), ('Obesity', 'Unhealthy weight control practices'), ('Obesity', 'Asthma-like symptoms'), ('Dyslipidemia', 'Atherosclerosis')]","[('Prevalence of walking trails', 'Quality of the sport infrastructure'), ('Medications', 'Balance'), ('Culture of eating that promotes healthy choices', 'Physical well-being'), ('Secretion of inflammatory molecules by adipose cells', 'Insulin resistance'), ('Presence of a vibrant community', 'Control'), ('Obesity', 'Weight bias'), ('Healthy eating', 'Blood mono-unsaturated fatty acid level'), ('Exercise', 'Heart rate'), ('Available time', 'Recreational physical activity'), ('Chronic conditions', 'Depression'), ('Exercise', 'Insulin resistance'), ('Weight bias', 'Socio-economic status'), ('Mental well-being', 'Physical well-being'), ('Obesity', 'Obstructive sleep apnea'), ('Eating disorders', 'Healthy eating'), ('Consumer demand for regulations', 'Marketing of healthy foods'), ('Dyslipidemia', 'Blood pressure'), ('Obesity', 'Gastro-esophageal reflux disease'), ('Perceived environmental safety', 'Mental well-being'), ('Late night TV watching', 'Short sleep duration'), ('Auto-inflammatory diseases', 'Inflammation'), ('Depression', 'Healthy eating'), ('Socio-economic status', 'Stress'), ('Exercise', 'Blood glucose level'), ('Public support and demand for healthy products', 'Marketing of healthy foods'), ('Unhealthy foods are cheaper than healthy ones', 'Supportive food environment'), ('Control', 'Mental well-being'), ('Atherosclerosis', 'Coronary heart diseases'), ('Socio-economic status', 'Physical well-being'), ('Ability to engage in physical activity', 'Physical activity'), ('Public health messaging around thinness', 'Weight bias'), ('Public support and demand for healthy products', 'Availability of healthy foods'), ('Release of adipokines', 'Atherosclerosis'), ('Consumer demand for regulations', 'Marketing of unhealthy foods'), ('Resilience', 'Mental well-being'), ('Blood mono-unsaturated fatty acid level', 'Secretion of inflammatory molecules by adipose cells'), ('Medical perspective that thin is good', 'Public health messaging around thinness'), ('Mental well-being', 'Medications'), ('Sexual difficulties', 'Mental well-being'), ('Insulin resistance', 'Fatty acids in the artery walls'), ('Insulin resistance', 'Cells intake of fatty acids'), ('Sidewalk prevalence and maintenance', 'Utilitarian physical activity '), ('Adipose storage of fatty acids', 'Inflammation'), ('Socio-economic status', 'Exercise'), ('Thoracic and abdominal obesity', 'Airway resistance'), ('Healthy eating', 'Short sleep duration'), ('Perceived environmental safety', 'Physical well-being'), ('Weight bias', 'Depression'), ('Emotional eating', 'Mental well-being'), ('Late night TV watching', 'Healthy eating'), ('Control', 'Stress'), ('Aesthetics', 'Physical well-being'), ('Economic incentives to produce unhealthy food products', 'Cost of unhealthy foods'), ('Supportive food environment', 'Healthy eating'), ('Appetite', 'Physical well-being'), ('Thoracic and abdominal obesity', 'Respiratory muscle fatigue'), ('Cardiovascular diseases', 'Fear of engaging in physical activity'), ('Socio-economic status', 'Mental well-being'), ('Unhealthy weight control practices', 'Obesity'), ('Exercise', 'Blood pressure'), ('Sodium retention', 'Blood pressure'), ('Short sleep duration', 'Pro-inflammatory cytokines'), ('Medications', 'Obesity'), ('Short sleep duration', 'Appetite'), ('Balance', 'Ability to engage in physical activity'), ('Short sleep duration', 'Cortisol'), ('Airway resistance', 'Asthma'), ('Short sleep duration', 'Blood pressure'), ('Medical perspective that thin is good', 'Cultural norms around thinness'), ('Healthy eating', 'Blood glucose level'), ('Mental well-being', 'Anticonvulsants'), ('Fatty acids in the artery walls', 'Atherosclerosis'), ('Dyslipidemia', 'Insulin resistance'), ('Blood glucose level', 'Fatty acids in the artery walls'), ('Respiratory diseases', 'Ability to engage in physical activity'), ('Blood saturated fatty acid level', 'Secretion of inflammatory molecules by adipose cells'), ('Dysfunctional adipose tissue', 'Inflammation'), ('Weight bias', 'Mental well-being'), ('Coordination', 'Ability to engage in physical activity'), ('Cultural norms around thinness', 'Cultural norms around thinness'), ('Cultural norms around thinness', 'Poor body image'), ('Obesity', 'Short sleep duration'), ('Inflammation', 'Asthma'), ('Healthy eating', 'Sodium intake'), ('Cultural norms around thinness', 'Eating disorders'), ('Poor body image', 'Sexual difficulties'), ('Fear of engaging in physical activity', 'Physical activity'), ('Short sleep duration', 'Healthy eating'), ('Coronary heart diseases', 'Dyspnea'), ('Stress', 'Inflammation'), ('Weight bias', 'Stress'), ('Unhealthy weight control practices', 'Eating disorders'), ('Tiredness', 'Ability to engage in physical activity'), ('Short sleep duration', 'Heart rate'), ('Prevalence of bike trails', 'Quality of the sport infrastructure'), ('Exercise', 'Blood fatty acid level'), ('Mental well-being', 'Emotional eating'), ('Poor body image', 'Poor body image'), ('Blood fatty acid level', 'Blood glucose level'), ('Cardiovascular diseases', 'Depression'), ('Pro-inflammatory cytokines', 'Inflammation'), ('Prevalence of green fields', 'Quality of the sport infrastructure'), ('Mental well-being', 'Antipsychotics'), ('Socio-economic status', 'Control'), ('Weight bias', 'Poor body image'), ('Positive experience of sports', 'Recreational physical activity'), ('Public support and demand for healthy products', 'Cost of healthy foods'), ('Socio-economic status', 'Availability of healthy foods'), ('Cardiovascular diseases', 'Physical well-being'), ('Respiratory muscle fatigue', 'Dyspnea'), ('Heart rate', 'Coronary heart diseases'), ('Pressure to be thin', 'Poor body image'), ('Medications', 'Coordination'), ('Beta blockers', 'Ability to engage in physical activity'), ('Antipsychotics', 'Appetite'), ('Sodium intake', 'Blood pressure'), ('Pressure to be thin', 'Unhealthy weight control practices'), ('Airway resistance', 'Asthma-like symptoms'), ('Depression', 'Stress'), ('Medications', 'Concentration'), ('Public support and demand for healthy products', 'Marketing of unhealthy foods'), ('Poor body image', 'Eating disorders'), ('Emotional eating', 'Healthy eating'), ('Obesity', 'Access to health professionals'), ('Obesity', 'Mental well-being'), ('Unhealthy foods are more available than healthy ones', 'Supportive food environment'), ('Healthy eating', 'Blood saturated fatty acid level'), ('Presence of a vibrant community', 'Resilience'), ('Cells intake of fatty acids', 'Adipose storage of fatty acids'), ('Physical activity', 'Physical well-being'), ('Appetite', 'Healthy eating'), ('Aesthetics', 'Stress'), ('Chronic conditions', 'Mental well-being'), ('Weight bias', 'Positive experience of sports'), ('Healthy eating', 'Dyslipidemia'), ('Quality of the sport infrastructure', 'Recreational physical activity'), ('Physical pain', 'Ability to engage in physical activity'), ('Prevalence of green fields', 'Aesthetics'), ('Concentration', 'Ability to engage in physical activity'), ('Aesthetics', 'Mental well-being'), ('Poor body image', 'Depression'), ('Chronic conditions', 'Physical well-being'), ('Obesity', 'Release of adipokines'), ('Blood glucose level', 'Sodium retention'), ('Restrictive covenants', 'Availability of healthy foods'), ('Musculoskeletal pain', 'Mental well-being'), ('Weight bias', 'Unhealthy weight control practices'), ('Physical activity', 'Mental well-being'), ('Access to health professionals', 'Ability to engage in physical activity'), ('Stimulants', 'Short sleep duration'), ('Culture of eating that promotes healthy choices', 'Healthy eating'), ('Culture of eating that promotes healthy choices', 'Mental well-being'), ('Weight bias', 'Exercise'), ('Obesity', 'Dysfunctional adipose tissue'), ('Medications', 'Tiredness'), ('Inflammation', 'Insulin resistance'), ('Anticonvulsants', 'Appetite'), ('Inflammation', 'Auto-inflammatory diseases'), ('Accessibility to shops', 'Utilitarian physical activity '), ('Blood fatty acid level', 'Adipose storage of fatty acids'), ('Perceived environmental safety', 'Physical activity'), ('Short sleep duration', 'Physical well-being'), ('Cultural norms around thinness', 'Pressure to be thin'), ('Weight bias', 'Access to health professionals'), ('Public health messaging around thinness', 'Pressure to be thin'), ('Dysfunctional adipose tissue', 'Blood pressure'), ('Dysfunctional adipose tissue', 'Dyslipidemia'), ('Aesthetics', 'Utilitarian physical activity '), ('Obesity', 'Unhealthy weight control practices'), ('Obesity', 'Asthma-like symptoms'), ('Marketing ratio of unhealthy to healthy foods', 'Supportive food environment'), ('Dyslipidemia', 'Atherosclerosis'), ('Physical well-being', 'Mental well-being'), ('Public support and demand for healthy products', 'Cost of unhealthy foods'), ('Musculoskeletal pain', 'Physical well-being'), ('Coronary heart diseases', 'Exercise')]"
3,"[('Weight bias', 'Dysfunctional adipose tissue'), ('Stress', 'Inflammation'), ('Pressure to be thin', 'Physical pain'), ('Poor body image', 'Unhealthy weight control practices'), ('Physical well-being', 'Ability to engage in physical activity'), ('Mental well-being', 'Ability to engage in physical activity'), ('Cultural norms around thinness', 'Pro-inflammatory cytokines'), ('Depression', 'Inflammation')]",1,1,1,-1,1,"[('Culture of eating that promotes healthy choices', 'Physical well-being'), ('Weight bias', 'Socio-economic status'), ('Mental well-being', 'Physical well-being'), ('Socio-economic status', 'Stress'), ('Control', 'Mental well-being'), ('Socio-economic status', 'Physical well-being'), ('Public health messaging around thinness', 'Weight bias'), ('Resilience', 'Mental well-being'), ('Medical perspective that thin is good', 'Public health messaging around thinness'), ('Weight bias', 'Depression'), ('Control', 'Stress'), ('Socio-economic status', 'Mental well-being'), ('Medical perspective that thin is good', 'Cultural norms around thinness'), ('Weight bias', 'Mental well-being'), ('Cultural norms around thinness', 'Cultural norms around thinness'), ('Cultural norms around thinness', 'Poor body image'), ('Weight bias', 'Stress'), ('Poor body image', 'Poor body image'), ('Socio-economic status', 'Control'), ('Weight bias', 'Poor body image'), ('Pressure to be thin', 'Poor body image'), ('Depression', 'Stress'), ('Poor body image', 'Depression'), ('Culture of eating that promotes healthy choices', 'Mental well-being'), ('Cultural norms around thinness', 'Pressure to be thin'), ('Public health messaging around thinness', 'Pressure to be thin'), ('Physical well-being', 'Mental well-being')]","[('Medications', 'Balance'), ('Secretion of inflammatory molecules by adipose cells', 'Insulin resistance'), ('Obesity', 'Obstructive sleep apnea'), ('Dyslipidemia', 'Blood pressure'), ('Obesity', 'Gastro-esophageal reflux disease'), ('Auto-inflammatory diseases', 'Inflammation'), ('Atherosclerosis', 'Coronary heart diseases'), ('Release of adipokines', 'Atherosclerosis'), ('Blood mono-unsaturated fatty acid level', 'Secretion of inflammatory molecules by adipose cells'), ('Insulin resistance', 'Fatty acids in the artery walls'), ('Insulin resistance', 'Cells intake of fatty acids'), ('Adipose storage of fatty acids', 'Inflammation'), ('Thoracic and abdominal obesity', 'Airway resistance'), ('Thoracic and abdominal obesity', 'Respiratory muscle fatigue'), ('Unhealthy weight control practices', 'Obesity'), ('Sodium retention', 'Blood pressure'), ('Short sleep duration', 'Pro-inflammatory cytokines'), ('Medications', 'Obesity'), ('Balance', 'Ability to engage in physical activity'), ('Short sleep duration', 'Cortisol'), ('Airway resistance', 'Asthma'), ('Short sleep duration', 'Blood pressure'), ('Fatty acids in the artery walls', 'Atherosclerosis'), ('Dyslipidemia', 'Insulin resistance'), ('Blood glucose level', 'Fatty acids in the artery walls'), ('Respiratory diseases', 'Ability to engage in physical activity'), ('Blood saturated fatty acid level', 'Secretion of inflammatory molecules by adipose cells'), ('Dysfunctional adipose tissue', 'Inflammation'), ('Coordination', 'Ability to engage in physical activity'), ('Obesity', 'Short sleep duration'), ('Inflammation', 'Asthma'), ('Coronary heart diseases', 'Dyspnea'), ('Tiredness', 'Ability to engage in physical activity'), ('Short sleep duration', 'Heart rate'), ('Blood fatty acid level', 'Blood glucose level'), ('Pro-inflammatory cytokines', 'Inflammation'), ('Respiratory muscle fatigue', 'Dyspnea'), ('Heart rate', 'Coronary heart diseases'), ('Medications', 'Coordination'), ('Beta blockers', 'Ability to engage in physical activity'), ('Sodium intake', 'Blood pressure'), ('Airway resistance', 'Asthma-like symptoms'), ('Medications', 'Concentration'), ('Cells intake of fatty acids', 'Adipose storage of fatty acids'), ('Physical pain', 'Ability to engage in physical activity'), ('Concentration', 'Ability to engage in physical activity'), ('Obesity', 'Release of adipokines'), ('Blood glucose level', 'Sodium retention'), ('Stimulants', 'Short sleep duration'), ('Obesity', 'Dysfunctional adipose tissue'), ('Medications', 'Tiredness'), ('Inflammation', 'Insulin resistance'), ('Inflammation', 'Auto-inflammatory diseases'), ('Blood fatty acid level', 'Adipose storage of fatty acids'), ('Dysfunctional adipose tissue', 'Blood pressure'), ('Dysfunctional adipose tissue', 'Dyslipidemia'), ('Obesity', 'Unhealthy weight control practices'), ('Obesity', 'Asthma-like symptoms'), ('Dyslipidemia', 'Atherosclerosis')]","[('Prevalence of walking trails', 'Quality of the sport infrastructure'), ('Medications', 'Balance'), ('Culture of eating that promotes healthy choices', 'Physical well-being'), ('Secretion of inflammatory molecules by adipose cells', 'Insulin resistance'), ('Presence of a vibrant community', 'Control'), ('Obesity', 'Weight bias'), ('Healthy eating', 'Blood mono-unsaturated fatty acid level'), ('Exercise', 'Heart rate'), ('Available time', 'Recreational physical activity'), ('Chronic conditions', 'Depression'), ('Exercise', 'Insulin resistance'), ('Weight bias', 'Socio-economic status'), ('Mental well-being', 'Physical well-being'), ('Obesity', 'Obstructive sleep apnea'), ('Eating disorders', 'Healthy eating'), ('Consumer demand for regulations', 'Marketing of healthy foods'), ('Dyslipidemia', 'Blood pressure'), ('Obesity', 'Gastro-esophageal reflux disease'), ('Perceived environmental safety', 'Mental well-being'), ('Late night TV watching', 'Short sleep duration'), ('Auto-inflammatory diseases', 'Inflammation'), ('Depression', 'Healthy eating'), ('Socio-economic status', 'Stress'), ('Exercise', 'Blood glucose level'), ('Public support and demand for healthy products', 'Marketing of healthy foods'), ('Unhealthy foods are cheaper than healthy ones', 'Supportive food environment'), ('Control', 'Mental well-being'), ('Atherosclerosis', 'Coronary heart diseases'), ('Socio-economic status', 'Physical well-being'), ('Ability to engage in physical activity', 'Physical activity'), ('Public health messaging around thinness', 'Weight bias'), ('Public support and demand for healthy products', 'Availability of healthy foods'), ('Release of adipokines', 'Atherosclerosis'), ('Consumer demand for regulations', 'Marketing of unhealthy foods'), ('Resilience', 'Mental well-being'), ('Blood mono-unsaturated fatty acid level', 'Secretion of inflammatory molecules by adipose cells'), ('Medical perspective that thin is good', 'Public health messaging around thinness'), ('Mental well-being', 'Medications'), ('Sexual difficulties', 'Mental well-being'), ('Insulin resistance', 'Fatty acids in the artery walls'), ('Insulin resistance', 'Cells intake of fatty acids'), ('Sidewalk prevalence and maintenance', 'Utilitarian physical activity '), ('Adipose storage of fatty acids', 'Inflammation'), ('Socio-economic status', 'Exercise'), ('Thoracic and abdominal obesity', 'Airway resistance'), ('Healthy eating', 'Short sleep duration'), ('Perceived environmental safety', 'Physical well-being'), ('Weight bias', 'Depression'), ('Emotional eating', 'Mental well-being'), ('Late night TV watching', 'Healthy eating'), ('Control', 'Stress'), ('Aesthetics', 'Physical well-being'), ('Economic incentives to produce unhealthy food products', 'Cost of unhealthy foods'), ('Supportive food environment', 'Healthy eating'), ('Appetite', 'Physical well-being'), ('Thoracic and abdominal obesity', 'Respiratory muscle fatigue'), ('Cardiovascular diseases', 'Fear of engaging in physical activity'), ('Socio-economic status', 'Mental well-being'), ('Unhealthy weight control practices', 'Obesity'), ('Exercise', 'Blood pressure'), ('Sodium retention', 'Blood pressure'), ('Short sleep duration', 'Pro-inflammatory cytokines'), ('Medications', 'Obesity'), ('Short sleep duration', 'Appetite'), ('Balance', 'Ability to engage in physical activity'), ('Short sleep duration', 'Cortisol'), ('Airway resistance', 'Asthma'), ('Short sleep duration', 'Blood pressure'), ('Medical perspective that thin is good', 'Cultural norms around thinness'), ('Healthy eating', 'Blood glucose level'), ('Mental well-being', 'Anticonvulsants'), ('Fatty acids in the artery walls', 'Atherosclerosis'), ('Dyslipidemia', 'Insulin resistance'), ('Blood glucose level', 'Fatty acids in the artery walls'), ('Respiratory diseases', 'Ability to engage in physical activity'), ('Blood saturated fatty acid level', 'Secretion of inflammatory molecules by adipose cells'), ('Dysfunctional adipose tissue', 'Inflammation'), ('Weight bias', 'Mental well-being'), ('Coordination', 'Ability to engage in physical activity'), ('Cultural norms around thinness', 'Cultural norms around thinness'), ('Cultural norms around thinness', 'Poor body image'), ('Obesity', 'Short sleep duration'), ('Inflammation', 'Asthma'), ('Healthy eating', 'Sodium intake'), ('Cultural norms around thinness', 'Eating disorders'), ('Poor body image', 'Sexual difficulties'), ('Fear of engaging in physical activity', 'Physical activity'), ('Short sleep duration', 'Healthy eating'), ('Coronary heart diseases', 'Dyspnea'), ('Stress', 'Inflammation'), ('Weight bias', 'Stress'), ('Unhealthy weight control practices', 'Eating disorders'), ('Tiredness', 'Ability to engage in physical activity'), ('Short sleep duration', 'Heart rate'), ('Prevalence of bike trails', 'Quality of the sport infrastructure'), ('Exercise', 'Blood fatty acid level'), ('Mental well-being', 'Emotional eating'), ('Poor body image', 'Poor body image'), ('Blood fatty acid level', 'Blood glucose level'), ('Cardiovascular diseases', 'Depression'), ('Pro-inflammatory cytokines', 'Inflammation'), ('Prevalence of green fields', 'Quality of the sport infrastructure'), ('Mental well-being', 'Antipsychotics'), ('Socio-economic status', 'Control'), ('Weight bias', 'Poor body image'), ('Positive experience of sports', 'Recreational physical activity'), ('Public support and demand for healthy products', 'Cost of healthy foods'), ('Socio-economic status', 'Availability of healthy foods'), ('Cardiovascular diseases', 'Physical well-being'), ('Respiratory muscle fatigue', 'Dyspnea'), ('Heart rate', 'Coronary heart diseases'), ('Pressure to be thin', 'Poor body image'), ('Medications', 'Coordination'), ('Beta blockers', 'Ability to engage in physical activity'), ('Antipsychotics', 'Appetite'), ('Sodium intake', 'Blood pressure'), ('Pressure to be thin', 'Unhealthy weight control practices'), ('Airway resistance', 'Asthma-like symptoms'), ('Depression', 'Stress'), ('Medications', 'Concentration'), ('Public support and demand for healthy products', 'Marketing of unhealthy foods'), ('Poor body image', 'Eating disorders'), ('Emotional eating', 'Healthy eating'), ('Obesity', 'Access to health professionals'), ('Obesity', 'Mental well-being'), ('Unhealthy foods are more available than healthy ones', 'Supportive food environment'), ('Healthy eating', 'Blood saturated fatty acid level'), ('Presence of a vibrant community', 'Resilience'), ('Cells intake of fatty acids', 'Adipose storage of fatty acids'), ('Physical activity', 'Physical well-being'), ('Appetite', 'Healthy eating'), ('Aesthetics', 'Stress'), ('Chronic conditions', 'Mental well-being'), ('Weight bias', 'Positive experience of sports'), ('Healthy eating', 'Dyslipidemia'), ('Quality of the sport infrastructure', 'Recreational physical activity'), ('Physical pain', 'Ability to engage in physical activity'), ('Prevalence of green fields', 'Aesthetics'), ('Concentration', 'Ability to engage in physical activity'), ('Aesthetics', 'Mental well-being'), ('Poor body image', 'Depression'), ('Chronic conditions', 'Physical well-being'), ('Obesity', 'Release of adipokines'), ('Blood glucose level', 'Sodium retention'), ('Restrictive covenants', 'Availability of healthy foods'), ('Musculoskeletal pain', 'Mental well-being'), ('Weight bias', 'Unhealthy weight control practices'), ('Physical activity', 'Mental well-being'), ('Access to health professionals', 'Ability to engage in physical activity'), ('Stimulants', 'Short sleep duration'), ('Culture of eating that promotes healthy choices', 'Healthy eating'), ('Culture of eating that promotes healthy choices', 'Mental well-being'), ('Weight bias', 'Exercise'), ('Obesity', 'Dysfunctional adipose tissue'), ('Medications', 'Tiredness'), ('Inflammation', 'Insulin resistance'), ('Anticonvulsants', 'Appetite'), ('Inflammation', 'Auto-inflammatory diseases'), ('Accessibility to shops', 'Utilitarian physical activity '), ('Blood fatty acid level', 'Adipose storage of fatty acids'), ('Perceived environmental safety', 'Physical activity'), ('Short sleep duration', 'Physical well-being'), ('Cultural norms around thinness', 'Pressure to be thin'), ('Weight bias', 'Access to health professionals'), ('Public health messaging around thinness', 'Pressure to be thin'), ('Dysfunctional adipose tissue', 'Blood pressure'), ('Dysfunctional adipose tissue', 'Dyslipidemia'), ('Aesthetics', 'Utilitarian physical activity '), ('Obesity', 'Unhealthy weight control practices'), ('Obesity', 'Asthma-like symptoms'), ('Marketing ratio of unhealthy to healthy foods', 'Supportive food environment'), ('Dyslipidemia', 'Atherosclerosis'), ('Physical well-being', 'Mental well-being'), ('Public support and demand for healthy products', 'Cost of unhealthy foods'), ('Musculoskeletal pain', 'Physical well-being'), ('Coronary heart diseases', 'Exercise')]"
4,"[('Weight bias', 'Dysfunctional adipose tissue'), ('Stress', 'Inflammation'), ('Pressure to be thin', 'Physical pain'), ('Poor body image', 'Unhealthy weight control practices'), ('Physical well-being', 'Ability to engage in physical activity'), ('Mental well-being', 'Ability to engage in physical activity'), ('Cultural norms around thinness', 'Pro-inflammatory cytokines'), ('Depression', 'Inflammation')]",1,1,1,-1,1,"[('Culture of eating that promotes healthy choices', 'Physical well-being'), ('Weight bias', 'Socio-economic status'), ('Mental well-being', 'Physical well-being'), ('Socio-economic status', 'Stress'), ('Control', 'Mental well-being'), ('Socio-economic status', 'Physical well-being'), ('Public health messaging around thinness', 'Weight bias'), ('Resilience', 'Mental well-being'), ('Medical perspective that thin is good', 'Public health messaging around thinness'), ('Weight bias', 'Depression'), ('Control', 'Stress'), ('Socio-economic status', 'Mental well-being'), ('Medical perspective that thin is good', 'Cultural norms around thinness'), ('Weight bias', 'Mental well-being'), ('Cultural norms around thinness', 'Cultural norms around thinness'), ('Cultural norms around thinness', 'Poor body image'), ('Weight bias', 'Stress'), ('Poor body image', 'Poor body image'), ('Socio-economic status', 'Control'), ('Weight bias', 'Poor body image'), ('Pressure to be thin', 'Poor body image'), ('Depression', 'Stress'), ('Poor body image', 'Depression'), ('Culture of eating that promotes healthy choices', 'Mental well-being'), ('Cultural norms around thinness', 'Pressure to be thin'), ('Public health messaging around thinness', 'Pressure to be thin'), ('Physical well-being', 'Mental well-being')]","[('Medications', 'Balance'), ('Secretion of inflammatory molecules by adipose cells', 'Insulin resistance'), ('Obesity', 'Obstructive sleep apnea'), ('Dyslipidemia', 'Blood pressure'), ('Obesity', 'Gastro-esophageal reflux disease'), ('Auto-inflammatory diseases', 'Inflammation'), ('Atherosclerosis', 'Coronary heart diseases'), ('Release of adipokines', 'Atherosclerosis'), ('Blood mono-unsaturated fatty acid level', 'Secretion of inflammatory molecules by adipose cells'), ('Insulin resistance', 'Fatty acids in the artery walls'), ('Insulin resistance', 'Cells intake of fatty acids'), ('Adipose storage of fatty acids', 'Inflammation'), ('Thoracic and abdominal obesity', 'Airway resistance'), ('Thoracic and abdominal obesity', 'Respiratory muscle fatigue'), ('Unhealthy weight control practices', 'Obesity'), ('Sodium retention', 'Blood pressure'), ('Short sleep duration', 'Pro-inflammatory cytokines'), ('Medications', 'Obesity'), ('Balance', 'Ability to engage in physical activity'), ('Short sleep duration', 'Cortisol'), ('Airway resistance', 'Asthma'), ('Short sleep duration', 'Blood pressure'), ('Fatty acids in the artery walls', 'Atherosclerosis'), ('Dyslipidemia', 'Insulin resistance'), ('Blood glucose level', 'Fatty acids in the artery walls'), ('Respiratory diseases', 'Ability to engage in physical activity'), ('Blood saturated fatty acid level', 'Secretion of inflammatory molecules by adipose cells'), ('Dysfunctional adipose tissue', 'Inflammation'), ('Coordination', 'Ability to engage in physical activity'), ('Obesity', 'Short sleep duration'), ('Inflammation', 'Asthma'), ('Coronary heart diseases', 'Dyspnea'), ('Tiredness', 'Ability to engage in physical activity'), ('Short sleep duration', 'Heart rate'), ('Blood fatty acid level', 'Blood glucose level'), ('Pro-inflammatory cytokines', 'Inflammation'), ('Respiratory muscle fatigue', 'Dyspnea'), ('Heart rate', 'Coronary heart diseases'), ('Medications', 'Coordination'), ('Beta blockers', 'Ability to engage in physical activity'), ('Sodium intake', 'Blood pressure'), ('Airway resistance', 'Asthma-like symptoms'), ('Medications', 'Concentration'), ('Cells intake of fatty acids', 'Adipose storage of fatty acids'), ('Physical pain', 'Ability to engage in physical activity'), ('Concentration', 'Ability to engage in physical activity'), ('Obesity', 'Release of adipokines'), ('Blood glucose level', 'Sodium retention'), ('Stimulants', 'Short sleep duration'), ('Obesity', 'Dysfunctional adipose tissue'), ('Medications', 'Tiredness'), ('Inflammation', 'Insulin resistance'), ('Inflammation', 'Auto-inflammatory diseases'), ('Blood fatty acid level', 'Adipose storage of fatty acids'), ('Dysfunctional adipose tissue', 'Blood pressure'), ('Dysfunctional adipose tissue', 'Dyslipidemia'), ('Obesity', 'Unhealthy weight control practices'), ('Obesity', 'Asthma-like symptoms'), ('Dyslipidemia', 'Atherosclerosis')]","[('Prevalence of walking trails', 'Quality of the sport infrastructure'), ('Medications', 'Balance'), ('Culture of eating that promotes healthy choices', 'Physical well-being'), ('Secretion of inflammatory molecules by adipose cells', 'Insulin resistance'), ('Presence of a vibrant community', 'Control'), ('Obesity', 'Weight bias'), ('Healthy eating', 'Blood mono-unsaturated fatty acid level'), ('Exercise', 'Heart rate'), ('Available time', 'Recreational physical activity'), ('Chronic conditions', 'Depression'), ('Exercise', 'Insulin resistance'), ('Weight bias', 'Socio-economic status'), ('Mental well-being', 'Physical well-being'), ('Obesity', 'Obstructive sleep apnea'), ('Eating disorders', 'Healthy eating'), ('Consumer demand for regulations', 'Marketing of healthy foods'), ('Dyslipidemia', 'Blood pressure'), ('Obesity', 'Gastro-esophageal reflux disease'), ('Perceived environmental safety', 'Mental well-being'), ('Late night TV watching', 'Short sleep duration'), ('Auto-inflammatory diseases', 'Inflammation'), ('Depression', 'Healthy eating'), ('Socio-economic status', 'Stress'), ('Exercise', 'Blood glucose level'), ('Public support and demand for healthy products', 'Marketing of healthy foods'), ('Unhealthy foods are cheaper than healthy ones', 'Supportive food environment'), ('Control', 'Mental well-being'), ('Atherosclerosis', 'Coronary heart diseases'), ('Socio-economic status', 'Physical well-being'), ('Ability to engage in physical activity', 'Physical activity'), ('Public health messaging around thinness', 'Weight bias'), ('Public support and demand for healthy products', 'Availability of healthy foods'), ('Release of adipokines', 'Atherosclerosis'), ('Consumer demand for regulations', 'Marketing of unhealthy foods'), ('Resilience', 'Mental well-being'), ('Blood mono-unsaturated fatty acid level', 'Secretion of inflammatory molecules by adipose cells'), ('Medical perspective that thin is good', 'Public health messaging around thinness'), ('Mental well-being', 'Medications'), ('Sexual difficulties', 'Mental well-being'), ('Insulin resistance', 'Fatty acids in the artery walls'), ('Insulin resistance', 'Cells intake of fatty acids'), ('Sidewalk prevalence and maintenance', 'Utilitarian physical activity '), ('Adipose storage of fatty acids', 'Inflammation'), ('Socio-economic status', 'Exercise'), ('Thoracic and abdominal obesity', 'Airway resistance'), ('Healthy eating', 'Short sleep duration'), ('Perceived environmental safety', 'Physical well-being'), ('Weight bias', 'Depression'), ('Emotional eating', 'Mental well-being'), ('Late night TV watching', 'Healthy eating'), ('Control', 'Stress'), ('Aesthetics', 'Physical well-being'), ('Economic incentives to produce unhealthy food products', 'Cost of unhealthy foods'), ('Supportive food environment', 'Healthy eating'), ('Appetite', 'Physical well-being'), ('Thoracic and abdominal obesity', 'Respiratory muscle fatigue'), ('Cardiovascular diseases', 'Fear of engaging in physical activity'), ('Socio-economic status', 'Mental well-being'), ('Unhealthy weight control practices', 'Obesity'), ('Exercise', 'Blood pressure'), ('Sodium retention', 'Blood pressure'), ('Short sleep duration', 'Pro-inflammatory cytokines'), ('Medications', 'Obesity'), ('Short sleep duration', 'Appetite'), ('Balance', 'Ability to engage in physical activity'), ('Short sleep duration', 'Cortisol'), ('Airway resistance', 'Asthma'), ('Short sleep duration', 'Blood pressure'), ('Medical perspective that thin is good', 'Cultural norms around thinness'), ('Healthy eating', 'Blood glucose level'), ('Mental well-being', 'Anticonvulsants'), ('Fatty acids in the artery walls', 'Atherosclerosis'), ('Dyslipidemia', 'Insulin resistance'), ('Blood glucose level', 'Fatty acids in the artery walls'), ('Respiratory diseases', 'Ability to engage in physical activity'), ('Blood saturated fatty acid level', 'Secretion of inflammatory molecules by adipose cells'), ('Dysfunctional adipose tissue', 'Inflammation'), ('Weight bias', 'Mental well-being'), ('Coordination', 'Ability to engage in physical activity'), ('Cultural norms around thinness', 'Cultural norms around thinness'), ('Cultural norms around thinness', 'Poor body image'), ('Obesity', 'Short sleep duration'), ('Inflammation', 'Asthma'), ('Healthy eating', 'Sodium intake'), ('Cultural norms around thinness', 'Eating disorders'), ('Poor body image', 'Sexual difficulties'), ('Fear of engaging in physical activity', 'Physical activity'), ('Short sleep duration', 'Healthy eating'), ('Coronary heart diseases', 'Dyspnea'), ('Stress', 'Inflammation'), ('Weight bias', 'Stress'), ('Unhealthy weight control practices', 'Eating disorders'), ('Tiredness', 'Ability to engage in physical activity'), ('Short sleep duration', 'Heart rate'), ('Prevalence of bike trails', 'Quality of the sport infrastructure'), ('Exercise', 'Blood fatty acid level'), ('Mental well-being', 'Emotional eating'), ('Poor body image', 'Poor body image'), ('Blood fatty acid level', 'Blood glucose level'), ('Cardiovascular diseases', 'Depression'), ('Pro-inflammatory cytokines', 'Inflammation'), ('Prevalence of green fields', 'Quality of the sport infrastructure'), ('Mental well-being', 'Antipsychotics'), ('Socio-economic status', 'Control'), ('Weight bias', 'Poor body image'), ('Positive experience of sports', 'Recreational physical activity'), ('Public support and demand for healthy products', 'Cost of healthy foods'), ('Socio-economic status', 'Availability of healthy foods'), ('Cardiovascular diseases', 'Physical well-being'), ('Respiratory muscle fatigue', 'Dyspnea'), ('Heart rate', 'Coronary heart diseases'), ('Pressure to be thin', 'Poor body image'), ('Medications', 'Coordination'), ('Beta blockers', 'Ability to engage in physical activity'), ('Antipsychotics', 'Appetite'), ('Sodium intake', 'Blood pressure'), ('Pressure to be thin', 'Unhealthy weight control practices'), ('Airway resistance', 'Asthma-like symptoms'), ('Depression', 'Stress'), ('Medications', 'Concentration'), ('Public support and demand for healthy products', 'Marketing of unhealthy foods'), ('Poor body image', 'Eating disorders'), ('Emotional eating', 'Healthy eating'), ('Obesity', 'Access to health professionals'), ('Obesity', 'Mental well-being'), ('Unhealthy foods are more available than healthy ones', 'Supportive food environment'), ('Healthy eating', 'Blood saturated fatty acid level'), ('Presence of a vibrant community', 'Resilience'), ('Cells intake of fatty acids', 'Adipose storage of fatty acids'), ('Physical activity', 'Physical well-being'), ('Appetite', 'Healthy eating'), ('Aesthetics', 'Stress'), ('Chronic conditions', 'Mental well-being'), ('Weight bias', 'Positive experience of sports'), ('Healthy eating', 'Dyslipidemia'), ('Quality of the sport infrastructure', 'Recreational physical activity'), ('Physical pain', 'Ability to engage in physical activity'), ('Prevalence of green fields', 'Aesthetics'), ('Concentration', 'Ability to engage in physical activity'), ('Aesthetics', 'Mental well-being'), ('Poor body image', 'Depression'), ('Chronic conditions', 'Physical well-being'), ('Obesity', 'Release of adipokines'), ('Blood glucose level', 'Sodium retention'), ('Restrictive covenants', 'Availability of healthy foods'), ('Musculoskeletal pain', 'Mental well-being'), ('Weight bias', 'Unhealthy weight control practices'), ('Physical activity', 'Mental well-being'), ('Access to health professionals', 'Ability to engage in physical activity'), ('Stimulants', 'Short sleep duration'), ('Culture of eating that promotes healthy choices', 'Healthy eating'), ('Culture of eating that promotes healthy choices', 'Mental well-being'), ('Weight bias', 'Exercise'), ('Obesity', 'Dysfunctional adipose tissue'), ('Medications', 'Tiredness'), ('Inflammation', 'Insulin resistance'), ('Anticonvulsants', 'Appetite'), ('Inflammation', 'Auto-inflammatory diseases'), ('Accessibility to shops', 'Utilitarian physical activity '), ('Blood fatty acid level', 'Adipose storage of fatty acids'), ('Perceived environmental safety', 'Physical activity'), ('Short sleep duration', 'Physical well-being'), ('Cultural norms around thinness', 'Pressure to be thin'), ('Weight bias', 'Access to health professionals'), ('Public health messaging around thinness', 'Pressure to be thin'), ('Dysfunctional adipose tissue', 'Blood pressure'), ('Dysfunctional adipose tissue', 'Dyslipidemia'), ('Aesthetics', 'Utilitarian physical activity '), ('Obesity', 'Unhealthy weight control practices'), ('Obesity', 'Asthma-like symptoms'), ('Marketing ratio of unhealthy to healthy foods', 'Supportive food environment'), ('Dyslipidemia', 'Atherosclerosis'), ('Physical well-being', 'Mental well-being'), ('Public support and demand for healthy products', 'Cost of unhealthy foods'), ('Musculoskeletal pain', 'Physical well-being'), ('Coronary heart diseases', 'Exercise')]"
0,"[('Control', 'Coordination'), ('Stress', 'Inflammation'), ('Depression', 'Pro-inflammatory cytokines'), ('Poor body image', 'Unhealthy weight control practices'), ('Resilience', 'Concentration'), ('Physical well-being', 'Ability to engage in physical activity'), ('Pressure to be thin', 'Physical pain'), ('Mental well-being', 'Balance'), ('Culture of eating that promotes healthy choices', 'Blood glucose level'), ('Cultural norms around thinness', 'Short sleep duration'), ('Weight bias', 'Blood pressure')]",1,1,1,1,-1,"[('Culture of eating that promotes healthy choices', 'Physical well-being'), ('Weight bias', 'Socio-economic status'), ('Mental well-being', 'Physical well-being'), ('Socio-economic status', 'Stress'), ('Control', 'Mental well-being'), ('Socio-economic status', 'Physical well-being'), ('Public health messaging around thinness', 'Weight bias'), ('Resilience', 'Mental well-being'), ('Medical perspective that thin is good', 'Public health messaging around thinness'), ('Weight bias', 'Depression'), ('Control', 'Stress'), ('Socio-economic status', 'Mental well-being'), ('Medical perspective that thin is good', 'Cultural norms around thinness'), ('Weight bias', 'Mental well-being'), ('Cultural norms around thinness', 'Cultural norms around thinness'), ('Cultural norms around thinness', 'Poor body image'), ('Weight bias', 'Stress'), ('Poor body image', 'Poor body image'), ('Socio-economic status', 'Control'), ('Weight bias', 'Poor body image'), ('Pressure to be thin', 'Poor body image'), ('Depression', 'Stress'), ('Poor body image', 'Depression'), ('Culture of eating that promotes healthy choices', 'Mental well-being'), ('Cultural norms around thinness', 'Pressure to be thin'), ('Public health messaging around thinness', 'Pressure to be thin'), ('Physical well-being', 'Mental well-being')]","[('Medications', 'Balance'), ('Secretion of inflammatory molecules by adipose cells', 'Insulin resistance'), ('Obesity', 'Obstructive sleep apnea'), ('Dyslipidemia', 'Blood pressure'), ('Obesity', 'Gastro-esophageal reflux disease'), ('Auto-inflammatory diseases', 'Inflammation'), ('Atherosclerosis', 'Coronary heart diseases'), ('Release of adipokines', 'Atherosclerosis'), ('Blood mono-unsaturated fatty acid level', 'Secretion of inflammatory molecules by adipose cells'), ('Insulin resistance', 'Fatty acids in the artery walls'), ('Insulin resistance', 'Cells intake of fatty acids'), ('Adipose storage of fatty acids', 'Inflammation'), ('Thoracic and abdominal obesity', 'Airway resistance'), ('Thoracic and abdominal obesity', 'Respiratory muscle fatigue'), ('Unhealthy weight control practices', 'Obesity'), ('Sodium retention', 'Blood pressure'), ('Short sleep duration', 'Pro-inflammatory cytokines'), ('Medications', 'Obesity'), ('Balance', 'Ability to engage in physical activity'), ('Short sleep duration', 'Cortisol'), ('Airway resistance', 'Asthma'), ('Short sleep duration', 'Blood pressure'), ('Fatty acids in the artery walls', 'Atherosclerosis'), ('Dyslipidemia', 'Insulin resistance'), ('Blood glucose level', 'Fatty acids in the artery walls'), ('Respiratory diseases', 'Ability to engage in physical activity'), ('Blood saturated fatty acid level', 'Secretion of inflammatory molecules by adipose cells'), ('Dysfunctional adipose tissue', 'Inflammation'), ('Coordination', 'Ability to engage in physical activity'), ('Obesity', 'Short sleep duration'), ('Inflammation', 'Asthma'), ('Coronary heart diseases', 'Dyspnea'), ('Tiredness', 'Ability to engage in physical activity'), ('Short sleep duration', 'Heart rate'), ('Blood fatty acid level', 'Blood glucose level'), ('Pro-inflammatory cytokines', 'Inflammation'), ('Respiratory muscle fatigue', 'Dyspnea'), ('Heart rate', 'Coronary heart diseases'), ('Medications', 'Coordination'), ('Beta blockers', 'Ability to engage in physical activity'), ('Sodium intake', 'Blood pressure'), ('Airway resistance', 'Asthma-like symptoms'), ('Medications', 'Concentration'), ('Cells intake of fatty acids', 'Adipose storage of fatty acids'), ('Physical pain', 'Ability to engage in physical activity'), ('Concentration', 'Ability to engage in physical activity'), ('Obesity', 'Release of adipokines'), ('Blood glucose level', 'Sodium retention'), ('Stimulants', 'Short sleep duration'), ('Obesity', 'Dysfunctional adipose tissue'), ('Medications', 'Tiredness'), ('Inflammation', 'Insulin resistance'), ('Inflammation', 'Auto-inflammatory diseases'), ('Blood fatty acid level', 'Adipose storage of fatty acids'), ('Dysfunctional adipose tissue', 'Blood pressure'), ('Dysfunctional adipose tissue', 'Dyslipidemia'), ('Obesity', 'Unhealthy weight control practices'), ('Obesity', 'Asthma-like symptoms'), ('Dyslipidemia', 'Atherosclerosis')]","[('Prevalence of walking trails', 'Quality of the sport infrastructure'), ('Medications', 'Balance'), ('Culture of eating that promotes healthy choices', 'Physical well-being'), ('Secretion of inflammatory molecules by adipose cells', 'Insulin resistance'), ('Presence of a vibrant community', 'Control'), ('Obesity', 'Weight bias'), ('Healthy eating', 'Blood mono-unsaturated fatty acid level'), ('Exercise', 'Heart rate'), ('Available time', 'Recreational physical activity'), ('Chronic conditions', 'Depression'), ('Exercise', 'Insulin resistance'), ('Weight bias', 'Socio-economic status'), ('Mental well-being', 'Physical well-being'), ('Obesity', 'Obstructive sleep apnea'), ('Eating disorders', 'Healthy eating'), ('Consumer demand for regulations', 'Marketing of healthy foods'), ('Dyslipidemia', 'Blood pressure'), ('Obesity', 'Gastro-esophageal reflux disease'), ('Perceived environmental safety', 'Mental well-being'), ('Late night TV watching', 'Short sleep duration'), ('Auto-inflammatory diseases', 'Inflammation'), ('Depression', 'Healthy eating'), ('Socio-economic status', 'Stress'), ('Exercise', 'Blood glucose level'), ('Public support and demand for healthy products', 'Marketing of healthy foods'), ('Unhealthy foods are cheaper than healthy ones', 'Supportive food environment'), ('Control', 'Mental well-being'), ('Atherosclerosis', 'Coronary heart diseases'), ('Socio-economic status', 'Physical well-being'), ('Ability to engage in physical activity', 'Physical activity'), ('Public health messaging around thinness', 'Weight bias'), ('Public support and demand for healthy products', 'Availability of healthy foods'), ('Release of adipokines', 'Atherosclerosis'), ('Consumer demand for regulations', 'Marketing of unhealthy foods'), ('Resilience', 'Mental well-being'), ('Blood mono-unsaturated fatty acid level', 'Secretion of inflammatory molecules by adipose cells'), ('Medical perspective that thin is good', 'Public health messaging around thinness'), ('Mental well-being', 'Medications'), ('Sexual difficulties', 'Mental well-being'), ('Insulin resistance', 'Fatty acids in the artery walls'), ('Insulin resistance', 'Cells intake of fatty acids'), ('Sidewalk prevalence and maintenance', 'Utilitarian physical activity '), ('Adipose storage of fatty acids', 'Inflammation'), ('Socio-economic status', 'Exercise'), ('Thoracic and abdominal obesity', 'Airway resistance'), ('Healthy eating', 'Short sleep duration'), ('Perceived environmental safety', 'Physical well-being'), ('Weight bias', 'Depression'), ('Emotional eating', 'Mental well-being'), ('Late night TV watching', 'Healthy eating'), ('Control', 'Stress'), ('Aesthetics', 'Physical well-being'), ('Economic incentives to produce unhealthy food products', 'Cost of unhealthy foods'), ('Supportive food environment', 'Healthy eating'), ('Appetite', 'Physical well-being'), ('Thoracic and abdominal obesity', 'Respiratory muscle fatigue'), ('Cardiovascular diseases', 'Fear of engaging in physical activity'), ('Socio-economic status', 'Mental well-being'), ('Unhealthy weight control practices', 'Obesity'), ('Exercise', 'Blood pressure'), ('Sodium retention', 'Blood pressure'), ('Short sleep duration', 'Pro-inflammatory cytokines'), ('Medications', 'Obesity'), ('Short sleep duration', 'Appetite'), ('Balance', 'Ability to engage in physical activity'), ('Short sleep duration', 'Cortisol'), ('Airway resistance', 'Asthma'), ('Short sleep duration', 'Blood pressure'), ('Medical perspective that thin is good', 'Cultural norms around thinness'), ('Healthy eating', 'Blood glucose level'), ('Mental well-being', 'Anticonvulsants'), ('Fatty acids in the artery walls', 'Atherosclerosis'), ('Dyslipidemia', 'Insulin resistance'), ('Blood glucose level', 'Fatty acids in the artery walls'), ('Respiratory diseases', 'Ability to engage in physical activity'), ('Blood saturated fatty acid level', 'Secretion of inflammatory molecules by adipose cells'), ('Dysfunctional adipose tissue', 'Inflammation'), ('Weight bias', 'Mental well-being'), ('Coordination', 'Ability to engage in physical activity'), ('Cultural norms around thinness', 'Cultural norms around thinness'), ('Cultural norms around thinness', 'Poor body image'), ('Obesity', 'Short sleep duration'), ('Inflammation', 'Asthma'), ('Healthy eating', 'Sodium intake'), ('Cultural norms around thinness', 'Eating disorders'), ('Poor body image', 'Sexual difficulties'), ('Fear of engaging in physical activity', 'Physical activity'), ('Short sleep duration', 'Healthy eating'), ('Coronary heart diseases', 'Dyspnea'), ('Stress', 'Inflammation'), ('Weight bias', 'Stress'), ('Unhealthy weight control practices', 'Eating disorders'), ('Tiredness', 'Ability to engage in physical activity'), ('Short sleep duration', 'Heart rate'), ('Prevalence of bike trails', 'Quality of the sport infrastructure'), ('Exercise', 'Blood fatty acid level'), ('Mental well-being', 'Emotional eating'), ('Poor body image', 'Poor body image'), ('Blood fatty acid level', 'Blood glucose level'), ('Cardiovascular diseases', 'Depression'), ('Pro-inflammatory cytokines', 'Inflammation'), ('Prevalence of green fields', 'Quality of the sport infrastructure'), ('Mental well-being', 'Antipsychotics'), ('Socio-economic status', 'Control'), ('Weight bias', 'Poor body image'), ('Positive experience of sports', 'Recreational physical activity'), ('Public support and demand for healthy products', 'Cost of healthy foods'), ('Socio-economic status', 'Availability of healthy foods'), ('Cardiovascular diseases', 'Physical well-being'), ('Respiratory muscle fatigue', 'Dyspnea'), ('Heart rate', 'Coronary heart diseases'), ('Pressure to be thin', 'Poor body image'), ('Medications', 'Coordination'), ('Beta blockers', 'Ability to engage in physical activity'), ('Antipsychotics', 'Appetite'), ('Sodium intake', 'Blood pressure'), ('Pressure to be thin', 'Unhealthy weight control practices'), ('Airway resistance', 'Asthma-like symptoms'), ('Depression', 'Stress'), ('Medications', 'Concentration'), ('Public support and demand for healthy products', 'Marketing of unhealthy foods'), ('Poor body image', 'Eating disorders'), ('Emotional eating', 'Healthy eating'), ('Obesity', 'Access to health professionals'), ('Obesity', 'Mental well-being'), ('Unhealthy foods are more available than healthy ones', 'Supportive food environment'), ('Healthy eating', 'Blood saturated fatty acid level'), ('Presence of a vibrant community', 'Resilience'), ('Cells intake of fatty acids', 'Adipose storage of fatty acids'), ('Physical activity', 'Physical well-being'), ('Appetite', 'Healthy eating'), ('Aesthetics', 'Stress'), ('Chronic conditions', 'Mental well-being'), ('Weight bias', 'Positive experience of sports'), ('Healthy eating', 'Dyslipidemia'), ('Quality of the sport infrastructure', 'Recreational physical activity'), ('Physical pain', 'Ability to engage in physical activity'), ('Prevalence of green fields', 'Aesthetics'), ('Concentration', 'Ability to engage in physical activity'), ('Aesthetics', 'Mental well-being'), ('Poor body image', 'Depression'), ('Chronic conditions', 'Physical well-being'), ('Obesity', 'Release of adipokines'), ('Blood glucose level', 'Sodium retention'), ('Restrictive covenants', 'Availability of healthy foods'), ('Musculoskeletal pain', 'Mental well-being'), ('Weight bias', 'Unhealthy weight control practices'), ('Physical activity', 'Mental well-being'), ('Access to health professionals', 'Ability to engage in physical activity'), ('Stimulants', 'Short sleep duration'), ('Culture of eating that promotes healthy choices', 'Healthy eating'), ('Culture of eating that promotes healthy choices', 'Mental well-being'), ('Weight bias', 'Exercise'), ('Obesity', 'Dysfunctional adipose tissue'), ('Medications', 'Tiredness'), ('Inflammation', 'Insulin resistance'), ('Anticonvulsants', 'Appetite'), ('Inflammation', 'Auto-inflammatory diseases'), ('Accessibility to shops', 'Utilitarian physical activity '), ('Blood fatty acid level', 'Adipose storage of fatty acids'), ('Perceived environmental safety', 'Physical activity'), ('Short sleep duration', 'Physical well-being'), ('Cultural norms around thinness', 'Pressure to be thin'), ('Weight bias', 'Access to health professionals'), ('Public health messaging around thinness', 'Pressure to be thin'), ('Dysfunctional adipose tissue', 'Blood pressure'), ('Dysfunctional adipose tissue', 'Dyslipidemia'), ('Aesthetics', 'Utilitarian physical activity '), ('Obesity', 'Unhealthy weight control practices'), ('Obesity', 'Asthma-like symptoms'), ('Marketing ratio of unhealthy to healthy foods', 'Supportive food environment'), ('Dyslipidemia', 'Atherosclerosis'), ('Physical well-being', 'Mental well-being'), ('Public support and demand for healthy products', 'Cost of unhealthy foods'), ('Musculoskeletal pain', 'Physical well-being'), ('Coronary heart diseases', 'Exercise')]"
1,"[('Control', 'Coordination'), ('Stress', 'Inflammation'), ('Depression', 'Pro-inflammatory cytokines'), ('Poor body image', 'Unhealthy weight control practices'), ('Resilience', 'Concentration'), ('Physical well-being', 'Ability to engage in physical activity'), ('Pressure to be thin', 'Physical pain'), ('Mental well-being', 'Balance'), ('Culture of eating that promotes healthy choices', 'Blood glucose level'), ('Cultural norms around thinness', 'Short sleep duration'), ('Weight bias', 'Blood pressure')]",1,1,1,1,-1,"[('Culture of eating that promotes healthy choices', 'Physical well-being'), ('Weight bias', 'Socio-economic status'), ('Mental well-being', 'Physical well-being'), ('Socio-economic status', 'Stress'), ('Control', 'Mental well-being'), ('Socio-economic status', 'Physical well-being'), ('Public health messaging around thinness', 'Weight bias'), ('Resilience', 'Mental well-being'), ('Medical perspective that thin is good', 'Public health messaging around thinness'), ('Weight bias', 'Depression'), ('Control', 'Stress'), ('Socio-economic status', 'Mental well-being'), ('Medical perspective that thin is good', 'Cultural norms around thinness'), ('Weight bias', 'Mental well-being'), ('Cultural norms around thinness', 'Cultural norms around thinness'), ('Cultural norms around thinness', 'Poor body image'), ('Weight bias', 'Stress'), ('Poor body image', 'Poor body image'), ('Socio-economic status', 'Control'), ('Weight bias', 'Poor body image'), ('Pressure to be thin', 'Poor body image'), ('Depression', 'Stress'), ('Poor body image', 'Depression'), ('Culture of eating that promotes healthy choices', 'Mental well-being'), ('Cultural norms around thinness', 'Pressure to be thin'), ('Public health messaging around thinness', 'Pressure to be thin'), ('Physical well-being', 'Mental well-being')]","[('Medications', 'Balance'), ('Secretion of inflammatory molecules by adipose cells', 'Insulin resistance'), ('Obesity', 'Obstructive sleep apnea'), ('Dyslipidemia', 'Blood pressure'), ('Obesity', 'Gastro-esophageal reflux disease'), ('Auto-inflammatory diseases', 'Inflammation'), ('Atherosclerosis', 'Coronary heart diseases'), ('Release of adipokines', 'Atherosclerosis'), ('Blood mono-unsaturated fatty acid level', 'Secretion of inflammatory molecules by adipose cells'), ('Insulin resistance', 'Fatty acids in the artery walls'), ('Insulin resistance', 'Cells intake of fatty acids'), ('Adipose storage of fatty acids', 'Inflammation'), ('Thoracic and abdominal obesity', 'Airway resistance'), ('Thoracic and abdominal obesity', 'Respiratory muscle fatigue'), ('Unhealthy weight control practices', 'Obesity'), ('Sodium retention', 'Blood pressure'), ('Short sleep duration', 'Pro-inflammatory cytokines'), ('Medications', 'Obesity'), ('Balance', 'Ability to engage in physical activity'), ('Short sleep duration', 'Cortisol'), ('Airway resistance', 'Asthma'), ('Short sleep duration', 'Blood pressure'), ('Fatty acids in the artery walls', 'Atherosclerosis'), ('Dyslipidemia', 'Insulin resistance'), ('Blood glucose level', 'Fatty acids in the artery walls'), ('Respiratory diseases', 'Ability to engage in physical activity'), ('Blood saturated fatty acid level', 'Secretion of inflammatory molecules by adipose cells'), ('Dysfunctional adipose tissue', 'Inflammation'), ('Coordination', 'Ability to engage in physical activity'), ('Obesity', 'Short sleep duration'), ('Inflammation', 'Asthma'), ('Coronary heart diseases', 'Dyspnea'), ('Tiredness', 'Ability to engage in physical activity'), ('Short sleep duration', 'Heart rate'), ('Blood fatty acid level', 'Blood glucose level'), ('Pro-inflammatory cytokines', 'Inflammation'), ('Respiratory muscle fatigue', 'Dyspnea'), ('Heart rate', 'Coronary heart diseases'), ('Medications', 'Coordination'), ('Beta blockers', 'Ability to engage in physical activity'), ('Sodium intake', 'Blood pressure'), ('Airway resistance', 'Asthma-like symptoms'), ('Medications', 'Concentration'), ('Cells intake of fatty acids', 'Adipose storage of fatty acids'), ('Physical pain', 'Ability to engage in physical activity'), ('Concentration', 'Ability to engage in physical activity'), ('Obesity', 'Release of adipokines'), ('Blood glucose level', 'Sodium retention'), ('Stimulants', 'Short sleep duration'), ('Obesity', 'Dysfunctional adipose tissue'), ('Medications', 'Tiredness'), ('Inflammation', 'Insulin resistance'), ('Inflammation', 'Auto-inflammatory diseases'), ('Blood fatty acid level', 'Adipose storage of fatty acids'), ('Dysfunctional adipose tissue', 'Blood pressure'), ('Dysfunctional adipose tissue', 'Dyslipidemia'), ('Obesity', 'Unhealthy weight control practices'), ('Obesity', 'Asthma-like symptoms'), ('Dyslipidemia', 'Atherosclerosis')]","[('Prevalence of walking trails', 'Quality of the sport infrastructure'), ('Medications', 'Balance'), ('Culture of eating that promotes healthy choices', 'Physical well-being'), ('Secretion of inflammatory molecules by adipose cells', 'Insulin resistance'), ('Presence of a vibrant community', 'Control'), ('Obesity', 'Weight bias'), ('Healthy eating', 'Blood mono-unsaturated fatty acid level'), ('Exercise', 'Heart rate'), ('Available time', 'Recreational physical activity'), ('Chronic conditions', 'Depression'), ('Exercise', 'Insulin resistance'), ('Weight bias', 'Socio-economic status'), ('Mental well-being', 'Physical well-being'), ('Obesity', 'Obstructive sleep apnea'), ('Eating disorders', 'Healthy eating'), ('Consumer demand for regulations', 'Marketing of healthy foods'), ('Dyslipidemia', 'Blood pressure'), ('Obesity', 'Gastro-esophageal reflux disease'), ('Perceived environmental safety', 'Mental well-being'), ('Late night TV watching', 'Short sleep duration'), ('Auto-inflammatory diseases', 'Inflammation'), ('Depression', 'Healthy eating'), ('Socio-economic status', 'Stress'), ('Exercise', 'Blood glucose level'), ('Public support and demand for healthy products', 'Marketing of healthy foods'), ('Unhealthy foods are cheaper than healthy ones', 'Supportive food environment'), ('Control', 'Mental well-being'), ('Atherosclerosis', 'Coronary heart diseases'), ('Socio-economic status', 'Physical well-being'), ('Ability to engage in physical activity', 'Physical activity'), ('Public health messaging around thinness', 'Weight bias'), ('Public support and demand for healthy products', 'Availability of healthy foods'), ('Release of adipokines', 'Atherosclerosis'), ('Consumer demand for regulations', 'Marketing of unhealthy foods'), ('Resilience', 'Mental well-being'), ('Blood mono-unsaturated fatty acid level', 'Secretion of inflammatory molecules by adipose cells'), ('Medical perspective that thin is good', 'Public health messaging around thinness'), ('Mental well-being', 'Medications'), ('Sexual difficulties', 'Mental well-being'), ('Insulin resistance', 'Fatty acids in the artery walls'), ('Insulin resistance', 'Cells intake of fatty acids'), ('Sidewalk prevalence and maintenance', 'Utilitarian physical activity '), ('Adipose storage of fatty acids', 'Inflammation'), ('Socio-economic status', 'Exercise'), ('Thoracic and abdominal obesity', 'Airway resistance'), ('Healthy eating', 'Short sleep duration'), ('Perceived environmental safety', 'Physical well-being'), ('Weight bias', 'Depression'), ('Emotional eating', 'Mental well-being'), ('Late night TV watching', 'Healthy eating'), ('Control', 'Stress'), ('Aesthetics', 'Physical well-being'), ('Economic incentives to produce unhealthy food products', 'Cost of unhealthy foods'), ('Supportive food environment', 'Healthy eating'), ('Appetite', 'Physical well-being'), ('Thoracic and abdominal obesity', 'Respiratory muscle fatigue'), ('Cardiovascular diseases', 'Fear of engaging in physical activity'), ('Socio-economic status', 'Mental well-being'), ('Unhealthy weight control practices', 'Obesity'), ('Exercise', 'Blood pressure'), ('Sodium retention', 'Blood pressure'), ('Short sleep duration', 'Pro-inflammatory cytokines'), ('Medications', 'Obesity'), ('Short sleep duration', 'Appetite'), ('Balance', 'Ability to engage in physical activity'), ('Short sleep duration', 'Cortisol'), ('Airway resistance', 'Asthma'), ('Short sleep duration', 'Blood pressure'), ('Medical perspective that thin is good', 'Cultural norms around thinness'), ('Healthy eating', 'Blood glucose level'), ('Mental well-being', 'Anticonvulsants'), ('Fatty acids in the artery walls', 'Atherosclerosis'), ('Dyslipidemia', 'Insulin resistance'), ('Blood glucose level', 'Fatty acids in the artery walls'), ('Respiratory diseases', 'Ability to engage in physical activity'), ('Blood saturated fatty acid level', 'Secretion of inflammatory molecules by adipose cells'), ('Dysfunctional adipose tissue', 'Inflammation'), ('Weight bias', 'Mental well-being'), ('Coordination', 'Ability to engage in physical activity'), ('Cultural norms around thinness', 'Cultural norms around thinness'), ('Cultural norms around thinness', 'Poor body image'), ('Obesity', 'Short sleep duration'), ('Inflammation', 'Asthma'), ('Healthy eating', 'Sodium intake'), ('Cultural norms around thinness', 'Eating disorders'), ('Poor body image', 'Sexual difficulties'), ('Fear of engaging in physical activity', 'Physical activity'), ('Short sleep duration', 'Healthy eating'), ('Coronary heart diseases', 'Dyspnea'), ('Stress', 'Inflammation'), ('Weight bias', 'Stress'), ('Unhealthy weight control practices', 'Eating disorders'), ('Tiredness', 'Ability to engage in physical activity'), ('Short sleep duration', 'Heart rate'), ('Prevalence of bike trails', 'Quality of the sport infrastructure'), ('Exercise', 'Blood fatty acid level'), ('Mental well-being', 'Emotional eating'), ('Poor body image', 'Poor body image'), ('Blood fatty acid level', 'Blood glucose level'), ('Cardiovascular diseases', 'Depression'), ('Pro-inflammatory cytokines', 'Inflammation'), ('Prevalence of green fields', 'Quality of the sport infrastructure'), ('Mental well-being', 'Antipsychotics'), ('Socio-economic status', 'Control'), ('Weight bias', 'Poor body image'), ('Positive experience of sports', 'Recreational physical activity'), ('Public support and demand for healthy products', 'Cost of healthy foods'), ('Socio-economic status', 'Availability of healthy foods'), ('Cardiovascular diseases', 'Physical well-being'), ('Respiratory muscle fatigue', 'Dyspnea'), ('Heart rate', 'Coronary heart diseases'), ('Pressure to be thin', 'Poor body image'), ('Medications', 'Coordination'), ('Beta blockers', 'Ability to engage in physical activity'), ('Antipsychotics', 'Appetite'), ('Sodium intake', 'Blood pressure'), ('Pressure to be thin', 'Unhealthy weight control practices'), ('Airway resistance', 'Asthma-like symptoms'), ('Depression', 'Stress'), ('Medications', 'Concentration'), ('Public support and demand for healthy products', 'Marketing of unhealthy foods'), ('Poor body image', 'Eating disorders'), ('Emotional eating', 'Healthy eating'), ('Obesity', 'Access to health professionals'), ('Obesity', 'Mental well-being'), ('Unhealthy foods are more available than healthy ones', 'Supportive food environment'), ('Healthy eating', 'Blood saturated fatty acid level'), ('Presence of a vibrant community', 'Resilience'), ('Cells intake of fatty acids', 'Adipose storage of fatty acids'), ('Physical activity', 'Physical well-being'), ('Appetite', 'Healthy eating'), ('Aesthetics', 'Stress'), ('Chronic conditions', 'Mental well-being'), ('Weight bias', 'Positive experience of sports'), ('Healthy eating', 'Dyslipidemia'), ('Quality of the sport infrastructure', 'Recreational physical activity'), ('Physical pain', 'Ability to engage in physical activity'), ('Prevalence of green fields', 'Aesthetics'), ('Concentration', 'Ability to engage in physical activity'), ('Aesthetics', 'Mental well-being'), ('Poor body image', 'Depression'), ('Chronic conditions', 'Physical well-being'), ('Obesity', 'Release of adipokines'), ('Blood glucose level', 'Sodium retention'), ('Restrictive covenants', 'Availability of healthy foods'), ('Musculoskeletal pain', 'Mental well-being'), ('Weight bias', 'Unhealthy weight control practices'), ('Physical activity', 'Mental well-being'), ('Access to health professionals', 'Ability to engage in physical activity'), ('Stimulants', 'Short sleep duration'), ('Culture of eating that promotes healthy choices', 'Healthy eating'), ('Culture of eating that promotes healthy choices', 'Mental well-being'), ('Weight bias', 'Exercise'), ('Obesity', 'Dysfunctional adipose tissue'), ('Medications', 'Tiredness'), ('Inflammation', 'Insulin resistance'), ('Anticonvulsants', 'Appetite'), ('Inflammation', 'Auto-inflammatory diseases'), ('Accessibility to shops', 'Utilitarian physical activity '), ('Blood fatty acid level', 'Adipose storage of fatty acids'), ('Perceived environmental safety', 'Physical activity'), ('Short sleep duration', 'Physical well-being'), ('Cultural norms around thinness', 'Pressure to be thin'), ('Weight bias', 'Access to health professionals'), ('Public health messaging around thinness', 'Pressure to be thin'), ('Dysfunctional adipose tissue', 'Blood pressure'), ('Dysfunctional adipose tissue', 'Dyslipidemia'), ('Aesthetics', 'Utilitarian physical activity '), ('Obesity', 'Unhealthy weight control practices'), ('Obesity', 'Asthma-like symptoms'), ('Marketing ratio of unhealthy to healthy foods', 'Supportive food environment'), ('Dyslipidemia', 'Atherosclerosis'), ('Physical well-being', 'Mental well-being'), ('Public support and demand for healthy products', 'Cost of unhealthy foods'), ('Musculoskeletal pain', 'Physical well-being'), ('Coronary heart diseases', 'Exercise')]"
2,"[('Control', 'Coordination'), ('Stress', 'Inflammation'), ('Depression', 'Pro-inflammatory cytokines'), ('Poor body image', 'Unhealthy weight control practices'), ('Resilience', 'Concentration'), ('Physical well-being', 'Ability to engage in physical activity'), ('Pressure to be thin', 'Physical pain'), ('Mental well-being', 'Balance'), ('Culture of eating that promotes healthy choices', 'Blood glucose level'), ('Cultural norms around thinness', 'Short sleep duration'), ('Weight bias', 'Blood pressure')]",1,1,1,1,-1,"[('Culture of eating that promotes healthy choices', 'Physical well-being'), ('Weight bias', 'Socio-economic status'), ('Mental well-being', 'Physical well-being'), ('Socio-economic status', 'Stress'), ('Control', 'Mental well-being'), ('Socio-economic status', 'Physical well-being'), ('Public health messaging around thinness', 'Weight bias'), ('Resilience', 'Mental well-being'), ('Medical perspective that thin is good', 'Public health messaging around thinness'), ('Weight bias', 'Depression'), ('Control', 'Stress'), ('Socio-economic status', 'Mental well-being'), ('Medical perspective that thin is good', 'Cultural norms around thinness'), ('Weight bias', 'Mental well-being'), ('Cultural norms around thinness', 'Cultural norms around thinness'), ('Cultural norms around thinness', 'Poor body image'), ('Weight bias', 'Stress'), ('Poor body image', 'Poor body image'), ('Socio-economic status', 'Control'), ('Weight bias', 'Poor body image'), ('Pressure to be thin', 'Poor body image'), ('Depression', 'Stress'), ('Poor body image', 'Depression'), ('Culture of eating that promotes healthy choices', 'Mental well-being'), ('Cultural norms around thinness', 'Pressure to be thin'), ('Public health messaging around thinness', 'Pressure to be thin'), ('Physical well-being', 'Mental well-being')]","[('Medications', 'Balance'), ('Secretion of inflammatory molecules by adipose cells', 'Insulin resistance'), ('Obesity', 'Obstructive sleep apnea'), ('Dyslipidemia', 'Blood pressure'), ('Obesity', 'Gastro-esophageal reflux disease'), ('Auto-inflammatory diseases', 'Inflammation'), ('Atherosclerosis', 'Coronary heart diseases'), ('Release of adipokines', 'Atherosclerosis'), ('Blood mono-unsaturated fatty acid level', 'Secretion of inflammatory molecules by adipose cells'), ('Insulin resistance', 'Fatty acids in the artery walls'), ('Insulin resistance', 'Cells intake of fatty acids'), ('Adipose storage of fatty acids', 'Inflammation'), ('Thoracic and abdominal obesity', 'Airway resistance'), ('Thoracic and abdominal obesity', 'Respiratory muscle fatigue'), ('Unhealthy weight control practices', 'Obesity'), ('Sodium retention', 'Blood pressure'), ('Short sleep duration', 'Pro-inflammatory cytokines'), ('Medications', 'Obesity'), ('Balance', 'Ability to engage in physical activity'), ('Short sleep duration', 'Cortisol'), ('Airway resistance', 'Asthma'), ('Short sleep duration', 'Blood pressure'), ('Fatty acids in the artery walls', 'Atherosclerosis'), ('Dyslipidemia', 'Insulin resistance'), ('Blood glucose level', 'Fatty acids in the artery walls'), ('Respiratory diseases', 'Ability to engage in physical activity'), ('Blood saturated fatty acid level', 'Secretion of inflammatory molecules by adipose cells'), ('Dysfunctional adipose tissue', 'Inflammation'), ('Coordination', 'Ability to engage in physical activity'), ('Obesity', 'Short sleep duration'), ('Inflammation', 'Asthma'), ('Coronary heart diseases', 'Dyspnea'), ('Tiredness', 'Ability to engage in physical activity'), ('Short sleep duration', 'Heart rate'), ('Blood fatty acid level', 'Blood glucose level'), ('Pro-inflammatory cytokines', 'Inflammation'), ('Respiratory muscle fatigue', 'Dyspnea'), ('Heart rate', 'Coronary heart diseases'), ('Medications', 'Coordination'), ('Beta blockers', 'Ability to engage in physical activity'), ('Sodium intake', 'Blood pressure'), ('Airway resistance', 'Asthma-like symptoms'), ('Medications', 'Concentration'), ('Cells intake of fatty acids', 'Adipose storage of fatty acids'), ('Physical pain', 'Ability to engage in physical activity'), ('Concentration', 'Ability to engage in physical activity'), ('Obesity', 'Release of adipokines'), ('Blood glucose level', 'Sodium retention'), ('Stimulants', 'Short sleep duration'), ('Obesity', 'Dysfunctional adipose tissue'), ('Medications', 'Tiredness'), ('Inflammation', 'Insulin resistance'), ('Inflammation', 'Auto-inflammatory diseases'), ('Blood fatty acid level', 'Adipose storage of fatty acids'), ('Dysfunctional adipose tissue', 'Blood pressure'), ('Dysfunctional adipose tissue', 'Dyslipidemia'), ('Obesity', 'Unhealthy weight control practices'), ('Obesity', 'Asthma-like symptoms'), ('Dyslipidemia', 'Atherosclerosis')]","[('Prevalence of walking trails', 'Quality of the sport infrastructure'), ('Medications', 'Balance'), ('Culture of eating that promotes healthy choices', 'Physical well-being'), ('Secretion of inflammatory molecules by adipose cells', 'Insulin resistance'), ('Presence of a vibrant community', 'Control'), ('Obesity', 'Weight bias'), ('Healthy eating', 'Blood mono-unsaturated fatty acid level'), ('Exercise', 'Heart rate'), ('Available time', 'Recreational physical activity'), ('Chronic conditions', 'Depression'), ('Exercise', 'Insulin resistance'), ('Weight bias', 'Socio-economic status'), ('Mental well-being', 'Physical well-being'), ('Obesity', 'Obstructive sleep apnea'), ('Eating disorders', 'Healthy eating'), ('Consumer demand for regulations', 'Marketing of healthy foods'), ('Dyslipidemia', 'Blood pressure'), ('Obesity', 'Gastro-esophageal reflux disease'), ('Perceived environmental safety', 'Mental well-being'), ('Late night TV watching', 'Short sleep duration'), ('Auto-inflammatory diseases', 'Inflammation'), ('Depression', 'Healthy eating'), ('Socio-economic status', 'Stress'), ('Exercise', 'Blood glucose level'), ('Public support and demand for healthy products', 'Marketing of healthy foods'), ('Unhealthy foods are cheaper than healthy ones', 'Supportive food environment'), ('Control', 'Mental well-being'), ('Atherosclerosis', 'Coronary heart diseases'), ('Socio-economic status', 'Physical well-being'), ('Ability to engage in physical activity', 'Physical activity'), ('Public health messaging around thinness', 'Weight bias'), ('Public support and demand for healthy products', 'Availability of healthy foods'), ('Release of adipokines', 'Atherosclerosis'), ('Consumer demand for regulations', 'Marketing of unhealthy foods'), ('Resilience', 'Mental well-being'), ('Blood mono-unsaturated fatty acid level', 'Secretion of inflammatory molecules by adipose cells'), ('Medical perspective that thin is good', 'Public health messaging around thinness'), ('Mental well-being', 'Medications'), ('Sexual difficulties', 'Mental well-being'), ('Insulin resistance', 'Fatty acids in the artery walls'), ('Insulin resistance', 'Cells intake of fatty acids'), ('Sidewalk prevalence and maintenance', 'Utilitarian physical activity '), ('Adipose storage of fatty acids', 'Inflammation'), ('Socio-economic status', 'Exercise'), ('Thoracic and abdominal obesity', 'Airway resistance'), ('Healthy eating', 'Short sleep duration'), ('Perceived environmental safety', 'Physical well-being'), ('Weight bias', 'Depression'), ('Emotional eating', 'Mental well-being'), ('Late night TV watching', 'Healthy eating'), ('Control', 'Stress'), ('Aesthetics', 'Physical well-being'), ('Economic incentives to produce unhealthy food products', 'Cost of unhealthy foods'), ('Supportive food environment', 'Healthy eating'), ('Appetite', 'Physical well-being'), ('Thoracic and abdominal obesity', 'Respiratory muscle fatigue'), ('Cardiovascular diseases', 'Fear of engaging in physical activity'), ('Socio-economic status', 'Mental well-being'), ('Unhealthy weight control practices', 'Obesity'), ('Exercise', 'Blood pressure'), ('Sodium retention', 'Blood pressure'), ('Short sleep duration', 'Pro-inflammatory cytokines'), ('Medications', 'Obesity'), ('Short sleep duration', 'Appetite'), ('Balance', 'Ability to engage in physical activity'), ('Short sleep duration', 'Cortisol'), ('Airway resistance', 'Asthma'), ('Short sleep duration', 'Blood pressure'), ('Medical perspective that thin is good', 'Cultural norms around thinness'), ('Healthy eating', 'Blood glucose level'), ('Mental well-being', 'Anticonvulsants'), ('Fatty acids in the artery walls', 'Atherosclerosis'), ('Dyslipidemia', 'Insulin resistance'), ('Blood glucose level', 'Fatty acids in the artery walls'), ('Respiratory diseases', 'Ability to engage in physical activity'), ('Blood saturated fatty acid level', 'Secretion of inflammatory molecules by adipose cells'), ('Dysfunctional adipose tissue', 'Inflammation'), ('Weight bias', 'Mental well-being'), ('Coordination', 'Ability to engage in physical activity'), ('Cultural norms around thinness', 'Cultural norms around thinness'), ('Cultural norms around thinness', 'Poor body image'), ('Obesity', 'Short sleep duration'), ('Inflammation', 'Asthma'), ('Healthy eating', 'Sodium intake'), ('Cultural norms around thinness', 'Eating disorders'), ('Poor body image', 'Sexual difficulties'), ('Fear of engaging in physical activity', 'Physical activity'), ('Short sleep duration', 'Healthy eating'), ('Coronary heart diseases', 'Dyspnea'), ('Stress', 'Inflammation'), ('Weight bias', 'Stress'), ('Unhealthy weight control practices', 'Eating disorders'), ('Tiredness', 'Ability to engage in physical activity'), ('Short sleep duration', 'Heart rate'), ('Prevalence of bike trails', 'Quality of the sport infrastructure'), ('Exercise', 'Blood fatty acid level'), ('Mental well-being', 'Emotional eating'), ('Poor body image', 'Poor body image'), ('Blood fatty acid level', 'Blood glucose level'), ('Cardiovascular diseases', 'Depression'), ('Pro-inflammatory cytokines', 'Inflammation'), ('Prevalence of green fields', 'Quality of the sport infrastructure'), ('Mental well-being', 'Antipsychotics'), ('Socio-economic status', 'Control'), ('Weight bias', 'Poor body image'), ('Positive experience of sports', 'Recreational physical activity'), ('Public support and demand for healthy products', 'Cost of healthy foods'), ('Socio-economic status', 'Availability of healthy foods'), ('Cardiovascular diseases', 'Physical well-being'), ('Respiratory muscle fatigue', 'Dyspnea'), ('Heart rate', 'Coronary heart diseases'), ('Pressure to be thin', 'Poor body image'), ('Medications', 'Coordination'), ('Beta blockers', 'Ability to engage in physical activity'), ('Antipsychotics', 'Appetite'), ('Sodium intake', 'Blood pressure'), ('Pressure to be thin', 'Unhealthy weight control practices'), ('Airway resistance', 'Asthma-like symptoms'), ('Depression', 'Stress'), ('Medications', 'Concentration'), ('Public support and demand for healthy products', 'Marketing of unhealthy foods'), ('Poor body image', 'Eating disorders'), ('Emotional eating', 'Healthy eating'), ('Obesity', 'Access to health professionals'), ('Obesity', 'Mental well-being'), ('Unhealthy foods are more available than healthy ones', 'Supportive food environment'), ('Healthy eating', 'Blood saturated fatty acid level'), ('Presence of a vibrant community', 'Resilience'), ('Cells intake of fatty acids', 'Adipose storage of fatty acids'), ('Physical activity', 'Physical well-being'), ('Appetite', 'Healthy eating'), ('Aesthetics', 'Stress'), ('Chronic conditions', 'Mental well-being'), ('Weight bias', 'Positive experience of sports'), ('Healthy eating', 'Dyslipidemia'), ('Quality of the sport infrastructure', 'Recreational physical activity'), ('Physical pain', 'Ability to engage in physical activity'), ('Prevalence of green fields', 'Aesthetics'), ('Concentration', 'Ability to engage in physical activity'), ('Aesthetics', 'Mental well-being'), ('Poor body image', 'Depression'), ('Chronic conditions', 'Physical well-being'), ('Obesity', 'Release of adipokines'), ('Blood glucose level', 'Sodium retention'), ('Restrictive covenants', 'Availability of healthy foods'), ('Musculoskeletal pain', 'Mental well-being'), ('Weight bias', 'Unhealthy weight control practices'), ('Physical activity', 'Mental well-being'), ('Access to health professionals', 'Ability to engage in physical activity'), ('Stimulants', 'Short sleep duration'), ('Culture of eating that promotes healthy choices', 'Healthy eating'), ('Culture of eating that promotes healthy choices', 'Mental well-being'), ('Weight bias', 'Exercise'), ('Obesity', 'Dysfunctional adipose tissue'), ('Medications', 'Tiredness'), ('Inflammation', 'Insulin resistance'), ('Anticonvulsants', 'Appetite'), ('Inflammation', 'Auto-inflammatory diseases'), ('Accessibility to shops', 'Utilitarian physical activity '), ('Blood fatty acid level', 'Adipose storage of fatty acids'), ('Perceived environmental safety', 'Physical activity'), ('Short sleep duration', 'Physical well-being'), ('Cultural norms around thinness', 'Pressure to be thin'), ('Weight bias', 'Access to health professionals'), ('Public health messaging around thinness', 'Pressure to be thin'), ('Dysfunctional adipose tissue', 'Blood pressure'), ('Dysfunctional adipose tissue', 'Dyslipidemia'), ('Aesthetics', 'Utilitarian physical activity '), ('Obesity', 'Unhealthy weight control practices'), ('Obesity', 'Asthma-like symptoms'), ('Marketing ratio of unhealthy to healthy foods', 'Supportive food environment'), ('Dyslipidemia', 'Atherosclerosis'), ('Physical well-being', 'Mental well-being'), ('Public support and demand for healthy products', 'Cost of unhealthy foods'), ('Musculoskeletal pain', 'Physical well-being'), ('Coronary heart diseases', 'Exercise')]"
3,"[('Control', 'Coordination'), ('Stress', 'Inflammation'), ('Depression', 'Pro-inflammatory cytokines'), ('Poor body image', 'Unhealthy weight control practices'), ('Resilience', 'Concentration'), ('Physical well-being', 'Ability to engage in physical activity'), ('Pressure to be thin', 'Physical pain'), ('Mental well-being', 'Balance'), ('Culture of eating that promotes healthy choices', 'Blood glucose level'), ('Cultural norms around thinness', 'Short sleep duration'), ('Weight bias', 'Blood pressure')]",1,1,1,1,-1,"[('Culture of eating that promotes healthy choices', 'Physical well-being'), ('Weight bias', 'Socio-economic status'), ('Mental well-being', 'Physical well-being'), ('Socio-economic status', 'Stress'), ('Control', 'Mental well-being'), ('Socio-economic status', 'Physical well-being'), ('Public health messaging around thinness', 'Weight bias'), ('Resilience', 'Mental well-being'), ('Medical perspective that thin is good', 'Public health messaging around thinness'), ('Weight bias', 'Depression'), ('Control', 'Stress'), ('Socio-economic status', 'Mental well-being'), ('Medical perspective that thin is good', 'Cultural norms around thinness'), ('Weight bias', 'Mental well-being'), ('Cultural norms around thinness', 'Cultural norms around thinness'), ('Cultural norms around thinness', 'Poor body image'), ('Weight bias', 'Stress'), ('Poor body image', 'Poor body image'), ('Socio-economic status', 'Control'), ('Weight bias', 'Poor body image'), ('Pressure to be thin', 'Poor body image'), ('Depression', 'Stress'), ('Poor body image', 'Depression'), ('Culture of eating that promotes healthy choices', 'Mental well-being'), ('Cultural norms around thinness', 'Pressure to be thin'), ('Public health messaging around thinness', 'Pressure to be thin'), ('Physical well-being', 'Mental well-being')]","[('Medications', 'Balance'), ('Secretion of inflammatory molecules by adipose cells', 'Insulin resistance'), ('Obesity', 'Obstructive sleep apnea'), ('Dyslipidemia', 'Blood pressure'), ('Obesity', 'Gastro-esophageal reflux disease'), ('Auto-inflammatory diseases', 'Inflammation'), ('Atherosclerosis', 'Coronary heart diseases'), ('Release of adipokines', 'Atherosclerosis'), ('Blood mono-unsaturated fatty acid level', 'Secretion of inflammatory molecules by adipose cells'), ('Insulin resistance', 'Fatty acids in the artery walls'), ('Insulin resistance', 'Cells intake of fatty acids'), ('Adipose storage of fatty acids', 'Inflammation'), ('Thoracic and abdominal obesity', 'Airway resistance'), ('Thoracic and abdominal obesity', 'Respiratory muscle fatigue'), ('Unhealthy weight control practices', 'Obesity'), ('Sodium retention', 'Blood pressure'), ('Short sleep duration', 'Pro-inflammatory cytokines'), ('Medications', 'Obesity'), ('Balance', 'Ability to engage in physical activity'), ('Short sleep duration', 'Cortisol'), ('Airway resistance', 'Asthma'), ('Short sleep duration', 'Blood pressure'), ('Fatty acids in the artery walls', 'Atherosclerosis'), ('Dyslipidemia', 'Insulin resistance'), ('Blood glucose level', 'Fatty acids in the artery walls'), ('Respiratory diseases', 'Ability to engage in physical activity'), ('Blood saturated fatty acid level', 'Secretion of inflammatory molecules by adipose cells'), ('Dysfunctional adipose tissue', 'Inflammation'), ('Coordination', 'Ability to engage in physical activity'), ('Obesity', 'Short sleep duration'), ('Inflammation', 'Asthma'), ('Coronary heart diseases', 'Dyspnea'), ('Tiredness', 'Ability to engage in physical activity'), ('Short sleep duration', 'Heart rate'), ('Blood fatty acid level', 'Blood glucose level'), ('Pro-inflammatory cytokines', 'Inflammation'), ('Respiratory muscle fatigue', 'Dyspnea'), ('Heart rate', 'Coronary heart diseases'), ('Medications', 'Coordination'), ('Beta blockers', 'Ability to engage in physical activity'), ('Sodium intake', 'Blood pressure'), ('Airway resistance', 'Asthma-like symptoms'), ('Medications', 'Concentration'), ('Cells intake of fatty acids', 'Adipose storage of fatty acids'), ('Physical pain', 'Ability to engage in physical activity'), ('Concentration', 'Ability to engage in physical activity'), ('Obesity', 'Release of adipokines'), ('Blood glucose level', 'Sodium retention'), ('Stimulants', 'Short sleep duration'), ('Obesity', 'Dysfunctional adipose tissue'), ('Medications', 'Tiredness'), ('Inflammation', 'Insulin resistance'), ('Inflammation', 'Auto-inflammatory diseases'), ('Blood fatty acid level', 'Adipose storage of fatty acids'), ('Dysfunctional adipose tissue', 'Blood pressure'), ('Dysfunctional adipose tissue', 'Dyslipidemia'), ('Obesity', 'Unhealthy weight control practices'), ('Obesity', 'Asthma-like symptoms'), ('Dyslipidemia', 'Atherosclerosis')]","[('Prevalence of walking trails', 'Quality of the sport infrastructure'), ('Medications', 'Balance'), ('Culture of eating that promotes healthy choices', 'Physical well-being'), ('Secretion of inflammatory molecules by adipose cells', 'Insulin resistance'), ('Presence of a vibrant community', 'Control'), ('Obesity', 'Weight bias'), ('Healthy eating', 'Blood mono-unsaturated fatty acid level'), ('Exercise', 'Heart rate'), ('Available time', 'Recreational physical activity'), ('Chronic conditions', 'Depression'), ('Exercise', 'Insulin resistance'), ('Weight bias', 'Socio-economic status'), ('Mental well-being', 'Physical well-being'), ('Obesity', 'Obstructive sleep apnea'), ('Eating disorders', 'Healthy eating'), ('Consumer demand for regulations', 'Marketing of healthy foods'), ('Dyslipidemia', 'Blood pressure'), ('Obesity', 'Gastro-esophageal reflux disease'), ('Perceived environmental safety', 'Mental well-being'), ('Late night TV watching', 'Short sleep duration'), ('Auto-inflammatory diseases', 'Inflammation'), ('Depression', 'Healthy eating'), ('Socio-economic status', 'Stress'), ('Exercise', 'Blood glucose level'), ('Public support and demand for healthy products', 'Marketing of healthy foods'), ('Unhealthy foods are cheaper than healthy ones', 'Supportive food environment'), ('Control', 'Mental well-being'), ('Atherosclerosis', 'Coronary heart diseases'), ('Socio-economic status', 'Physical well-being'), ('Ability to engage in physical activity', 'Physical activity'), ('Public health messaging around thinness', 'Weight bias'), ('Public support and demand for healthy products', 'Availability of healthy foods'), ('Release of adipokines', 'Atherosclerosis'), ('Consumer demand for regulations', 'Marketing of unhealthy foods'), ('Resilience', 'Mental well-being'), ('Blood mono-unsaturated fatty acid level', 'Secretion of inflammatory molecules by adipose cells'), ('Medical perspective that thin is good', 'Public health messaging around thinness'), ('Mental well-being', 'Medications'), ('Sexual difficulties', 'Mental well-being'), ('Insulin resistance', 'Fatty acids in the artery walls'), ('Insulin resistance', 'Cells intake of fatty acids'), ('Sidewalk prevalence and maintenance', 'Utilitarian physical activity '), ('Adipose storage of fatty acids', 'Inflammation'), ('Socio-economic status', 'Exercise'), ('Thoracic and abdominal obesity', 'Airway resistance'), ('Healthy eating', 'Short sleep duration'), ('Perceived environmental safety', 'Physical well-being'), ('Weight bias', 'Depression'), ('Emotional eating', 'Mental well-being'), ('Late night TV watching', 'Healthy eating'), ('Control', 'Stress'), ('Aesthetics', 'Physical well-being'), ('Economic incentives to produce unhealthy food products', 'Cost of unhealthy foods'), ('Supportive food environment', 'Healthy eating'), ('Appetite', 'Physical well-being'), ('Thoracic and abdominal obesity', 'Respiratory muscle fatigue'), ('Cardiovascular diseases', 'Fear of engaging in physical activity'), ('Socio-economic status', 'Mental well-being'), ('Unhealthy weight control practices', 'Obesity'), ('Exercise', 'Blood pressure'), ('Sodium retention', 'Blood pressure'), ('Short sleep duration', 'Pro-inflammatory cytokines'), ('Medications', 'Obesity'), ('Short sleep duration', 'Appetite'), ('Balance', 'Ability to engage in physical activity'), ('Short sleep duration', 'Cortisol'), ('Airway resistance', 'Asthma'), ('Short sleep duration', 'Blood pressure'), ('Medical perspective that thin is good', 'Cultural norms around thinness'), ('Healthy eating', 'Blood glucose level'), ('Mental well-being', 'Anticonvulsants'), ('Fatty acids in the artery walls', 'Atherosclerosis'), ('Dyslipidemia', 'Insulin resistance'), ('Blood glucose level', 'Fatty acids in the artery walls'), ('Respiratory diseases', 'Ability to engage in physical activity'), ('Blood saturated fatty acid level', 'Secretion of inflammatory molecules by adipose cells'), ('Dysfunctional adipose tissue', 'Inflammation'), ('Weight bias', 'Mental well-being'), ('Coordination', 'Ability to engage in physical activity'), ('Cultural norms around thinness', 'Cultural norms around thinness'), ('Cultural norms around thinness', 'Poor body image'), ('Obesity', 'Short sleep duration'), ('Inflammation', 'Asthma'), ('Healthy eating', 'Sodium intake'), ('Cultural norms around thinness', 'Eating disorders'), ('Poor body image', 'Sexual difficulties'), ('Fear of engaging in physical activity', 'Physical activity'), ('Short sleep duration', 'Healthy eating'), ('Coronary heart diseases', 'Dyspnea'), ('Stress', 'Inflammation'), ('Weight bias', 'Stress'), ('Unhealthy weight control practices', 'Eating disorders'), ('Tiredness', 'Ability to engage in physical activity'), ('Short sleep duration', 'Heart rate'), ('Prevalence of bike trails', 'Quality of the sport infrastructure'), ('Exercise', 'Blood fatty acid level'), ('Mental well-being', 'Emotional eating'), ('Poor body image', 'Poor body image'), ('Blood fatty acid level', 'Blood glucose level'), ('Cardiovascular diseases', 'Depression'), ('Pro-inflammatory cytokines', 'Inflammation'), ('Prevalence of green fields', 'Quality of the sport infrastructure'), ('Mental well-being', 'Antipsychotics'), ('Socio-economic status', 'Control'), ('Weight bias', 'Poor body image'), ('Positive experience of sports', 'Recreational physical activity'), ('Public support and demand for healthy products', 'Cost of healthy foods'), ('Socio-economic status', 'Availability of healthy foods'), ('Cardiovascular diseases', 'Physical well-being'), ('Respiratory muscle fatigue', 'Dyspnea'), ('Heart rate', 'Coronary heart diseases'), ('Pressure to be thin', 'Poor body image'), ('Medications', 'Coordination'), ('Beta blockers', 'Ability to engage in physical activity'), ('Antipsychotics', 'Appetite'), ('Sodium intake', 'Blood pressure'), ('Pressure to be thin', 'Unhealthy weight control practices'), ('Airway resistance', 'Asthma-like symptoms'), ('Depression', 'Stress'), ('Medications', 'Concentration'), ('Public support and demand for healthy products', 'Marketing of unhealthy foods'), ('Poor body image', 'Eating disorders'), ('Emotional eating', 'Healthy eating'), ('Obesity', 'Access to health professionals'), ('Obesity', 'Mental well-being'), ('Unhealthy foods are more available than healthy ones', 'Supportive food environment'), ('Healthy eating', 'Blood saturated fatty acid level'), ('Presence of a vibrant community', 'Resilience'), ('Cells intake of fatty acids', 'Adipose storage of fatty acids'), ('Physical activity', 'Physical well-being'), ('Appetite', 'Healthy eating'), ('Aesthetics', 'Stress'), ('Chronic conditions', 'Mental well-being'), ('Weight bias', 'Positive experience of sports'), ('Healthy eating', 'Dyslipidemia'), ('Quality of the sport infrastructure', 'Recreational physical activity'), ('Physical pain', 'Ability to engage in physical activity'), ('Prevalence of green fields', 'Aesthetics'), ('Concentration', 'Ability to engage in physical activity'), ('Aesthetics', 'Mental well-being'), ('Poor body image', 'Depression'), ('Chronic conditions', 'Physical well-being'), ('Obesity', 'Release of adipokines'), ('Blood glucose level', 'Sodium retention'), ('Restrictive covenants', 'Availability of healthy foods'), ('Musculoskeletal pain', 'Mental well-being'), ('Weight bias', 'Unhealthy weight control practices'), ('Physical activity', 'Mental well-being'), ('Access to health professionals', 'Ability to engage in physical activity'), ('Stimulants', 'Short sleep duration'), ('Culture of eating that promotes healthy choices', 'Healthy eating'), ('Culture of eating that promotes healthy choices', 'Mental well-being'), ('Weight bias', 'Exercise'), ('Obesity', 'Dysfunctional adipose tissue'), ('Medications', 'Tiredness'), ('Inflammation', 'Insulin resistance'), ('Anticonvulsants', 'Appetite'), ('Inflammation', 'Auto-inflammatory diseases'), ('Accessibility to shops', 'Utilitarian physical activity '), ('Blood fatty acid level', 'Adipose storage of fatty acids'), ('Perceived environmental safety', 'Physical activity'), ('Short sleep duration', 'Physical well-being'), ('Cultural norms around thinness', 'Pressure to be thin'), ('Weight bias', 'Access to health professionals'), ('Public health messaging around thinness', 'Pressure to be thin'), ('Dysfunctional adipose tissue', 'Blood pressure'), ('Dysfunctional adipose tissue', 'Dyslipidemia'), ('Aesthetics', 'Utilitarian physical activity '), ('Obesity', 'Unhealthy weight control practices'), ('Obesity', 'Asthma-like symptoms'), ('Marketing ratio of unhealthy to healthy foods', 'Supportive food environment'), ('Dyslipidemia', 'Atherosclerosis'), ('Physical well-being', 'Mental well-being'), ('Public support and demand for healthy products', 'Cost of unhealthy foods'), ('Musculoskeletal pain', 'Physical well-being'), ('Coronary heart diseases', 'Exercise')]"
4,"[('Control', 'Coordination'), ('Stress', 'Inflammation'), ('Depression', 'Pro-inflammatory cytokines'), ('Poor body image', 'Unhealthy weight control practices'), ('Resilience', 'Concentration'), ('Physical well-being', 'Ability to engage in physical activity'), ('Pressure to be thin', 'Physical pain'), ('Mental well-being', 'Balance'), ('Culture of eating that promotes healthy choices', 'Blood glucose level'), ('Cultural norms around thinness', 'Short sleep duration'), ('Weight bias', 'Blood pressure')]",1,1,1,1,-1,"[('Culture of eating that promotes healthy choices', 'Physical well-being'), ('Weight bias', 'Socio-economic status'), ('Mental well-being', 'Physical well-being'), ('Socio-economic status', 'Stress'), ('Control', 'Mental well-being'), ('Socio-economic status', 'Physical well-being'), ('Public health messaging around thinness', 'Weight bias'), ('Resilience', 'Mental well-being'), ('Medical perspective that thin is good', 'Public health messaging around thinness'), ('Weight bias', 'Depression'), ('Control', 'Stress'), ('Socio-economic status', 'Mental well-being'), ('Medical perspective that thin is good', 'Cultural norms around thinness'), ('Weight bias', 'Mental well-being'), ('Cultural norms around thinness', 'Cultural norms around thinness'), ('Cultural norms around thinness', 'Poor body image'), ('Weight bias', 'Stress'), ('Poor body image', 'Poor body image'), ('Socio-economic status', 'Control'), ('Weight bias', 'Poor body image'), ('Pressure to be thin', 'Poor body image'), ('Depression', 'Stress'), ('Poor body image', 'Depression'), ('Culture of eating that promotes healthy choices', 'Mental well-being'), ('Cultural norms around thinness', 'Pressure to be thin'), ('Public health messaging around thinness', 'Pressure to be thin'), ('Physical well-being', 'Mental well-being')]","[('Medications', 'Balance'), ('Secretion of inflammatory molecules by adipose cells', 'Insulin resistance'), ('Obesity', 'Obstructive sleep apnea'), ('Dyslipidemia', 'Blood pressure'), ('Obesity', 'Gastro-esophageal reflux disease'), ('Auto-inflammatory diseases', 'Inflammation'), ('Atherosclerosis', 'Coronary heart diseases'), ('Release of adipokines', 'Atherosclerosis'), ('Blood mono-unsaturated fatty acid level', 'Secretion of inflammatory molecules by adipose cells'), ('Insulin resistance', 'Fatty acids in the artery walls'), ('Insulin resistance', 'Cells intake of fatty acids'), ('Adipose storage of fatty acids', 'Inflammation'), ('Thoracic and abdominal obesity', 'Airway resistance'), ('Thoracic and abdominal obesity', 'Respiratory muscle fatigue'), ('Unhealthy weight control practices', 'Obesity'), ('Sodium retention', 'Blood pressure'), ('Short sleep duration', 'Pro-inflammatory cytokines'), ('Medications', 'Obesity'), ('Balance', 'Ability to engage in physical activity'), ('Short sleep duration', 'Cortisol'), ('Airway resistance', 'Asthma'), ('Short sleep duration', 'Blood pressure'), ('Fatty acids in the artery walls', 'Atherosclerosis'), ('Dyslipidemia', 'Insulin resistance'), ('Blood glucose level', 'Fatty acids in the artery walls'), ('Respiratory diseases', 'Ability to engage in physical activity'), ('Blood saturated fatty acid level', 'Secretion of inflammatory molecules by adipose cells'), ('Dysfunctional adipose tissue', 'Inflammation'), ('Coordination', 'Ability to engage in physical activity'), ('Obesity', 'Short sleep duration'), ('Inflammation', 'Asthma'), ('Coronary heart diseases', 'Dyspnea'), ('Tiredness', 'Ability to engage in physical activity'), ('Short sleep duration', 'Heart rate'), ('Blood fatty acid level', 'Blood glucose level'), ('Pro-inflammatory cytokines', 'Inflammation'), ('Respiratory muscle fatigue', 'Dyspnea'), ('Heart rate', 'Coronary heart diseases'), ('Medications', 'Coordination'), ('Beta blockers', 'Ability to engage in physical activity'), ('Sodium intake', 'Blood pressure'), ('Airway resistance', 'Asthma-like symptoms'), ('Medications', 'Concentration'), ('Cells intake of fatty acids', 'Adipose storage of fatty acids'), ('Physical pain', 'Ability to engage in physical activity'), ('Concentration', 'Ability to engage in physical activity'), ('Obesity', 'Release of adipokines'), ('Blood glucose level', 'Sodium retention'), ('Stimulants', 'Short sleep duration'), ('Obesity', 'Dysfunctional adipose tissue'), ('Medications', 'Tiredness'), ('Inflammation', 'Insulin resistance'), ('Inflammation', 'Auto-inflammatory diseases'), ('Blood fatty acid level', 'Adipose storage of fatty acids'), ('Dysfunctional adipose tissue', 'Blood pressure'), ('Dysfunctional adipose tissue', 'Dyslipidemia'), ('Obesity', 'Unhealthy weight control practices'), ('Obesity', 'Asthma-like symptoms'), ('Dyslipidemia', 'Atherosclerosis')]","[('Prevalence of walking trails', 'Quality of the sport infrastructure'), ('Medications', 'Balance'), ('Culture of eating that promotes healthy choices', 'Physical well-being'), ('Secretion of inflammatory molecules by adipose cells', 'Insulin resistance'), ('Presence of a vibrant community', 'Control'), ('Obesity', 'Weight bias'), ('Healthy eating', 'Blood mono-unsaturated fatty acid level'), ('Exercise', 'Heart rate'), ('Available time', 'Recreational physical activity'), ('Chronic conditions', 'Depression'), ('Exercise', 'Insulin resistance'), ('Weight bias', 'Socio-economic status'), ('Mental well-being', 'Physical well-being'), ('Obesity', 'Obstructive sleep apnea'), ('Eating disorders', 'Healthy eating'), ('Consumer demand for regulations', 'Marketing of healthy foods'), ('Dyslipidemia', 'Blood pressure'), ('Obesity', 'Gastro-esophageal reflux disease'), ('Perceived environmental safety', 'Mental well-being'), ('Late night TV watching', 'Short sleep duration'), ('Auto-inflammatory diseases', 'Inflammation'), ('Depression', 'Healthy eating'), ('Socio-economic status', 'Stress'), ('Exercise', 'Blood glucose level'), ('Public support and demand for healthy products', 'Marketing of healthy foods'), ('Unhealthy foods are cheaper than healthy ones', 'Supportive food environment'), ('Control', 'Mental well-being'), ('Atherosclerosis', 'Coronary heart diseases'), ('Socio-economic status', 'Physical well-being'), ('Ability to engage in physical activity', 'Physical activity'), ('Public health messaging around thinness', 'Weight bias'), ('Public support and demand for healthy products', 'Availability of healthy foods'), ('Release of adipokines', 'Atherosclerosis'), ('Consumer demand for regulations', 'Marketing of unhealthy foods'), ('Resilience', 'Mental well-being'), ('Blood mono-unsaturated fatty acid level', 'Secretion of inflammatory molecules by adipose cells'), ('Medical perspective that thin is good', 'Public health messaging around thinness'), ('Mental well-being', 'Medications'), ('Sexual difficulties', 'Mental well-being'), ('Insulin resistance', 'Fatty acids in the artery walls'), ('Insulin resistance', 'Cells intake of fatty acids'), ('Sidewalk prevalence and maintenance', 'Utilitarian physical activity '), ('Adipose storage of fatty acids', 'Inflammation'), ('Socio-economic status', 'Exercise'), ('Thoracic and abdominal obesity', 'Airway resistance'), ('Healthy eating', 'Short sleep duration'), ('Perceived environmental safety', 'Physical well-being'), ('Weight bias', 'Depression'), ('Emotional eating', 'Mental well-being'), ('Late night TV watching', 'Healthy eating'), ('Control', 'Stress'), ('Aesthetics', 'Physical well-being'), ('Economic incentives to produce unhealthy food products', 'Cost of unhealthy foods'), ('Supportive food environment', 'Healthy eating'), ('Appetite', 'Physical well-being'), ('Thoracic and abdominal obesity', 'Respiratory muscle fatigue'), ('Cardiovascular diseases', 'Fear of engaging in physical activity'), ('Socio-economic status', 'Mental well-being'), ('Unhealthy weight control practices', 'Obesity'), ('Exercise', 'Blood pressure'), ('Sodium retention', 'Blood pressure'), ('Short sleep duration', 'Pro-inflammatory cytokines'), ('Medications', 'Obesity'), ('Short sleep duration', 'Appetite'), ('Balance', 'Ability to engage in physical activity'), ('Short sleep duration', 'Cortisol'), ('Airway resistance', 'Asthma'), ('Short sleep duration', 'Blood pressure'), ('Medical perspective that thin is good', 'Cultural norms around thinness'), ('Healthy eating', 'Blood glucose level'), ('Mental well-being', 'Anticonvulsants'), ('Fatty acids in the artery walls', 'Atherosclerosis'), ('Dyslipidemia', 'Insulin resistance'), ('Blood glucose level', 'Fatty acids in the artery walls'), ('Respiratory diseases', 'Ability to engage in physical activity'), ('Blood saturated fatty acid level', 'Secretion of inflammatory molecules by adipose cells'), ('Dysfunctional adipose tissue', 'Inflammation'), ('Weight bias', 'Mental well-being'), ('Coordination', 'Ability to engage in physical activity'), ('Cultural norms around thinness', 'Cultural norms around thinness'), ('Cultural norms around thinness', 'Poor body image'), ('Obesity', 'Short sleep duration'), ('Inflammation', 'Asthma'), ('Healthy eating', 'Sodium intake'), ('Cultural norms around thinness', 'Eating disorders'), ('Poor body image', 'Sexual difficulties'), ('Fear of engaging in physical activity', 'Physical activity'), ('Short sleep duration', 'Healthy eating'), ('Coronary heart diseases', 'Dyspnea'), ('Stress', 'Inflammation'), ('Weight bias', 'Stress'), ('Unhealthy weight control practices', 'Eating disorders'), ('Tiredness', 'Ability to engage in physical activity'), ('Short sleep duration', 'Heart rate'), ('Prevalence of bike trails', 'Quality of the sport infrastructure'), ('Exercise', 'Blood fatty acid level'), ('Mental well-being', 'Emotional eating'), ('Poor body image', 'Poor body image'), ('Blood fatty acid level', 'Blood glucose level'), ('Cardiovascular diseases', 'Depression'), ('Pro-inflammatory cytokines', 'Inflammation'), ('Prevalence of green fields', 'Quality of the sport infrastructure'), ('Mental well-being', 'Antipsychotics'), ('Socio-economic status', 'Control'), ('Weight bias', 'Poor body image'), ('Positive experience of sports', 'Recreational physical activity'), ('Public support and demand for healthy products', 'Cost of healthy foods'), ('Socio-economic status', 'Availability of healthy foods'), ('Cardiovascular diseases', 'Physical well-being'), ('Respiratory muscle fatigue', 'Dyspnea'), ('Heart rate', 'Coronary heart diseases'), ('Pressure to be thin', 'Poor body image'), ('Medications', 'Coordination'), ('Beta blockers', 'Ability to engage in physical activity'), ('Antipsychotics', 'Appetite'), ('Sodium intake', 'Blood pressure'), ('Pressure to be thin', 'Unhealthy weight control practices'), ('Airway resistance', 'Asthma-like symptoms'), ('Depression', 'Stress'), ('Medications', 'Concentration'), ('Public support and demand for healthy products', 'Marketing of unhealthy foods'), ('Poor body image', 'Eating disorders'), ('Emotional eating', 'Healthy eating'), ('Obesity', 'Access to health professionals'), ('Obesity', 'Mental well-being'), ('Unhealthy foods are more available than healthy ones', 'Supportive food environment'), ('Healthy eating', 'Blood saturated fatty acid level'), ('Presence of a vibrant community', 'Resilience'), ('Cells intake of fatty acids', 'Adipose storage of fatty acids'), ('Physical activity', 'Physical well-being'), ('Appetite', 'Healthy eating'), ('Aesthetics', 'Stress'), ('Chronic conditions', 'Mental well-being'), ('Weight bias', 'Positive experience of sports'), ('Healthy eating', 'Dyslipidemia'), ('Quality of the sport infrastructure', 'Recreational physical activity'), ('Physical pain', 'Ability to engage in physical activity'), ('Prevalence of green fields', 'Aesthetics'), ('Concentration', 'Ability to engage in physical activity'), ('Aesthetics', 'Mental well-being'), ('Poor body image', 'Depression'), ('Chronic conditions', 'Physical well-being'), ('Obesity', 'Release of adipokines'), ('Blood glucose level', 'Sodium retention'), ('Restrictive covenants', 'Availability of healthy foods'), ('Musculoskeletal pain', 'Mental well-being'), ('Weight bias', 'Unhealthy weight control practices'), ('Physical activity', 'Mental well-being'), ('Access to health professionals', 'Ability to engage in physical activity'), ('Stimulants', 'Short sleep duration'), ('Culture of eating that promotes healthy choices', 'Healthy eating'), ('Culture of eating that promotes healthy choices', 'Mental well-being'), ('Weight bias', 'Exercise'), ('Obesity', 'Dysfunctional adipose tissue'), ('Medications', 'Tiredness'), ('Inflammation', 'Insulin resistance'), ('Anticonvulsants', 'Appetite'), ('Inflammation', 'Auto-inflammatory diseases'), ('Accessibility to shops', 'Utilitarian physical activity '), ('Blood fatty acid level', 'Adipose storage of fatty acids'), ('Perceived environmental safety', 'Physical activity'), ('Short sleep duration', 'Physical well-being'), ('Cultural norms around thinness', 'Pressure to be thin'), ('Weight bias', 'Access to health professionals'), ('Public health messaging around thinness', 'Pressure to be thin'), ('Dysfunctional adipose tissue', 'Blood pressure'), ('Dysfunctional adipose tissue', 'Dyslipidemia'), ('Aesthetics', 'Utilitarian physical activity '), ('Obesity', 'Unhealthy weight control practices'), ('Obesity', 'Asthma-like symptoms'), ('Marketing ratio of unhealthy to healthy foods', 'Supportive food environment'), ('Dyslipidemia', 'Atherosclerosis'), ('Physical well-being', 'Mental well-being'), ('Public support and demand for healthy products', 'Cost of unhealthy foods'), ('Musculoskeletal pain', 'Physical well-being'), ('Coronary heart diseases', 'Exercise')]"
0,"[('Public health messaging around thinness', 'Short sleep duration'), ('Weight bias', 'Dysfunctional adipose tissue'), ('Medical perspective that thin is good', 'Blood glucose level'), ('Stress', 'Cortisol'), ('Physical well-being', 'Ability to engage in physical activity'), ('Depression', 'Insulin resistance'), ('Resilience', 'Inflammation'), ('Cultural norms around thinness', 'Unhealthy weight control practices'), ('Pressure to be thin', 'Obesity'), ('Mental well-being', 'Concentration')]",1,1,1,-1,-1,"[('Culture of eating that promotes healthy choices', 'Physical well-being'), ('Weight bias', 'Socio-economic status'), ('Mental well-being', 'Physical well-being'), ('Socio-economic status', 'Stress'), ('Control', 'Mental well-being'), ('Socio-economic status', 'Physical well-being'), ('Public health messaging around thinness', 'Weight bias'), ('Resilience', 'Mental well-being'), ('Medical perspective that thin is good', 'Public health messaging around thinness'), ('Weight bias', 'Depression'), ('Control', 'Stress'), ('Socio-economic status', 'Mental well-being'), ('Medical perspective that thin is good', 'Cultural norms around thinness'), ('Weight bias', 'Mental well-being'), ('Cultural norms around thinness', 'Cultural norms around thinness'), ('Cultural norms around thinness', 'Poor body image'), ('Weight bias', 'Stress'), ('Poor body image', 'Poor body image'), ('Socio-economic status', 'Control'), ('Weight bias', 'Poor body image'), ('Pressure to be thin', 'Poor body image'), ('Depression', 'Stress'), ('Poor body image', 'Depression'), ('Culture of eating that promotes healthy choices', 'Mental well-being'), ('Cultural norms around thinness', 'Pressure to be thin'), ('Public health messaging around thinness', 'Pressure to be thin'), ('Physical well-being', 'Mental well-being')]","[('Medications', 'Balance'), ('Secretion of inflammatory molecules by adipose cells', 'Insulin resistance'), ('Obesity', 'Obstructive sleep apnea'), ('Dyslipidemia', 'Blood pressure'), ('Obesity', 'Gastro-esophageal reflux disease'), ('Auto-inflammatory diseases', 'Inflammation'), ('Atherosclerosis', 'Coronary heart diseases'), ('Release of adipokines', 'Atherosclerosis'), ('Blood mono-unsaturated fatty acid level', 'Secretion of inflammatory molecules by adipose cells'), ('Insulin resistance', 'Fatty acids in the artery walls'), ('Insulin resistance', 'Cells intake of fatty acids'), ('Adipose storage of fatty acids', 'Inflammation'), ('Thoracic and abdominal obesity', 'Airway resistance'), ('Thoracic and abdominal obesity', 'Respiratory muscle fatigue'), ('Unhealthy weight control practices', 'Obesity'), ('Sodium retention', 'Blood pressure'), ('Short sleep duration', 'Pro-inflammatory cytokines'), ('Medications', 'Obesity'), ('Balance', 'Ability to engage in physical activity'), ('Short sleep duration', 'Cortisol'), ('Airway resistance', 'Asthma'), ('Short sleep duration', 'Blood pressure'), ('Fatty acids in the artery walls', 'Atherosclerosis'), ('Dyslipidemia', 'Insulin resistance'), ('Blood glucose level', 'Fatty acids in the artery walls'), ('Respiratory diseases', 'Ability to engage in physical activity'), ('Blood saturated fatty acid level', 'Secretion of inflammatory molecules by adipose cells'), ('Dysfunctional adipose tissue', 'Inflammation'), ('Coordination', 'Ability to engage in physical activity'), ('Obesity', 'Short sleep duration'), ('Inflammation', 'Asthma'), ('Coronary heart diseases', 'Dyspnea'), ('Tiredness', 'Ability to engage in physical activity'), ('Short sleep duration', 'Heart rate'), ('Blood fatty acid level', 'Blood glucose level'), ('Pro-inflammatory cytokines', 'Inflammation'), ('Respiratory muscle fatigue', 'Dyspnea'), ('Heart rate', 'Coronary heart diseases'), ('Medications', 'Coordination'), ('Beta blockers', 'Ability to engage in physical activity'), ('Sodium intake', 'Blood pressure'), ('Airway resistance', 'Asthma-like symptoms'), ('Medications', 'Concentration'), ('Cells intake of fatty acids', 'Adipose storage of fatty acids'), ('Physical pain', 'Ability to engage in physical activity'), ('Concentration', 'Ability to engage in physical activity'), ('Obesity', 'Release of adipokines'), ('Blood glucose level', 'Sodium retention'), ('Stimulants', 'Short sleep duration'), ('Obesity', 'Dysfunctional adipose tissue'), ('Medications', 'Tiredness'), ('Inflammation', 'Insulin resistance'), ('Inflammation', 'Auto-inflammatory diseases'), ('Blood fatty acid level', 'Adipose storage of fatty acids'), ('Dysfunctional adipose tissue', 'Blood pressure'), ('Dysfunctional adipose tissue', 'Dyslipidemia'), ('Obesity', 'Unhealthy weight control practices'), ('Obesity', 'Asthma-like symptoms'), ('Dyslipidemia', 'Atherosclerosis')]","[('Prevalence of walking trails', 'Quality of the sport infrastructure'), ('Medications', 'Balance'), ('Culture of eating that promotes healthy choices', 'Physical well-being'), ('Secretion of inflammatory molecules by adipose cells', 'Insulin resistance'), ('Presence of a vibrant community', 'Control'), ('Obesity', 'Weight bias'), ('Healthy eating', 'Blood mono-unsaturated fatty acid level'), ('Exercise', 'Heart rate'), ('Available time', 'Recreational physical activity'), ('Chronic conditions', 'Depression'), ('Exercise', 'Insulin resistance'), ('Weight bias', 'Socio-economic status'), ('Mental well-being', 'Physical well-being'), ('Obesity', 'Obstructive sleep apnea'), ('Eating disorders', 'Healthy eating'), ('Consumer demand for regulations', 'Marketing of healthy foods'), ('Dyslipidemia', 'Blood pressure'), ('Obesity', 'Gastro-esophageal reflux disease'), ('Perceived environmental safety', 'Mental well-being'), ('Late night TV watching', 'Short sleep duration'), ('Auto-inflammatory diseases', 'Inflammation'), ('Depression', 'Healthy eating'), ('Socio-economic status', 'Stress'), ('Exercise', 'Blood glucose level'), ('Public support and demand for healthy products', 'Marketing of healthy foods'), ('Unhealthy foods are cheaper than healthy ones', 'Supportive food environment'), ('Control', 'Mental well-being'), ('Atherosclerosis', 'Coronary heart diseases'), ('Socio-economic status', 'Physical well-being'), ('Ability to engage in physical activity', 'Physical activity'), ('Public health messaging around thinness', 'Weight bias'), ('Public support and demand for healthy products', 'Availability of healthy foods'), ('Release of adipokines', 'Atherosclerosis'), ('Consumer demand for regulations', 'Marketing of unhealthy foods'), ('Resilience', 'Mental well-being'), ('Blood mono-unsaturated fatty acid level', 'Secretion of inflammatory molecules by adipose cells'), ('Medical perspective that thin is good', 'Public health messaging around thinness'), ('Mental well-being', 'Medications'), ('Sexual difficulties', 'Mental well-being'), ('Insulin resistance', 'Fatty acids in the artery walls'), ('Insulin resistance', 'Cells intake of fatty acids'), ('Sidewalk prevalence and maintenance', 'Utilitarian physical activity '), ('Adipose storage of fatty acids', 'Inflammation'), ('Socio-economic status', 'Exercise'), ('Thoracic and abdominal obesity', 'Airway resistance'), ('Healthy eating', 'Short sleep duration'), ('Perceived environmental safety', 'Physical well-being'), ('Weight bias', 'Depression'), ('Emotional eating', 'Mental well-being'), ('Late night TV watching', 'Healthy eating'), ('Control', 'Stress'), ('Aesthetics', 'Physical well-being'), ('Economic incentives to produce unhealthy food products', 'Cost of unhealthy foods'), ('Supportive food environment', 'Healthy eating'), ('Appetite', 'Physical well-being'), ('Thoracic and abdominal obesity', 'Respiratory muscle fatigue'), ('Cardiovascular diseases', 'Fear of engaging in physical activity'), ('Socio-economic status', 'Mental well-being'), ('Unhealthy weight control practices', 'Obesity'), ('Exercise', 'Blood pressure'), ('Sodium retention', 'Blood pressure'), ('Short sleep duration', 'Pro-inflammatory cytokines'), ('Medications', 'Obesity'), ('Short sleep duration', 'Appetite'), ('Balance', 'Ability to engage in physical activity'), ('Short sleep duration', 'Cortisol'), ('Airway resistance', 'Asthma'), ('Short sleep duration', 'Blood pressure'), ('Medical perspective that thin is good', 'Cultural norms around thinness'), ('Healthy eating', 'Blood glucose level'), ('Mental well-being', 'Anticonvulsants'), ('Fatty acids in the artery walls', 'Atherosclerosis'), ('Dyslipidemia', 'Insulin resistance'), ('Blood glucose level', 'Fatty acids in the artery walls'), ('Respiratory diseases', 'Ability to engage in physical activity'), ('Blood saturated fatty acid level', 'Secretion of inflammatory molecules by adipose cells'), ('Dysfunctional adipose tissue', 'Inflammation'), ('Weight bias', 'Mental well-being'), ('Coordination', 'Ability to engage in physical activity'), ('Cultural norms around thinness', 'Cultural norms around thinness'), ('Cultural norms around thinness', 'Poor body image'), ('Obesity', 'Short sleep duration'), ('Inflammation', 'Asthma'), ('Healthy eating', 'Sodium intake'), ('Cultural norms around thinness', 'Eating disorders'), ('Poor body image', 'Sexual difficulties'), ('Fear of engaging in physical activity', 'Physical activity'), ('Short sleep duration', 'Healthy eating'), ('Coronary heart diseases', 'Dyspnea'), ('Stress', 'Inflammation'), ('Weight bias', 'Stress'), ('Unhealthy weight control practices', 'Eating disorders'), ('Tiredness', 'Ability to engage in physical activity'), ('Short sleep duration', 'Heart rate'), ('Prevalence of bike trails', 'Quality of the sport infrastructure'), ('Exercise', 'Blood fatty acid level'), ('Mental well-being', 'Emotional eating'), ('Poor body image', 'Poor body image'), ('Blood fatty acid level', 'Blood glucose level'), ('Cardiovascular diseases', 'Depression'), ('Pro-inflammatory cytokines', 'Inflammation'), ('Prevalence of green fields', 'Quality of the sport infrastructure'), ('Mental well-being', 'Antipsychotics'), ('Socio-economic status', 'Control'), ('Weight bias', 'Poor body image'), ('Positive experience of sports', 'Recreational physical activity'), ('Public support and demand for healthy products', 'Cost of healthy foods'), ('Socio-economic status', 'Availability of healthy foods'), ('Cardiovascular diseases', 'Physical well-being'), ('Respiratory muscle fatigue', 'Dyspnea'), ('Heart rate', 'Coronary heart diseases'), ('Pressure to be thin', 'Poor body image'), ('Medications', 'Coordination'), ('Beta blockers', 'Ability to engage in physical activity'), ('Antipsychotics', 'Appetite'), ('Sodium intake', 'Blood pressure'), ('Pressure to be thin', 'Unhealthy weight control practices'), ('Airway resistance', 'Asthma-like symptoms'), ('Depression', 'Stress'), ('Medications', 'Concentration'), ('Public support and demand for healthy products', 'Marketing of unhealthy foods'), ('Poor body image', 'Eating disorders'), ('Emotional eating', 'Healthy eating'), ('Obesity', 'Access to health professionals'), ('Obesity', 'Mental well-being'), ('Unhealthy foods are more available than healthy ones', 'Supportive food environment'), ('Healthy eating', 'Blood saturated fatty acid level'), ('Presence of a vibrant community', 'Resilience'), ('Cells intake of fatty acids', 'Adipose storage of fatty acids'), ('Physical activity', 'Physical well-being'), ('Appetite', 'Healthy eating'), ('Aesthetics', 'Stress'), ('Chronic conditions', 'Mental well-being'), ('Weight bias', 'Positive experience of sports'), ('Healthy eating', 'Dyslipidemia'), ('Quality of the sport infrastructure', 'Recreational physical activity'), ('Physical pain', 'Ability to engage in physical activity'), ('Prevalence of green fields', 'Aesthetics'), ('Concentration', 'Ability to engage in physical activity'), ('Aesthetics', 'Mental well-being'), ('Poor body image', 'Depression'), ('Chronic conditions', 'Physical well-being'), ('Obesity', 'Release of adipokines'), ('Blood glucose level', 'Sodium retention'), ('Restrictive covenants', 'Availability of healthy foods'), ('Musculoskeletal pain', 'Mental well-being'), ('Weight bias', 'Unhealthy weight control practices'), ('Physical activity', 'Mental well-being'), ('Access to health professionals', 'Ability to engage in physical activity'), ('Stimulants', 'Short sleep duration'), ('Culture of eating that promotes healthy choices', 'Healthy eating'), ('Culture of eating that promotes healthy choices', 'Mental well-being'), ('Weight bias', 'Exercise'), ('Obesity', 'Dysfunctional adipose tissue'), ('Medications', 'Tiredness'), ('Inflammation', 'Insulin resistance'), ('Anticonvulsants', 'Appetite'), ('Inflammation', 'Auto-inflammatory diseases'), ('Accessibility to shops', 'Utilitarian physical activity '), ('Blood fatty acid level', 'Adipose storage of fatty acids'), ('Perceived environmental safety', 'Physical activity'), ('Short sleep duration', 'Physical well-being'), ('Cultural norms around thinness', 'Pressure to be thin'), ('Weight bias', 'Access to health professionals'), ('Public health messaging around thinness', 'Pressure to be thin'), ('Dysfunctional adipose tissue', 'Blood pressure'), ('Dysfunctional adipose tissue', 'Dyslipidemia'), ('Aesthetics', 'Utilitarian physical activity '), ('Obesity', 'Unhealthy weight control practices'), ('Obesity', 'Asthma-like symptoms'), ('Marketing ratio of unhealthy to healthy foods', 'Supportive food environment'), ('Dyslipidemia', 'Atherosclerosis'), ('Physical well-being', 'Mental well-being'), ('Public support and demand for healthy products', 'Cost of unhealthy foods'), ('Musculoskeletal pain', 'Physical well-being'), ('Coronary heart diseases', 'Exercise')]"
1,"[('Public health messaging around thinness', 'Short sleep duration'), ('Weight bias', 'Dysfunctional adipose tissue'), ('Medical perspective that thin is good', 'Blood glucose level'), ('Stress', 'Cortisol'), ('Physical well-being', 'Ability to engage in physical activity'), ('Depression', 'Insulin resistance'), ('Resilience', 'Inflammation'), ('Cultural norms around thinness', 'Unhealthy weight control practices'), ('Pressure to be thin', 'Obesity'), ('Mental well-being', 'Concentration')]",1,1,1,-1,-1,"[('Culture of eating that promotes healthy choices', 'Physical well-being'), ('Weight bias', 'Socio-economic status'), ('Mental well-being', 'Physical well-being'), ('Socio-economic status', 'Stress'), ('Control', 'Mental well-being'), ('Socio-economic status', 'Physical well-being'), ('Public health messaging around thinness', 'Weight bias'), ('Resilience', 'Mental well-being'), ('Medical perspective that thin is good', 'Public health messaging around thinness'), ('Weight bias', 'Depression'), ('Control', 'Stress'), ('Socio-economic status', 'Mental well-being'), ('Medical perspective that thin is good', 'Cultural norms around thinness'), ('Weight bias', 'Mental well-being'), ('Cultural norms around thinness', 'Cultural norms around thinness'), ('Cultural norms around thinness', 'Poor body image'), ('Weight bias', 'Stress'), ('Poor body image', 'Poor body image'), ('Socio-economic status', 'Control'), ('Weight bias', 'Poor body image'), ('Pressure to be thin', 'Poor body image'), ('Depression', 'Stress'), ('Poor body image', 'Depression'), ('Culture of eating that promotes healthy choices', 'Mental well-being'), ('Cultural norms around thinness', 'Pressure to be thin'), ('Public health messaging around thinness', 'Pressure to be thin'), ('Physical well-being', 'Mental well-being')]","[('Medications', 'Balance'), ('Secretion of inflammatory molecules by adipose cells', 'Insulin resistance'), ('Obesity', 'Obstructive sleep apnea'), ('Dyslipidemia', 'Blood pressure'), ('Obesity', 'Gastro-esophageal reflux disease'), ('Auto-inflammatory diseases', 'Inflammation'), ('Atherosclerosis', 'Coronary heart diseases'), ('Release of adipokines', 'Atherosclerosis'), ('Blood mono-unsaturated fatty acid level', 'Secretion of inflammatory molecules by adipose cells'), ('Insulin resistance', 'Fatty acids in the artery walls'), ('Insulin resistance', 'Cells intake of fatty acids'), ('Adipose storage of fatty acids', 'Inflammation'), ('Thoracic and abdominal obesity', 'Airway resistance'), ('Thoracic and abdominal obesity', 'Respiratory muscle fatigue'), ('Unhealthy weight control practices', 'Obesity'), ('Sodium retention', 'Blood pressure'), ('Short sleep duration', 'Pro-inflammatory cytokines'), ('Medications', 'Obesity'), ('Balance', 'Ability to engage in physical activity'), ('Short sleep duration', 'Cortisol'), ('Airway resistance', 'Asthma'), ('Short sleep duration', 'Blood pressure'), ('Fatty acids in the artery walls', 'Atherosclerosis'), ('Dyslipidemia', 'Insulin resistance'), ('Blood glucose level', 'Fatty acids in the artery walls'), ('Respiratory diseases', 'Ability to engage in physical activity'), ('Blood saturated fatty acid level', 'Secretion of inflammatory molecules by adipose cells'), ('Dysfunctional adipose tissue', 'Inflammation'), ('Coordination', 'Ability to engage in physical activity'), ('Obesity', 'Short sleep duration'), ('Inflammation', 'Asthma'), ('Coronary heart diseases', 'Dyspnea'), ('Tiredness', 'Ability to engage in physical activity'), ('Short sleep duration', 'Heart rate'), ('Blood fatty acid level', 'Blood glucose level'), ('Pro-inflammatory cytokines', 'Inflammation'), ('Respiratory muscle fatigue', 'Dyspnea'), ('Heart rate', 'Coronary heart diseases'), ('Medications', 'Coordination'), ('Beta blockers', 'Ability to engage in physical activity'), ('Sodium intake', 'Blood pressure'), ('Airway resistance', 'Asthma-like symptoms'), ('Medications', 'Concentration'), ('Cells intake of fatty acids', 'Adipose storage of fatty acids'), ('Physical pain', 'Ability to engage in physical activity'), ('Concentration', 'Ability to engage in physical activity'), ('Obesity', 'Release of adipokines'), ('Blood glucose level', 'Sodium retention'), ('Stimulants', 'Short sleep duration'), ('Obesity', 'Dysfunctional adipose tissue'), ('Medications', 'Tiredness'), ('Inflammation', 'Insulin resistance'), ('Inflammation', 'Auto-inflammatory diseases'), ('Blood fatty acid level', 'Adipose storage of fatty acids'), ('Dysfunctional adipose tissue', 'Blood pressure'), ('Dysfunctional adipose tissue', 'Dyslipidemia'), ('Obesity', 'Unhealthy weight control practices'), ('Obesity', 'Asthma-like symptoms'), ('Dyslipidemia', 'Atherosclerosis')]","[('Prevalence of walking trails', 'Quality of the sport infrastructure'), ('Medications', 'Balance'), ('Culture of eating that promotes healthy choices', 'Physical well-being'), ('Secretion of inflammatory molecules by adipose cells', 'Insulin resistance'), ('Presence of a vibrant community', 'Control'), ('Obesity', 'Weight bias'), ('Healthy eating', 'Blood mono-unsaturated fatty acid level'), ('Exercise', 'Heart rate'), ('Available time', 'Recreational physical activity'), ('Chronic conditions', 'Depression'), ('Exercise', 'Insulin resistance'), ('Weight bias', 'Socio-economic status'), ('Mental well-being', 'Physical well-being'), ('Obesity', 'Obstructive sleep apnea'), ('Eating disorders', 'Healthy eating'), ('Consumer demand for regulations', 'Marketing of healthy foods'), ('Dyslipidemia', 'Blood pressure'), ('Obesity', 'Gastro-esophageal reflux disease'), ('Perceived environmental safety', 'Mental well-being'), ('Late night TV watching', 'Short sleep duration'), ('Auto-inflammatory diseases', 'Inflammation'), ('Depression', 'Healthy eating'), ('Socio-economic status', 'Stress'), ('Exercise', 'Blood glucose level'), ('Public support and demand for healthy products', 'Marketing of healthy foods'), ('Unhealthy foods are cheaper than healthy ones', 'Supportive food environment'), ('Control', 'Mental well-being'), ('Atherosclerosis', 'Coronary heart diseases'), ('Socio-economic status', 'Physical well-being'), ('Ability to engage in physical activity', 'Physical activity'), ('Public health messaging around thinness', 'Weight bias'), ('Public support and demand for healthy products', 'Availability of healthy foods'), ('Release of adipokines', 'Atherosclerosis'), ('Consumer demand for regulations', 'Marketing of unhealthy foods'), ('Resilience', 'Mental well-being'), ('Blood mono-unsaturated fatty acid level', 'Secretion of inflammatory molecules by adipose cells'), ('Medical perspective that thin is good', 'Public health messaging around thinness'), ('Mental well-being', 'Medications'), ('Sexual difficulties', 'Mental well-being'), ('Insulin resistance', 'Fatty acids in the artery walls'), ('Insulin resistance', 'Cells intake of fatty acids'), ('Sidewalk prevalence and maintenance', 'Utilitarian physical activity '), ('Adipose storage of fatty acids', 'Inflammation'), ('Socio-economic status', 'Exercise'), ('Thoracic and abdominal obesity', 'Airway resistance'), ('Healthy eating', 'Short sleep duration'), ('Perceived environmental safety', 'Physical well-being'), ('Weight bias', 'Depression'), ('Emotional eating', 'Mental well-being'), ('Late night TV watching', 'Healthy eating'), ('Control', 'Stress'), ('Aesthetics', 'Physical well-being'), ('Economic incentives to produce unhealthy food products', 'Cost of unhealthy foods'), ('Supportive food environment', 'Healthy eating'), ('Appetite', 'Physical well-being'), ('Thoracic and abdominal obesity', 'Respiratory muscle fatigue'), ('Cardiovascular diseases', 'Fear of engaging in physical activity'), ('Socio-economic status', 'Mental well-being'), ('Unhealthy weight control practices', 'Obesity'), ('Exercise', 'Blood pressure'), ('Sodium retention', 'Blood pressure'), ('Short sleep duration', 'Pro-inflammatory cytokines'), ('Medications', 'Obesity'), ('Short sleep duration', 'Appetite'), ('Balance', 'Ability to engage in physical activity'), ('Short sleep duration', 'Cortisol'), ('Airway resistance', 'Asthma'), ('Short sleep duration', 'Blood pressure'), ('Medical perspective that thin is good', 'Cultural norms around thinness'), ('Healthy eating', 'Blood glucose level'), ('Mental well-being', 'Anticonvulsants'), ('Fatty acids in the artery walls', 'Atherosclerosis'), ('Dyslipidemia', 'Insulin resistance'), ('Blood glucose level', 'Fatty acids in the artery walls'), ('Respiratory diseases', 'Ability to engage in physical activity'), ('Blood saturated fatty acid level', 'Secretion of inflammatory molecules by adipose cells'), ('Dysfunctional adipose tissue', 'Inflammation'), ('Weight bias', 'Mental well-being'), ('Coordination', 'Ability to engage in physical activity'), ('Cultural norms around thinness', 'Cultural norms around thinness'), ('Cultural norms around thinness', 'Poor body image'), ('Obesity', 'Short sleep duration'), ('Inflammation', 'Asthma'), ('Healthy eating', 'Sodium intake'), ('Cultural norms around thinness', 'Eating disorders'), ('Poor body image', 'Sexual difficulties'), ('Fear of engaging in physical activity', 'Physical activity'), ('Short sleep duration', 'Healthy eating'), ('Coronary heart diseases', 'Dyspnea'), ('Stress', 'Inflammation'), ('Weight bias', 'Stress'), ('Unhealthy weight control practices', 'Eating disorders'), ('Tiredness', 'Ability to engage in physical activity'), ('Short sleep duration', 'Heart rate'), ('Prevalence of bike trails', 'Quality of the sport infrastructure'), ('Exercise', 'Blood fatty acid level'), ('Mental well-being', 'Emotional eating'), ('Poor body image', 'Poor body image'), ('Blood fatty acid level', 'Blood glucose level'), ('Cardiovascular diseases', 'Depression'), ('Pro-inflammatory cytokines', 'Inflammation'), ('Prevalence of green fields', 'Quality of the sport infrastructure'), ('Mental well-being', 'Antipsychotics'), ('Socio-economic status', 'Control'), ('Weight bias', 'Poor body image'), ('Positive experience of sports', 'Recreational physical activity'), ('Public support and demand for healthy products', 'Cost of healthy foods'), ('Socio-economic status', 'Availability of healthy foods'), ('Cardiovascular diseases', 'Physical well-being'), ('Respiratory muscle fatigue', 'Dyspnea'), ('Heart rate', 'Coronary heart diseases'), ('Pressure to be thin', 'Poor body image'), ('Medications', 'Coordination'), ('Beta blockers', 'Ability to engage in physical activity'), ('Antipsychotics', 'Appetite'), ('Sodium intake', 'Blood pressure'), ('Pressure to be thin', 'Unhealthy weight control practices'), ('Airway resistance', 'Asthma-like symptoms'), ('Depression', 'Stress'), ('Medications', 'Concentration'), ('Public support and demand for healthy products', 'Marketing of unhealthy foods'), ('Poor body image', 'Eating disorders'), ('Emotional eating', 'Healthy eating'), ('Obesity', 'Access to health professionals'), ('Obesity', 'Mental well-being'), ('Unhealthy foods are more available than healthy ones', 'Supportive food environment'), ('Healthy eating', 'Blood saturated fatty acid level'), ('Presence of a vibrant community', 'Resilience'), ('Cells intake of fatty acids', 'Adipose storage of fatty acids'), ('Physical activity', 'Physical well-being'), ('Appetite', 'Healthy eating'), ('Aesthetics', 'Stress'), ('Chronic conditions', 'Mental well-being'), ('Weight bias', 'Positive experience of sports'), ('Healthy eating', 'Dyslipidemia'), ('Quality of the sport infrastructure', 'Recreational physical activity'), ('Physical pain', 'Ability to engage in physical activity'), ('Prevalence of green fields', 'Aesthetics'), ('Concentration', 'Ability to engage in physical activity'), ('Aesthetics', 'Mental well-being'), ('Poor body image', 'Depression'), ('Chronic conditions', 'Physical well-being'), ('Obesity', 'Release of adipokines'), ('Blood glucose level', 'Sodium retention'), ('Restrictive covenants', 'Availability of healthy foods'), ('Musculoskeletal pain', 'Mental well-being'), ('Weight bias', 'Unhealthy weight control practices'), ('Physical activity', 'Mental well-being'), ('Access to health professionals', 'Ability to engage in physical activity'), ('Stimulants', 'Short sleep duration'), ('Culture of eating that promotes healthy choices', 'Healthy eating'), ('Culture of eating that promotes healthy choices', 'Mental well-being'), ('Weight bias', 'Exercise'), ('Obesity', 'Dysfunctional adipose tissue'), ('Medications', 'Tiredness'), ('Inflammation', 'Insulin resistance'), ('Anticonvulsants', 'Appetite'), ('Inflammation', 'Auto-inflammatory diseases'), ('Accessibility to shops', 'Utilitarian physical activity '), ('Blood fatty acid level', 'Adipose storage of fatty acids'), ('Perceived environmental safety', 'Physical activity'), ('Short sleep duration', 'Physical well-being'), ('Cultural norms around thinness', 'Pressure to be thin'), ('Weight bias', 'Access to health professionals'), ('Public health messaging around thinness', 'Pressure to be thin'), ('Dysfunctional adipose tissue', 'Blood pressure'), ('Dysfunctional adipose tissue', 'Dyslipidemia'), ('Aesthetics', 'Utilitarian physical activity '), ('Obesity', 'Unhealthy weight control practices'), ('Obesity', 'Asthma-like symptoms'), ('Marketing ratio of unhealthy to healthy foods', 'Supportive food environment'), ('Dyslipidemia', 'Atherosclerosis'), ('Physical well-being', 'Mental well-being'), ('Public support and demand for healthy products', 'Cost of unhealthy foods'), ('Musculoskeletal pain', 'Physical well-being'), ('Coronary heart diseases', 'Exercise')]"
2,"[('Public health messaging around thinness', 'Short sleep duration'), ('Weight bias', 'Dysfunctional adipose tissue'), ('Medical perspective that thin is good', 'Blood glucose level'), ('Stress', 'Cortisol'), ('Physical well-being', 'Ability to engage in physical activity'), ('Depression', 'Insulin resistance'), ('Resilience', 'Inflammation'), ('Cultural norms around thinness', 'Unhealthy weight control practices'), ('Pressure to be thin', 'Obesity'), ('Mental well-being', 'Concentration')]",1,1,1,-1,-1,"[('Culture of eating that promotes healthy choices', 'Physical well-being'), ('Weight bias', 'Socio-economic status'), ('Mental well-being', 'Physical well-being'), ('Socio-economic status', 'Stress'), ('Control', 'Mental well-being'), ('Socio-economic status', 'Physical well-being'), ('Public health messaging around thinness', 'Weight bias'), ('Resilience', 'Mental well-being'), ('Medical perspective that thin is good', 'Public health messaging around thinness'), ('Weight bias', 'Depression'), ('Control', 'Stress'), ('Socio-economic status', 'Mental well-being'), ('Medical perspective that thin is good', 'Cultural norms around thinness'), ('Weight bias', 'Mental well-being'), ('Cultural norms around thinness', 'Cultural norms around thinness'), ('Cultural norms around thinness', 'Poor body image'), ('Weight bias', 'Stress'), ('Poor body image', 'Poor body image'), ('Socio-economic status', 'Control'), ('Weight bias', 'Poor body image'), ('Pressure to be thin', 'Poor body image'), ('Depression', 'Stress'), ('Poor body image', 'Depression'), ('Culture of eating that promotes healthy choices', 'Mental well-being'), ('Cultural norms around thinness', 'Pressure to be thin'), ('Public health messaging around thinness', 'Pressure to be thin'), ('Physical well-being', 'Mental well-being')]","[('Medications', 'Balance'), ('Secretion of inflammatory molecules by adipose cells', 'Insulin resistance'), ('Obesity', 'Obstructive sleep apnea'), ('Dyslipidemia', 'Blood pressure'), ('Obesity', 'Gastro-esophageal reflux disease'), ('Auto-inflammatory diseases', 'Inflammation'), ('Atherosclerosis', 'Coronary heart diseases'), ('Release of adipokines', 'Atherosclerosis'), ('Blood mono-unsaturated fatty acid level', 'Secretion of inflammatory molecules by adipose cells'), ('Insulin resistance', 'Fatty acids in the artery walls'), ('Insulin resistance', 'Cells intake of fatty acids'), ('Adipose storage of fatty acids', 'Inflammation'), ('Thoracic and abdominal obesity', 'Airway resistance'), ('Thoracic and abdominal obesity', 'Respiratory muscle fatigue'), ('Unhealthy weight control practices', 'Obesity'), ('Sodium retention', 'Blood pressure'), ('Short sleep duration', 'Pro-inflammatory cytokines'), ('Medications', 'Obesity'), ('Balance', 'Ability to engage in physical activity'), ('Short sleep duration', 'Cortisol'), ('Airway resistance', 'Asthma'), ('Short sleep duration', 'Blood pressure'), ('Fatty acids in the artery walls', 'Atherosclerosis'), ('Dyslipidemia', 'Insulin resistance'), ('Blood glucose level', 'Fatty acids in the artery walls'), ('Respiratory diseases', 'Ability to engage in physical activity'), ('Blood saturated fatty acid level', 'Secretion of inflammatory molecules by adipose cells'), ('Dysfunctional adipose tissue', 'Inflammation'), ('Coordination', 'Ability to engage in physical activity'), ('Obesity', 'Short sleep duration'), ('Inflammation', 'Asthma'), ('Coronary heart diseases', 'Dyspnea'), ('Tiredness', 'Ability to engage in physical activity'), ('Short sleep duration', 'Heart rate'), ('Blood fatty acid level', 'Blood glucose level'), ('Pro-inflammatory cytokines', 'Inflammation'), ('Respiratory muscle fatigue', 'Dyspnea'), ('Heart rate', 'Coronary heart diseases'), ('Medications', 'Coordination'), ('Beta blockers', 'Ability to engage in physical activity'), ('Sodium intake', 'Blood pressure'), ('Airway resistance', 'Asthma-like symptoms'), ('Medications', 'Concentration'), ('Cells intake of fatty acids', 'Adipose storage of fatty acids'), ('Physical pain', 'Ability to engage in physical activity'), ('Concentration', 'Ability to engage in physical activity'), ('Obesity', 'Release of adipokines'), ('Blood glucose level', 'Sodium retention'), ('Stimulants', 'Short sleep duration'), ('Obesity', 'Dysfunctional adipose tissue'), ('Medications', 'Tiredness'), ('Inflammation', 'Insulin resistance'), ('Inflammation', 'Auto-inflammatory diseases'), ('Blood fatty acid level', 'Adipose storage of fatty acids'), ('Dysfunctional adipose tissue', 'Blood pressure'), ('Dysfunctional adipose tissue', 'Dyslipidemia'), ('Obesity', 'Unhealthy weight control practices'), ('Obesity', 'Asthma-like symptoms'), ('Dyslipidemia', 'Atherosclerosis')]","[('Prevalence of walking trails', 'Quality of the sport infrastructure'), ('Medications', 'Balance'), ('Culture of eating that promotes healthy choices', 'Physical well-being'), ('Secretion of inflammatory molecules by adipose cells', 'Insulin resistance'), ('Presence of a vibrant community', 'Control'), ('Obesity', 'Weight bias'), ('Healthy eating', 'Blood mono-unsaturated fatty acid level'), ('Exercise', 'Heart rate'), ('Available time', 'Recreational physical activity'), ('Chronic conditions', 'Depression'), ('Exercise', 'Insulin resistance'), ('Weight bias', 'Socio-economic status'), ('Mental well-being', 'Physical well-being'), ('Obesity', 'Obstructive sleep apnea'), ('Eating disorders', 'Healthy eating'), ('Consumer demand for regulations', 'Marketing of healthy foods'), ('Dyslipidemia', 'Blood pressure'), ('Obesity', 'Gastro-esophageal reflux disease'), ('Perceived environmental safety', 'Mental well-being'), ('Late night TV watching', 'Short sleep duration'), ('Auto-inflammatory diseases', 'Inflammation'), ('Depression', 'Healthy eating'), ('Socio-economic status', 'Stress'), ('Exercise', 'Blood glucose level'), ('Public support and demand for healthy products', 'Marketing of healthy foods'), ('Unhealthy foods are cheaper than healthy ones', 'Supportive food environment'), ('Control', 'Mental well-being'), ('Atherosclerosis', 'Coronary heart diseases'), ('Socio-economic status', 'Physical well-being'), ('Ability to engage in physical activity', 'Physical activity'), ('Public health messaging around thinness', 'Weight bias'), ('Public support and demand for healthy products', 'Availability of healthy foods'), ('Release of adipokines', 'Atherosclerosis'), ('Consumer demand for regulations', 'Marketing of unhealthy foods'), ('Resilience', 'Mental well-being'), ('Blood mono-unsaturated fatty acid level', 'Secretion of inflammatory molecules by adipose cells'), ('Medical perspective that thin is good', 'Public health messaging around thinness'), ('Mental well-being', 'Medications'), ('Sexual difficulties', 'Mental well-being'), ('Insulin resistance', 'Fatty acids in the artery walls'), ('Insulin resistance', 'Cells intake of fatty acids'), ('Sidewalk prevalence and maintenance', 'Utilitarian physical activity '), ('Adipose storage of fatty acids', 'Inflammation'), ('Socio-economic status', 'Exercise'), ('Thoracic and abdominal obesity', 'Airway resistance'), ('Healthy eating', 'Short sleep duration'), ('Perceived environmental safety', 'Physical well-being'), ('Weight bias', 'Depression'), ('Emotional eating', 'Mental well-being'), ('Late night TV watching', 'Healthy eating'), ('Control', 'Stress'), ('Aesthetics', 'Physical well-being'), ('Economic incentives to produce unhealthy food products', 'Cost of unhealthy foods'), ('Supportive food environment', 'Healthy eating'), ('Appetite', 'Physical well-being'), ('Thoracic and abdominal obesity', 'Respiratory muscle fatigue'), ('Cardiovascular diseases', 'Fear of engaging in physical activity'), ('Socio-economic status', 'Mental well-being'), ('Unhealthy weight control practices', 'Obesity'), ('Exercise', 'Blood pressure'), ('Sodium retention', 'Blood pressure'), ('Short sleep duration', 'Pro-inflammatory cytokines'), ('Medications', 'Obesity'), ('Short sleep duration', 'Appetite'), ('Balance', 'Ability to engage in physical activity'), ('Short sleep duration', 'Cortisol'), ('Airway resistance', 'Asthma'), ('Short sleep duration', 'Blood pressure'), ('Medical perspective that thin is good', 'Cultural norms around thinness'), ('Healthy eating', 'Blood glucose level'), ('Mental well-being', 'Anticonvulsants'), ('Fatty acids in the artery walls', 'Atherosclerosis'), ('Dyslipidemia', 'Insulin resistance'), ('Blood glucose level', 'Fatty acids in the artery walls'), ('Respiratory diseases', 'Ability to engage in physical activity'), ('Blood saturated fatty acid level', 'Secretion of inflammatory molecules by adipose cells'), ('Dysfunctional adipose tissue', 'Inflammation'), ('Weight bias', 'Mental well-being'), ('Coordination', 'Ability to engage in physical activity'), ('Cultural norms around thinness', 'Cultural norms around thinness'), ('Cultural norms around thinness', 'Poor body image'), ('Obesity', 'Short sleep duration'), ('Inflammation', 'Asthma'), ('Healthy eating', 'Sodium intake'), ('Cultural norms around thinness', 'Eating disorders'), ('Poor body image', 'Sexual difficulties'), ('Fear of engaging in physical activity', 'Physical activity'), ('Short sleep duration', 'Healthy eating'), ('Coronary heart diseases', 'Dyspnea'), ('Stress', 'Inflammation'), ('Weight bias', 'Stress'), ('Unhealthy weight control practices', 'Eating disorders'), ('Tiredness', 'Ability to engage in physical activity'), ('Short sleep duration', 'Heart rate'), ('Prevalence of bike trails', 'Quality of the sport infrastructure'), ('Exercise', 'Blood fatty acid level'), ('Mental well-being', 'Emotional eating'), ('Poor body image', 'Poor body image'), ('Blood fatty acid level', 'Blood glucose level'), ('Cardiovascular diseases', 'Depression'), ('Pro-inflammatory cytokines', 'Inflammation'), ('Prevalence of green fields', 'Quality of the sport infrastructure'), ('Mental well-being', 'Antipsychotics'), ('Socio-economic status', 'Control'), ('Weight bias', 'Poor body image'), ('Positive experience of sports', 'Recreational physical activity'), ('Public support and demand for healthy products', 'Cost of healthy foods'), ('Socio-economic status', 'Availability of healthy foods'), ('Cardiovascular diseases', 'Physical well-being'), ('Respiratory muscle fatigue', 'Dyspnea'), ('Heart rate', 'Coronary heart diseases'), ('Pressure to be thin', 'Poor body image'), ('Medications', 'Coordination'), ('Beta blockers', 'Ability to engage in physical activity'), ('Antipsychotics', 'Appetite'), ('Sodium intake', 'Blood pressure'), ('Pressure to be thin', 'Unhealthy weight control practices'), ('Airway resistance', 'Asthma-like symptoms'), ('Depression', 'Stress'), ('Medications', 'Concentration'), ('Public support and demand for healthy products', 'Marketing of unhealthy foods'), ('Poor body image', 'Eating disorders'), ('Emotional eating', 'Healthy eating'), ('Obesity', 'Access to health professionals'), ('Obesity', 'Mental well-being'), ('Unhealthy foods are more available than healthy ones', 'Supportive food environment'), ('Healthy eating', 'Blood saturated fatty acid level'), ('Presence of a vibrant community', 'Resilience'), ('Cells intake of fatty acids', 'Adipose storage of fatty acids'), ('Physical activity', 'Physical well-being'), ('Appetite', 'Healthy eating'), ('Aesthetics', 'Stress'), ('Chronic conditions', 'Mental well-being'), ('Weight bias', 'Positive experience of sports'), ('Healthy eating', 'Dyslipidemia'), ('Quality of the sport infrastructure', 'Recreational physical activity'), ('Physical pain', 'Ability to engage in physical activity'), ('Prevalence of green fields', 'Aesthetics'), ('Concentration', 'Ability to engage in physical activity'), ('Aesthetics', 'Mental well-being'), ('Poor body image', 'Depression'), ('Chronic conditions', 'Physical well-being'), ('Obesity', 'Release of adipokines'), ('Blood glucose level', 'Sodium retention'), ('Restrictive covenants', 'Availability of healthy foods'), ('Musculoskeletal pain', 'Mental well-being'), ('Weight bias', 'Unhealthy weight control practices'), ('Physical activity', 'Mental well-being'), ('Access to health professionals', 'Ability to engage in physical activity'), ('Stimulants', 'Short sleep duration'), ('Culture of eating that promotes healthy choices', 'Healthy eating'), ('Culture of eating that promotes healthy choices', 'Mental well-being'), ('Weight bias', 'Exercise'), ('Obesity', 'Dysfunctional adipose tissue'), ('Medications', 'Tiredness'), ('Inflammation', 'Insulin resistance'), ('Anticonvulsants', 'Appetite'), ('Inflammation', 'Auto-inflammatory diseases'), ('Accessibility to shops', 'Utilitarian physical activity '), ('Blood fatty acid level', 'Adipose storage of fatty acids'), ('Perceived environmental safety', 'Physical activity'), ('Short sleep duration', 'Physical well-being'), ('Cultural norms around thinness', 'Pressure to be thin'), ('Weight bias', 'Access to health professionals'), ('Public health messaging around thinness', 'Pressure to be thin'), ('Dysfunctional adipose tissue', 'Blood pressure'), ('Dysfunctional adipose tissue', 'Dyslipidemia'), ('Aesthetics', 'Utilitarian physical activity '), ('Obesity', 'Unhealthy weight control practices'), ('Obesity', 'Asthma-like symptoms'), ('Marketing ratio of unhealthy to healthy foods', 'Supportive food environment'), ('Dyslipidemia', 'Atherosclerosis'), ('Physical well-being', 'Mental well-being'), ('Public support and demand for healthy products', 'Cost of unhealthy foods'), ('Musculoskeletal pain', 'Physical well-being'), ('Coronary heart diseases', 'Exercise')]"
3,"[('Public health messaging around thinness', 'Short sleep duration'), ('Weight bias', 'Dysfunctional adipose tissue'), ('Medical perspective that thin is good', 'Blood glucose level'), ('Stress', 'Cortisol'), ('Physical well-being', 'Ability to engage in physical activity'), ('Depression', 'Insulin resistance'), ('Resilience', 'Inflammation'), ('Cultural norms around thinness', 'Unhealthy weight control practices'), ('Pressure to be thin', 'Obesity'), ('Mental well-being', 'Concentration')]",1,1,1,-1,-1,"[('Culture of eating that promotes healthy choices', 'Physical well-being'), ('Weight bias', 'Socio-economic status'), ('Mental well-being', 'Physical well-being'), ('Socio-economic status', 'Stress'), ('Control', 'Mental well-being'), ('Socio-economic status', 'Physical well-being'), ('Public health messaging around thinness', 'Weight bias'), ('Resilience', 'Mental well-being'), ('Medical perspective that thin is good', 'Public health messaging around thinness'), ('Weight bias', 'Depression'), ('Control', 'Stress'), ('Socio-economic status', 'Mental well-being'), ('Medical perspective that thin is good', 'Cultural norms around thinness'), ('Weight bias', 'Mental well-being'), ('Cultural norms around thinness', 'Cultural norms around thinness'), ('Cultural norms around thinness', 'Poor body image'), ('Weight bias', 'Stress'), ('Poor body image', 'Poor body image'), ('Socio-economic status', 'Control'), ('Weight bias', 'Poor body image'), ('Pressure to be thin', 'Poor body image'), ('Depression', 'Stress'), ('Poor body image', 'Depression'), ('Culture of eating that promotes healthy choices', 'Mental well-being'), ('Cultural norms around thinness', 'Pressure to be thin'), ('Public health messaging around thinness', 'Pressure to be thin'), ('Physical well-being', 'Mental well-being')]","[('Medications', 'Balance'), ('Secretion of inflammatory molecules by adipose cells', 'Insulin resistance'), ('Obesity', 'Obstructive sleep apnea'), ('Dyslipidemia', 'Blood pressure'), ('Obesity', 'Gastro-esophageal reflux disease'), ('Auto-inflammatory diseases', 'Inflammation'), ('Atherosclerosis', 'Coronary heart diseases'), ('Release of adipokines', 'Atherosclerosis'), ('Blood mono-unsaturated fatty acid level', 'Secretion of inflammatory molecules by adipose cells'), ('Insulin resistance', 'Fatty acids in the artery walls'), ('Insulin resistance', 'Cells intake of fatty acids'), ('Adipose storage of fatty acids', 'Inflammation'), ('Thoracic and abdominal obesity', 'Airway resistance'), ('Thoracic and abdominal obesity', 'Respiratory muscle fatigue'), ('Unhealthy weight control practices', 'Obesity'), ('Sodium retention', 'Blood pressure'), ('Short sleep duration', 'Pro-inflammatory cytokines'), ('Medications', 'Obesity'), ('Balance', 'Ability to engage in physical activity'), ('Short sleep duration', 'Cortisol'), ('Airway resistance', 'Asthma'), ('Short sleep duration', 'Blood pressure'), ('Fatty acids in the artery walls', 'Atherosclerosis'), ('Dyslipidemia', 'Insulin resistance'), ('Blood glucose level', 'Fatty acids in the artery walls'), ('Respiratory diseases', 'Ability to engage in physical activity'), ('Blood saturated fatty acid level', 'Secretion of inflammatory molecules by adipose cells'), ('Dysfunctional adipose tissue', 'Inflammation'), ('Coordination', 'Ability to engage in physical activity'), ('Obesity', 'Short sleep duration'), ('Inflammation', 'Asthma'), ('Coronary heart diseases', 'Dyspnea'), ('Tiredness', 'Ability to engage in physical activity'), ('Short sleep duration', 'Heart rate'), ('Blood fatty acid level', 'Blood glucose level'), ('Pro-inflammatory cytokines', 'Inflammation'), ('Respiratory muscle fatigue', 'Dyspnea'), ('Heart rate', 'Coronary heart diseases'), ('Medications', 'Coordination'), ('Beta blockers', 'Ability to engage in physical activity'), ('Sodium intake', 'Blood pressure'), ('Airway resistance', 'Asthma-like symptoms'), ('Medications', 'Concentration'), ('Cells intake of fatty acids', 'Adipose storage of fatty acids'), ('Physical pain', 'Ability to engage in physical activity'), ('Concentration', 'Ability to engage in physical activity'), ('Obesity', 'Release of adipokines'), ('Blood glucose level', 'Sodium retention'), ('Stimulants', 'Short sleep duration'), ('Obesity', 'Dysfunctional adipose tissue'), ('Medications', 'Tiredness'), ('Inflammation', 'Insulin resistance'), ('Inflammation', 'Auto-inflammatory diseases'), ('Blood fatty acid level', 'Adipose storage of fatty acids'), ('Dysfunctional adipose tissue', 'Blood pressure'), ('Dysfunctional adipose tissue', 'Dyslipidemia'), ('Obesity', 'Unhealthy weight control practices'), ('Obesity', 'Asthma-like symptoms'), ('Dyslipidemia', 'Atherosclerosis')]","[('Prevalence of walking trails', 'Quality of the sport infrastructure'), ('Medications', 'Balance'), ('Culture of eating that promotes healthy choices', 'Physical well-being'), ('Secretion of inflammatory molecules by adipose cells', 'Insulin resistance'), ('Presence of a vibrant community', 'Control'), ('Obesity', 'Weight bias'), ('Healthy eating', 'Blood mono-unsaturated fatty acid level'), ('Exercise', 'Heart rate'), ('Available time', 'Recreational physical activity'), ('Chronic conditions', 'Depression'), ('Exercise', 'Insulin resistance'), ('Weight bias', 'Socio-economic status'), ('Mental well-being', 'Physical well-being'), ('Obesity', 'Obstructive sleep apnea'), ('Eating disorders', 'Healthy eating'), ('Consumer demand for regulations', 'Marketing of healthy foods'), ('Dyslipidemia', 'Blood pressure'), ('Obesity', 'Gastro-esophageal reflux disease'), ('Perceived environmental safety', 'Mental well-being'), ('Late night TV watching', 'Short sleep duration'), ('Auto-inflammatory diseases', 'Inflammation'), ('Depression', 'Healthy eating'), ('Socio-economic status', 'Stress'), ('Exercise', 'Blood glucose level'), ('Public support and demand for healthy products', 'Marketing of healthy foods'), ('Unhealthy foods are cheaper than healthy ones', 'Supportive food environment'), ('Control', 'Mental well-being'), ('Atherosclerosis', 'Coronary heart diseases'), ('Socio-economic status', 'Physical well-being'), ('Ability to engage in physical activity', 'Physical activity'), ('Public health messaging around thinness', 'Weight bias'), ('Public support and demand for healthy products', 'Availability of healthy foods'), ('Release of adipokines', 'Atherosclerosis'), ('Consumer demand for regulations', 'Marketing of unhealthy foods'), ('Resilience', 'Mental well-being'), ('Blood mono-unsaturated fatty acid level', 'Secretion of inflammatory molecules by adipose cells'), ('Medical perspective that thin is good', 'Public health messaging around thinness'), ('Mental well-being', 'Medications'), ('Sexual difficulties', 'Mental well-being'), ('Insulin resistance', 'Fatty acids in the artery walls'), ('Insulin resistance', 'Cells intake of fatty acids'), ('Sidewalk prevalence and maintenance', 'Utilitarian physical activity '), ('Adipose storage of fatty acids', 'Inflammation'), ('Socio-economic status', 'Exercise'), ('Thoracic and abdominal obesity', 'Airway resistance'), ('Healthy eating', 'Short sleep duration'), ('Perceived environmental safety', 'Physical well-being'), ('Weight bias', 'Depression'), ('Emotional eating', 'Mental well-being'), ('Late night TV watching', 'Healthy eating'), ('Control', 'Stress'), ('Aesthetics', 'Physical well-being'), ('Economic incentives to produce unhealthy food products', 'Cost of unhealthy foods'), ('Supportive food environment', 'Healthy eating'), ('Appetite', 'Physical well-being'), ('Thoracic and abdominal obesity', 'Respiratory muscle fatigue'), ('Cardiovascular diseases', 'Fear of engaging in physical activity'), ('Socio-economic status', 'Mental well-being'), ('Unhealthy weight control practices', 'Obesity'), ('Exercise', 'Blood pressure'), ('Sodium retention', 'Blood pressure'), ('Short sleep duration', 'Pro-inflammatory cytokines'), ('Medications', 'Obesity'), ('Short sleep duration', 'Appetite'), ('Balance', 'Ability to engage in physical activity'), ('Short sleep duration', 'Cortisol'), ('Airway resistance', 'Asthma'), ('Short sleep duration', 'Blood pressure'), ('Medical perspective that thin is good', 'Cultural norms around thinness'), ('Healthy eating', 'Blood glucose level'), ('Mental well-being', 'Anticonvulsants'), ('Fatty acids in the artery walls', 'Atherosclerosis'), ('Dyslipidemia', 'Insulin resistance'), ('Blood glucose level', 'Fatty acids in the artery walls'), ('Respiratory diseases', 'Ability to engage in physical activity'), ('Blood saturated fatty acid level', 'Secretion of inflammatory molecules by adipose cells'), ('Dysfunctional adipose tissue', 'Inflammation'), ('Weight bias', 'Mental well-being'), ('Coordination', 'Ability to engage in physical activity'), ('Cultural norms around thinness', 'Cultural norms around thinness'), ('Cultural norms around thinness', 'Poor body image'), ('Obesity', 'Short sleep duration'), ('Inflammation', 'Asthma'), ('Healthy eating', 'Sodium intake'), ('Cultural norms around thinness', 'Eating disorders'), ('Poor body image', 'Sexual difficulties'), ('Fear of engaging in physical activity', 'Physical activity'), ('Short sleep duration', 'Healthy eating'), ('Coronary heart diseases', 'Dyspnea'), ('Stress', 'Inflammation'), ('Weight bias', 'Stress'), ('Unhealthy weight control practices', 'Eating disorders'), ('Tiredness', 'Ability to engage in physical activity'), ('Short sleep duration', 'Heart rate'), ('Prevalence of bike trails', 'Quality of the sport infrastructure'), ('Exercise', 'Blood fatty acid level'), ('Mental well-being', 'Emotional eating'), ('Poor body image', 'Poor body image'), ('Blood fatty acid level', 'Blood glucose level'), ('Cardiovascular diseases', 'Depression'), ('Pro-inflammatory cytokines', 'Inflammation'), ('Prevalence of green fields', 'Quality of the sport infrastructure'), ('Mental well-being', 'Antipsychotics'), ('Socio-economic status', 'Control'), ('Weight bias', 'Poor body image'), ('Positive experience of sports', 'Recreational physical activity'), ('Public support and demand for healthy products', 'Cost of healthy foods'), ('Socio-economic status', 'Availability of healthy foods'), ('Cardiovascular diseases', 'Physical well-being'), ('Respiratory muscle fatigue', 'Dyspnea'), ('Heart rate', 'Coronary heart diseases'), ('Pressure to be thin', 'Poor body image'), ('Medications', 'Coordination'), ('Beta blockers', 'Ability to engage in physical activity'), ('Antipsychotics', 'Appetite'), ('Sodium intake', 'Blood pressure'), ('Pressure to be thin', 'Unhealthy weight control practices'), ('Airway resistance', 'Asthma-like symptoms'), ('Depression', 'Stress'), ('Medications', 'Concentration'), ('Public support and demand for healthy products', 'Marketing of unhealthy foods'), ('Poor body image', 'Eating disorders'), ('Emotional eating', 'Healthy eating'), ('Obesity', 'Access to health professionals'), ('Obesity', 'Mental well-being'), ('Unhealthy foods are more available than healthy ones', 'Supportive food environment'), ('Healthy eating', 'Blood saturated fatty acid level'), ('Presence of a vibrant community', 'Resilience'), ('Cells intake of fatty acids', 'Adipose storage of fatty acids'), ('Physical activity', 'Physical well-being'), ('Appetite', 'Healthy eating'), ('Aesthetics', 'Stress'), ('Chronic conditions', 'Mental well-being'), ('Weight bias', 'Positive experience of sports'), ('Healthy eating', 'Dyslipidemia'), ('Quality of the sport infrastructure', 'Recreational physical activity'), ('Physical pain', 'Ability to engage in physical activity'), ('Prevalence of green fields', 'Aesthetics'), ('Concentration', 'Ability to engage in physical activity'), ('Aesthetics', 'Mental well-being'), ('Poor body image', 'Depression'), ('Chronic conditions', 'Physical well-being'), ('Obesity', 'Release of adipokines'), ('Blood glucose level', 'Sodium retention'), ('Restrictive covenants', 'Availability of healthy foods'), ('Musculoskeletal pain', 'Mental well-being'), ('Weight bias', 'Unhealthy weight control practices'), ('Physical activity', 'Mental well-being'), ('Access to health professionals', 'Ability to engage in physical activity'), ('Stimulants', 'Short sleep duration'), ('Culture of eating that promotes healthy choices', 'Healthy eating'), ('Culture of eating that promotes healthy choices', 'Mental well-being'), ('Weight bias', 'Exercise'), ('Obesity', 'Dysfunctional adipose tissue'), ('Medications', 'Tiredness'), ('Inflammation', 'Insulin resistance'), ('Anticonvulsants', 'Appetite'), ('Inflammation', 'Auto-inflammatory diseases'), ('Accessibility to shops', 'Utilitarian physical activity '), ('Blood fatty acid level', 'Adipose storage of fatty acids'), ('Perceived environmental safety', 'Physical activity'), ('Short sleep duration', 'Physical well-being'), ('Cultural norms around thinness', 'Pressure to be thin'), ('Weight bias', 'Access to health professionals'), ('Public health messaging around thinness', 'Pressure to be thin'), ('Dysfunctional adipose tissue', 'Blood pressure'), ('Dysfunctional adipose tissue', 'Dyslipidemia'), ('Aesthetics', 'Utilitarian physical activity '), ('Obesity', 'Unhealthy weight control practices'), ('Obesity', 'Asthma-like symptoms'), ('Marketing ratio of unhealthy to healthy foods', 'Supportive food environment'), ('Dyslipidemia', 'Atherosclerosis'), ('Physical well-being', 'Mental well-being'), ('Public support and demand for healthy products', 'Cost of unhealthy foods'), ('Musculoskeletal pain', 'Physical well-being'), ('Coronary heart diseases', 'Exercise')]"
4,"[('Public health messaging around thinness', 'Short sleep duration'), ('Weight bias', 'Dysfunctional adipose tissue'), ('Medical perspective that thin is good', 'Blood glucose level'), ('Stress', 'Cortisol'), ('Physical well-being', 'Ability to engage in physical activity'), ('Depression', 'Insulin resistance'), ('Resilience', 'Inflammation'), ('Cultural norms around thinness', 'Unhealthy weight control practices'), ('Pressure to be thin', 'Obesity'), ('Mental well-being', 'Concentration')]",1,1,1,-1,-1,"[('Culture of eating that promotes healthy choices', 'Physical well-being'), ('Weight bias', 'Socio-economic status'), ('Mental well-being', 'Physical well-being'), ('Socio-economic status', 'Stress'), ('Control', 'Mental well-being'), ('Socio-economic status', 'Physical well-being'), ('Public health messaging around thinness', 'Weight bias'), ('Resilience', 'Mental well-being'), ('Medical perspective that thin is good', 'Public health messaging around thinness'), ('Weight bias', 'Depression'), ('Control', 'Stress'), ('Socio-economic status', 'Mental well-being'), ('Medical perspective that thin is good', 'Cultural norms around thinness'), ('Weight bias', 'Mental well-being'), ('Cultural norms around thinness', 'Cultural norms around thinness'), ('Cultural norms around thinness', 'Poor body image'), ('Weight bias', 'Stress'), ('Poor body image', 'Poor body image'), ('Socio-economic status', 'Control'), ('Weight bias', 'Poor body image'), ('Pressure to be thin', 'Poor body image'), ('Depression', 'Stress'), ('Poor body image', 'Depression'), ('Culture of eating that promotes healthy choices', 'Mental well-being'), ('Cultural norms around thinness', 'Pressure to be thin'), ('Public health messaging around thinness', 'Pressure to be thin'), ('Physical well-being', 'Mental well-being')]","[('Medications', 'Balance'), ('Secretion of inflammatory molecules by adipose cells', 'Insulin resistance'), ('Obesity', 'Obstructive sleep apnea'), ('Dyslipidemia', 'Blood pressure'), ('Obesity', 'Gastro-esophageal reflux disease'), ('Auto-inflammatory diseases', 'Inflammation'), ('Atherosclerosis', 'Coronary heart diseases'), ('Release of adipokines', 'Atherosclerosis'), ('Blood mono-unsaturated fatty acid level', 'Secretion of inflammatory molecules by adipose cells'), ('Insulin resistance', 'Fatty acids in the artery walls'), ('Insulin resistance', 'Cells intake of fatty acids'), ('Adipose storage of fatty acids', 'Inflammation'), ('Thoracic and abdominal obesity', 'Airway resistance'), ('Thoracic and abdominal obesity', 'Respiratory muscle fatigue'), ('Unhealthy weight control practices', 'Obesity'), ('Sodium retention', 'Blood pressure'), ('Short sleep duration', 'Pro-inflammatory cytokines'), ('Medications', 'Obesity'), ('Balance', 'Ability to engage in physical activity'), ('Short sleep duration', 'Cortisol'), ('Airway resistance', 'Asthma'), ('Short sleep duration', 'Blood pressure'), ('Fatty acids in the artery walls', 'Atherosclerosis'), ('Dyslipidemia', 'Insulin resistance'), ('Blood glucose level', 'Fatty acids in the artery walls'), ('Respiratory diseases', 'Ability to engage in physical activity'), ('Blood saturated fatty acid level', 'Secretion of inflammatory molecules by adipose cells'), ('Dysfunctional adipose tissue', 'Inflammation'), ('Coordination', 'Ability to engage in physical activity'), ('Obesity', 'Short sleep duration'), ('Inflammation', 'Asthma'), ('Coronary heart diseases', 'Dyspnea'), ('Tiredness', 'Ability to engage in physical activity'), ('Short sleep duration', 'Heart rate'), ('Blood fatty acid level', 'Blood glucose level'), ('Pro-inflammatory cytokines', 'Inflammation'), ('Respiratory muscle fatigue', 'Dyspnea'), ('Heart rate', 'Coronary heart diseases'), ('Medications', 'Coordination'), ('Beta blockers', 'Ability to engage in physical activity'), ('Sodium intake', 'Blood pressure'), ('Airway resistance', 'Asthma-like symptoms'), ('Medications', 'Concentration'), ('Cells intake of fatty acids', 'Adipose storage of fatty acids'), ('Physical pain', 'Ability to engage in physical activity'), ('Concentration', 'Ability to engage in physical activity'), ('Obesity', 'Release of adipokines'), ('Blood glucose level', 'Sodium retention'), ('Stimulants', 'Short sleep duration'), ('Obesity', 'Dysfunctional adipose tissue'), ('Medications', 'Tiredness'), ('Inflammation', 'Insulin resistance'), ('Inflammation', 'Auto-inflammatory diseases'), ('Blood fatty acid level', 'Adipose storage of fatty acids'), ('Dysfunctional adipose tissue', 'Blood pressure'), ('Dysfunctional adipose tissue', 'Dyslipidemia'), ('Obesity', 'Unhealthy weight control practices'), ('Obesity', 'Asthma-like symptoms'), ('Dyslipidemia', 'Atherosclerosis')]","[('Prevalence of walking trails', 'Quality of the sport infrastructure'), ('Medications', 'Balance'), ('Culture of eating that promotes healthy choices', 'Physical well-being'), ('Secretion of inflammatory molecules by adipose cells', 'Insulin resistance'), ('Presence of a vibrant community', 'Control'), ('Obesity', 'Weight bias'), ('Healthy eating', 'Blood mono-unsaturated fatty acid level'), ('Exercise', 'Heart rate'), ('Available time', 'Recreational physical activity'), ('Chronic conditions', 'Depression'), ('Exercise', 'Insulin resistance'), ('Weight bias', 'Socio-economic status'), ('Mental well-being', 'Physical well-being'), ('Obesity', 'Obstructive sleep apnea'), ('Eating disorders', 'Healthy eating'), ('Consumer demand for regulations', 'Marketing of healthy foods'), ('Dyslipidemia', 'Blood pressure'), ('Obesity', 'Gastro-esophageal reflux disease'), ('Perceived environmental safety', 'Mental well-being'), ('Late night TV watching', 'Short sleep duration'), ('Auto-inflammatory diseases', 'Inflammation'), ('Depression', 'Healthy eating'), ('Socio-economic status', 'Stress'), ('Exercise', 'Blood glucose level'), ('Public support and demand for healthy products', 'Marketing of healthy foods'), ('Unhealthy foods are cheaper than healthy ones', 'Supportive food environment'), ('Control', 'Mental well-being'), ('Atherosclerosis', 'Coronary heart diseases'), ('Socio-economic status', 'Physical well-being'), ('Ability to engage in physical activity', 'Physical activity'), ('Public health messaging around thinness', 'Weight bias'), ('Public support and demand for healthy products', 'Availability of healthy foods'), ('Release of adipokines', 'Atherosclerosis'), ('Consumer demand for regulations', 'Marketing of unhealthy foods'), ('Resilience', 'Mental well-being'), ('Blood mono-unsaturated fatty acid level', 'Secretion of inflammatory molecules by adipose cells'), ('Medical perspective that thin is good', 'Public health messaging around thinness'), ('Mental well-being', 'Medications'), ('Sexual difficulties', 'Mental well-being'), ('Insulin resistance', 'Fatty acids in the artery walls'), ('Insulin resistance', 'Cells intake of fatty acids'), ('Sidewalk prevalence and maintenance', 'Utilitarian physical activity '), ('Adipose storage of fatty acids', 'Inflammation'), ('Socio-economic status', 'Exercise'), ('Thoracic and abdominal obesity', 'Airway resistance'), ('Healthy eating', 'Short sleep duration'), ('Perceived environmental safety', 'Physical well-being'), ('Weight bias', 'Depression'), ('Emotional eating', 'Mental well-being'), ('Late night TV watching', 'Healthy eating'), ('Control', 'Stress'), ('Aesthetics', 'Physical well-being'), ('Economic incentives to produce unhealthy food products', 'Cost of unhealthy foods'), ('Supportive food environment', 'Healthy eating'), ('Appetite', 'Physical well-being'), ('Thoracic and abdominal obesity', 'Respiratory muscle fatigue'), ('Cardiovascular diseases', 'Fear of engaging in physical activity'), ('Socio-economic status', 'Mental well-being'), ('Unhealthy weight control practices', 'Obesity'), ('Exercise', 'Blood pressure'), ('Sodium retention', 'Blood pressure'), ('Short sleep duration', 'Pro-inflammatory cytokines'), ('Medications', 'Obesity'), ('Short sleep duration', 'Appetite'), ('Balance', 'Ability to engage in physical activity'), ('Short sleep duration', 'Cortisol'), ('Airway resistance', 'Asthma'), ('Short sleep duration', 'Blood pressure'), ('Medical perspective that thin is good', 'Cultural norms around thinness'), ('Healthy eating', 'Blood glucose level'), ('Mental well-being', 'Anticonvulsants'), ('Fatty acids in the artery walls', 'Atherosclerosis'), ('Dyslipidemia', 'Insulin resistance'), ('Blood glucose level', 'Fatty acids in the artery walls'), ('Respiratory diseases', 'Ability to engage in physical activity'), ('Blood saturated fatty acid level', 'Secretion of inflammatory molecules by adipose cells'), ('Dysfunctional adipose tissue', 'Inflammation'), ('Weight bias', 'Mental well-being'), ('Coordination', 'Ability to engage in physical activity'), ('Cultural norms around thinness', 'Cultural norms around thinness'), ('Cultural norms around thinness', 'Poor body image'), ('Obesity', 'Short sleep duration'), ('Inflammation', 'Asthma'), ('Healthy eating', 'Sodium intake'), ('Cultural norms around thinness', 'Eating disorders'), ('Poor body image', 'Sexual difficulties'), ('Fear of engaging in physical activity', 'Physical activity'), ('Short sleep duration', 'Healthy eating'), ('Coronary heart diseases', 'Dyspnea'), ('Stress', 'Inflammation'), ('Weight bias', 'Stress'), ('Unhealthy weight control practices', 'Eating disorders'), ('Tiredness', 'Ability to engage in physical activity'), ('Short sleep duration', 'Heart rate'), ('Prevalence of bike trails', 'Quality of the sport infrastructure'), ('Exercise', 'Blood fatty acid level'), ('Mental well-being', 'Emotional eating'), ('Poor body image', 'Poor body image'), ('Blood fatty acid level', 'Blood glucose level'), ('Cardiovascular diseases', 'Depression'), ('Pro-inflammatory cytokines', 'Inflammation'), ('Prevalence of green fields', 'Quality of the sport infrastructure'), ('Mental well-being', 'Antipsychotics'), ('Socio-economic status', 'Control'), ('Weight bias', 'Poor body image'), ('Positive experience of sports', 'Recreational physical activity'), ('Public support and demand for healthy products', 'Cost of healthy foods'), ('Socio-economic status', 'Availability of healthy foods'), ('Cardiovascular diseases', 'Physical well-being'), ('Respiratory muscle fatigue', 'Dyspnea'), ('Heart rate', 'Coronary heart diseases'), ('Pressure to be thin', 'Poor body image'), ('Medications', 'Coordination'), ('Beta blockers', 'Ability to engage in physical activity'), ('Antipsychotics', 'Appetite'), ('Sodium intake', 'Blood pressure'), ('Pressure to be thin', 'Unhealthy weight control practices'), ('Airway resistance', 'Asthma-like symptoms'), ('Depression', 'Stress'), ('Medications', 'Concentration'), ('Public support and demand for healthy products', 'Marketing of unhealthy foods'), ('Poor body image', 'Eating disorders'), ('Emotional eating', 'Healthy eating'), ('Obesity', 'Access to health professionals'), ('Obesity', 'Mental well-being'), ('Unhealthy foods are more available than healthy ones', 'Supportive food environment'), ('Healthy eating', 'Blood saturated fatty acid level'), ('Presence of a vibrant community', 'Resilience'), ('Cells intake of fatty acids', 'Adipose storage of fatty acids'), ('Physical activity', 'Physical well-being'), ('Appetite', 'Healthy eating'), ('Aesthetics', 'Stress'), ('Chronic conditions', 'Mental well-being'), ('Weight bias', 'Positive experience of sports'), ('Healthy eating', 'Dyslipidemia'), ('Quality of the sport infrastructure', 'Recreational physical activity'), ('Physical pain', 'Ability to engage in physical activity'), ('Prevalence of green fields', 'Aesthetics'), ('Concentration', 'Ability to engage in physical activity'), ('Aesthetics', 'Mental well-being'), ('Poor body image', 'Depression'), ('Chronic conditions', 'Physical well-being'), ('Obesity', 'Release of adipokines'), ('Blood glucose level', 'Sodium retention'), ('Restrictive covenants', 'Availability of healthy foods'), ('Musculoskeletal pain', 'Mental well-being'), ('Weight bias', 'Unhealthy weight control practices'), ('Physical activity', 'Mental well-being'), ('Access to health professionals', 'Ability to engage in physical activity'), ('Stimulants', 'Short sleep duration'), ('Culture of eating that promotes healthy choices', 'Healthy eating'), ('Culture of eating that promotes healthy choices', 'Mental well-being'), ('Weight bias', 'Exercise'), ('Obesity', 'Dysfunctional adipose tissue'), ('Medications', 'Tiredness'), ('Inflammation', 'Insulin resistance'), ('Anticonvulsants', 'Appetite'), ('Inflammation', 'Auto-inflammatory diseases'), ('Accessibility to shops', 'Utilitarian physical activity '), ('Blood fatty acid level', 'Adipose storage of fatty acids'), ('Perceived environmental safety', 'Physical activity'), ('Short sleep duration', 'Physical well-being'), ('Cultural norms around thinness', 'Pressure to be thin'), ('Weight bias', 'Access to health professionals'), ('Public health messaging around thinness', 'Pressure to be thin'), ('Dysfunctional adipose tissue', 'Blood pressure'), ('Dysfunctional adipose tissue', 'Dyslipidemia'), ('Aesthetics', 'Utilitarian physical activity '), ('Obesity', 'Unhealthy weight control practices'), ('Obesity', 'Asthma-like symptoms'), ('Marketing ratio of unhealthy to healthy foods', 'Supportive food environment'), ('Dyslipidemia', 'Atherosclerosis'), ('Physical well-being', 'Mental well-being'), ('Public support and demand for healthy products', 'Cost of unhealthy foods'), ('Musculoskeletal pain', 'Physical well-being'), ('Coronary heart diseases', 'Exercise')]"
